Sat Apr 18 2020 18:47:58 GMT-0400 (Eastern Daylight Time)
15.0562,15.0539,15.0536,15.0536,15.0532,15.0536,15.0547,15.0543,15.0547,15.0547,15.0547,15.0547,15.0553,15.0554,15.0562,15.0557,15.0553,15.0555,15.0552,15.056,15.0556,15.0556,15.057,15.0567,15.0565,15.0565,15.0572,15.0572,15.0582,15.0577,15.058,15.058,15.058,15.0612,15.0612,15.0606,15.0606,15.0603,15.0607,15.0607,15.0607,15.0605,15.0614,15.0614,15.0615,15.0618,15.0621,15.062,15.0614,15.0616,15.0619,15.0618,15.0616,15.0602,15.0605,15.0605,15.0615,15.0615,15.0619,15.0616,
Sat Apr 18 2020 18:48:58 GMT-0400 (Eastern Daylight Time)
15.0613,15.0606,15.0603,15.0606,15.0597,15.0594,15.0591,15.0585,15.0585,15.0585,15.0588,15.0585,15.0582,15.0582,15.058,15.0575,15.0575,15.0578,15.0572,15.0572,15.0572,15.0572,15.058,15.0579,15.0579,15.0571,15.0573,15.0566,15.0566,15.0564,15.0561,15.0564,15.0563,15.0569,15.0576,15.0576,15.0576,15.0588,15.0594,15.058,15.0602,15.0603,15.0611,15.0611,15.0603,15.058,15.0598,15.0609,15.0605,15.0602,15.0602,15.0599,15.0595,15.0592,15.0589,15.058,15.0578,15.0581,15.0581,15.0563,
Sat Apr 18 2020 18:49:58 GMT-0400 (Eastern Daylight Time)
15.056,15.0562,15.0559,15.0564,15.0561,15.0558,15.0555,15.0558,15.0565,15.0565,15.055,15.055,15.0539,15.0543,15.0548,15.0552,15.0557,15.0563,15.0563,15.0558,15.0562,15.056,15.056,15.056,15.0557,15.0555,15.0557,15.0557,15.056,15.056,15.056,15.0557,15.0554,15.055,15.0551,15.0558,15.0558,15.0554,15.0553,15.0557,15.0557,15.0551,15.055,15.0563,15.0567,15.0572,15.0572,15.057,15.057,15.0569,15.0565,15.0572,15.058,15.058,15.058,15.058,15.0578,15.0579,15.0582,15.057,
Sat Apr 18 2020 18:50:58 GMT-0400 (Eastern Daylight Time)
15.0565,15.0557,15.0569,15.0574,15.057,15.0572,15.0575,15.0569,15.0571,15.0571,15.0565,15.0572,15.0574,15.0582,15.0588,15.0592,15.0582,15.0587,15.0587,15.0589,15.0584,15.058,15.0582,15.0587,15.0587,15.0602,15.0592,15.0613,15.0613,15.0607,15.0607,15.0602,15.0602,15.0601,15.0595,15.0587,15.0587,15.0561,15.0561,15.0564,15.0572,15.0583,15.059,15.0583,15.0585,15.0581,15.0583,15.0583,15.0587,15.0591,15.0591,15.0598,15.0593,15.0592,15.0589,15.0578,15.0576,15.0576,15.0575,15.0575,
Sat Apr 18 2020 18:51:58 GMT-0400 (Eastern Daylight Time)
15.0572,15.0585,15.0578,15.0576,15.0578,15.0578,15.0578,15.0576,15.0576,15.0563,15.0566,15.0573,15.0573,15.0573,15.0576,15.0573,15.056,15.0551,15.0554,15.0554,15.0551,15.0555,15.0555,15.0532,15.0535,15.0539,15.0541,15.0527,15.054,15.0528,15.0525,15.0535,15.0519,15.0519,15.0512,15.0512,15.0514,15.0503,15.0503,15.051,15.0504,15.051,15.051,15.0517,15.0514,15.0518,15.0518,15.0518,15.051,15.0508,15.0505,15.0502,15.0494,15.0491,15.0491,15.0492,15.0489,15.0482,15.0482,15.0479,
Sat Apr 18 2020 18:52:58 GMT-0400 (Eastern Daylight Time)
15.0483,15.0483,15.0492,15.0495,15.0495,15.0495,15.0492,15.0495,15.0498,15.0498,15.0498,15.0499,15.0496,15.0503,15.0506,15.0502,15.0504,15.0489,15.0478,15.0475,15.0475,15.0475,15.0464,15.0461,15.0453,15.0444,15.0448,15.0448,15.0448,15.0452,15.0434,15.0434,15.0437,15.0442,15.0439,15.0434,15.0437,15.0406,15.0394,15.0396,15.0389,15.0396,15.0406,15.0399,15.0397,15.0402,15.0402,15.038,15.0387,15.0383,15.038,15.0385,15.0385,15.0368,15.036,15.0352,15.0352,15.0352,15.0352,15.0348,
Sat Apr 18 2020 18:53:58 GMT-0400 (Eastern Daylight Time)
15.0346,15.0323,15.0316,15.0311,15.0311,15.0306,15.0304,15.0304,15.0301,15.0294,15.0286,15.0294,15.0294,15.0296,15.0293,15.0293,15.0288,15.029,15.0284,15.0275,15.0281,15.0285,15.0283,15.0278,15.0295,15.0269,15.0255,15.0245,15.0245,15.0239,15.0233,15.0233,15.0236,15.024,15.0243,15.0245,15.0251,15.026,15.0263,15.0269,15.0272,15.0281,15.0286,15.0283,15.0285,15.0266,15.0266,15.0263,15.0256,15.0256,15.0243,15.0243,15.0242,15.0247,15.0243,15.0246,15.025,15.0255,15.0266,15.0263,
Sat Apr 18 2020 18:54:58 GMT-0400 (Eastern Daylight Time)
15.0259,15.0255,15.0246,15.0254,15.0281,15.0284,15.0278,15.0275,15.0264,15.0266,15.0266,15.0266,15.0259,15.0253,15.0252,15.0245,15.0245,15.0234,15.0235,15.0238,15.0238,15.0235,15.0235,15.0238,15.0242,15.0229,15.0229,15.023,15.024,15.0226,15.0199,15.0193,15.02,15.0206,15.0192,15.0194,15.0194,15.0189,15.0189,15.0191,15.0187,15.0188,15.0185,15.0179,15.0179,15.0168,15.017,15.0179,15.0176,15.0191,15.0191,15.0191,15.0191,15.0196,15.0196,15.0192,15.0192,15.0197,15.0202,15.0198,
Sat Apr 18 2020 18:55:58 GMT-0400 (Eastern Daylight Time)
15.0198,15.0201,15.0199,15.0201,15.0198,15.0206,15.0217,15.022,15.0213,15.0209,15.0206,15.0211,15.0211,15.0211,15.0226,15.0226,15.0221,15.0218,15.021,15.0217,15.0223,15.0223,15.0224,15.0222,15.0222,15.0234,15.0234,15.0224,15.021,15.0214,15.0213,15.0213,15.0207,15.0216,15.0225,15.0226,15.0244,15.0247,15.0251,15.0251,15.0255,15.0255,15.0255,15.0285,15.0285,15.0277,15.0265,15.0268,15.0264,15.0251,15.0248,15.0257,15.0254,15.0254,15.0262,15.0265,15.0261,15.0267,15.0271,15.0268,
Sat Apr 18 2020 18:56:58 GMT-0400 (Eastern Daylight Time)
15.0263,15.0263,15.026,15.024,15.024,15.0241,15.0247,15.0244,15.0241,15.0235,15.0235,15.0239,15.0239,15.0227,15.0224,15.0215,15.0225,15.0212,15.0202,15.02,15.0194,15.0203,15.0202,15.0197,15.0195,15.0192,15.0198,15.0198,15.0193,15.0193,15.0187,15.0183,15.0187,15.0193,15.0203,15.0203,15.0204,15.0204,15.0211,15.0211,15.0215,15.0212,15.0221,15.0218,15.0244,15.0237,15.0235,15.0235,15.0253,15.0256,15.0258,15.0255,15.0259,15.0259,15.0259,15.0263,15.0267,15.0258,15.0255,15.0243,
Sat Apr 18 2020 18:57:58 GMT-0400 (Eastern Daylight Time)
15.0239,15.0242,15.0245,15.0245,15.0245,15.0245,15.0242,15.0242,15.0246,15.0249,15.0246,15.0246,15.0248,15.0235,15.024,15.0236,15.0239,15.0235,15.0235,15.023,15.0233,15.0222,15.0226,15.0221,15.0222,15.0227,15.0228,15.0233,15.0238,15.0238,15.0241,15.0244,15.0244,15.0237,15.0237,15.0232,15.0218,15.0225,15.0234,15.0229,15.0207,15.0198,15.0193,15.0204,15.021,15.021,15.0204,15.0199,15.0197,15.0199,15.0203,15.0208,15.0202,15.0211,15.0206,15.0202,15.0197,15.02,15.0203,15.0194,
Sat Apr 18 2020 18:58:58 GMT-0400 (Eastern Daylight Time)
15.0189,15.0189,15.0197,15.0199,15.0196,15.0206,15.02,15.0203,15.0214,15.0216,15.0214,15.0215,15.0209,15.0209,15.0212,15.0216,15.0216,15.0213,15.0216,15.0213,15.021,15.021,15.0219,15.0212,15.0216,15.0218,15.0206,15.0206,15.0206,15.0202,15.0192,15.0192,15.0186,15.0188,15.0189,15.0192,15.019,15.0188,15.0181,15.0181,15.0181,15.0173,15.0179,15.0183,15.0183,15.0191,15.0206,15.0206,15.021,15.0208,15.0209,15.0212,15.0218,15.0218,15.0216,15.0243,15.0243,15.0245,15.0239,15.0239,
Sat Apr 18 2020 18:59:59 GMT-0400 (Eastern Daylight Time)
15.0227,15.0222,15.022,15.022,15.0216,15.0217,15.0224,15.0224,15.0252,15.0252,15.0261,15.0261,15.0261,15.0258,15.0262,15.0262,15.026,15.0263,15.0262,15.0262,15.0259,15.0254,15.0251,15.0253,15.0256,15.0256,15.0259,15.0265,15.0255,15.025,15.0252,15.0256,15.0265,15.0265,15.0265,15.0265,15.0262,15.0265,15.0265,15.026,15.0263,15.0266,15.0281,15.0283,15.0275,15.0243,15.0238,15.0249,15.025,15.0256,15.0256,15.0256,15.0252,15.0255,15.0262,15.0256,15.0256,15.0249,15.0254,15.0254,
Sat Apr 18 2020 19:00:58 GMT-0400 (Eastern Daylight Time)
15.0242,15.0231,15.0239,15.0242,15.0236,15.0243,15.025,15.0252,15.0239,15.0238,15.0236,15.0232,15.0226,15.0231,15.024,15.0244,15.0244,15.0244,15.0263,15.0263,15.0267,15.0265,15.027,15.0268,15.027,15.027,15.0275,15.028,15.0282,15.0282,15.0286,15.0286,15.0283,15.0292,15.0297,15.0298,15.029,15.0297,15.0295,15.0303,15.03,15.03,15.0297,15.0292,15.0296,15.0292,15.0306,15.0315,15.0318,15.0321,15.0323,15.0323,15.0319,15.0319,15.0322,15.0319,15.0315,15.0295,15.0289,15.0291,
Sat Apr 18 2020 19:01:59 GMT-0400 (Eastern Daylight Time)
15.0285,15.0285,15.029,15.0294,15.0288,15.0285,15.028,15.0284,15.0286,15.0269,15.026,15.026,15.0255,15.0227,15.0215,15.0218,15.0218,15.0226,15.0226,15.0222,15.0222,15.0222,15.0222,15.0229,15.0236,15.0239,15.0231,15.0239,15.0258,15.0258,15.027,15.0267,15.0274,15.0274,15.0279,15.0279,15.0267,15.0267,15.0267,15.0276,15.0275,15.0275,15.0285,15.0288,15.0281,15.0278,15.0288,15.0287,15.0287,15.0283,15.0291,15.0292,15.0294,15.0297,15.0297,15.029,15.029,15.0294,15.0291,15.0291,
Sat Apr 18 2020 19:02:58 GMT-0400 (Eastern Daylight Time)
15.0291,15.0286,15.0285,15.0293,15.0289,15.03,15.03,15.0304,15.0299,15.0301,15.0301,15.0297,15.03,15.03,15.03,15.0294,15.0294,15.0308,15.0311,15.0311,15.0321,15.0327,15.0344,15.0339,15.0342,15.0328,15.0329,15.0324,15.0324,15.0328,15.0325,15.0321,15.0321,15.0324,15.0326,15.0324,15.0327,15.033,15.0323,15.033,15.0326,15.0323,15.0318,15.0303,15.0313,15.0313,15.0307,15.0319,15.0319,15.0325,15.032,15.032,15.0303,15.0299,15.0296,15.0298,15.0294,15.0291,15.0288,15.0282,
Sat Apr 18 2020 19:03:59 GMT-0400 (Eastern Daylight Time)
15.0285,15.0285,15.0285,15.0289,15.0297,15.0297,15.0293,15.0299,15.0294,15.0297,15.0294,15.0281,15.0281,15.0282,15.0282,15.0286,15.0286,15.0289,15.0289,15.0289,15.0286,15.0286,15.0286,15.0292,15.0295,15.0289,15.0299,15.0302,15.0297,15.03,15.0297,15.029,15.0295,15.0295,15.0303,15.0282,15.0282,15.0283,15.0283,15.028,15.0283,15.0283,15.0287,15.028,15.0276,15.0276,15.0278,15.0285,15.0289,15.0291,15.0291,15.0305,15.0311,15.0312,15.0307,15.0301,15.0304,15.0301,15.0297,15.0292,
Sat Apr 18 2020 19:04:58 GMT-0400 (Eastern Daylight Time)
15.0301,15.0301,15.0301,15.028,15.0282,15.0278,15.0281,15.0274,15.0277,15.0274,15.0274,15.0255,15.0251,15.0252,15.0245,15.0247,15.0255,15.0248,15.0248,15.0247,15.0247,15.0251,15.0257,15.0254,15.0263,15.0258,15.0254,15.0248,15.0248,15.0252,15.0252,15.0252,15.0269,15.0269,15.0269,15.0269,15.0273,15.0273,15.0273,15.0284,15.0281,15.0279,15.0276,15.0275,15.0275,15.027,15.0268,15.027,15.0279,15.0276,15.0274,15.0284,15.0279,15.0276,15.0278,15.0273,15.0275,15.0275,15.0272,15.0277,
Sat Apr 18 2020 19:05:58 GMT-0400 (Eastern Daylight Time)
15.0279,15.0285,15.0285,15.0285,15.0288,15.0288,15.0283,15.0285,15.0276,15.027,15.0269,15.0285,15.0285,15.0285,15.029,15.0272,15.0272,15.0265,15.0262,15.0265,15.0269,15.0257,15.0257,15.0265,15.0265,15.026,15.0257,15.0257,15.0265,15.0262,15.0266,15.0257,15.0259,15.0259,15.0259,15.0264,15.0255,15.0244,15.0241,15.0242,15.0236,15.0232,15.0236,15.0245,15.0245,15.0252,15.0252,15.0246,15.0246,15.0236,15.0239,15.0234,15.0228,15.0228,15.023,15.0227,15.0224,15.0208,15.0211,15.0215,
Sat Apr 18 2020 19:06:59 GMT-0400 (Eastern Daylight Time)
15.0215,15.0218,15.0222,15.0238,15.0238,15.0252,15.0246,15.025,15.025,15.025,15.023,15.022,15.0217,15.0224,15.0224,15.0228,15.0228,15.0235,15.0225,15.0225,15.0226,15.0226,15.0228,15.0242,15.0242,15.0245,15.0245,15.0248,15.0253,15.0252,15.0252,15.0248,15.0251,15.0258,15.0258,15.0269,15.0266,15.0271,15.0275,15.0285,15.0285,15.0279,15.0282,15.0284,15.0294,15.0294,15.0298,15.0305,15.0305,15.0305,15.0305,15.0311,15.0313,15.0313,15.0313,15.0317,15.0317,15.0315,15.031,15.0299,
Sat Apr 18 2020 19:07:59 GMT-0400 (Eastern Daylight Time)
15.0313,15.0313,15.0309,15.0312,15.0305,15.0308,15.0303,15.0276,15.0281,15.0275,15.0281,15.0274,15.0274,15.0274,15.0272,15.0314,15.0319,15.0319,15.0319,15.0337,15.0337,15.0341,15.0344,15.0348,15.0346,15.0348,15.0381,15.0392,15.0394,15.0397,15.0399,15.0392,15.0392,15.0389,15.0385,15.0381,15.0384,15.0393,15.0393,15.0389,15.0382,15.0376,15.038,15.0384,15.0384,15.0384,15.0384,15.0368,15.0371,15.0387,15.0391,15.0393,15.0373,15.0369,15.0374,15.0383,15.0385,15.0381,15.0381,15.0389,
Sat Apr 18 2020 19:08:59 GMT-0400 (Eastern Daylight Time)
15.0391,15.0381,15.0383,15.0382,15.0386,15.0385,15.0385,15.0382,15.0385,15.0388,15.0388,15.0378,15.0384,15.0381,15.0381,15.0395,15.0393,15.039,15.039,15.04,15.0406,15.0404,15.0417,15.0417,15.0417,15.0424,15.0424,15.0424,15.043,15.0432,15.0432,15.0445,15.0448,15.0438,15.0423,15.0424,15.0424,15.0424,15.0429,15.0431,15.0428,15.0428,15.0431,15.0429,15.042,15.0437,15.0437,15.0421,15.0424,15.0428,15.0428,15.0428,15.0428,15.0421,15.0425,15.0421,15.0421,15.0418,15.0417,15.0406,
Sat Apr 18 2020 19:09:59 GMT-0400 (Eastern Daylight Time)
15.0406,15.0398,15.0398,15.0398,15.0391,15.0388,15.0381,15.0381,15.0385,15.0375,15.0375,15.0373,15.0376,15.0383,15.0383,15.0379,15.0376,15.0376,15.0377,15.0383,15.038,15.0371,15.0374,15.0365,15.0355,15.0355,15.0357,15.0351,15.0351,15.034,15.0337,15.0331,15.0328,15.0334,15.0316,15.0311,15.0308,15.0311,15.0311,15.0307,15.0315,15.0312,15.0316,15.0312,15.0315,15.0326,15.0329,15.0322,15.0322,15.0322,15.0322,15.0321,15.0318,15.0323,15.0323,15.0335,15.0335,15.0333,15.0333,15.0336,
Sat Apr 18 2020 19:10:58 GMT-0400 (Eastern Daylight Time)
15.0333,15.0338,15.0346,15.0341,15.0345,15.0345,15.034,15.0341,15.0334,15.0334,15.0348,15.0342,15.0341,15.0335,15.0302,15.0302,15.0305,15.03,15.03,15.0303,15.0307,15.0307,15.0306,15.0306,15.0317,15.0317,15.0317,15.0318,15.0321,15.0318,15.0318,15.0328,15.0328,15.0333,15.0338,15.0338,15.0337,15.0345,15.0338,15.0338,15.0339,15.0339,15.0342,15.0345,15.0338,15.0336,15.0336,15.0352,15.0345,15.0348,15.0347,15.0347,15.0335,15.0338,15.0341,15.0343,15.0346,15.0348,15.0352,15.0359,
Sat Apr 18 2020 19:11:59 GMT-0400 (Eastern Daylight Time)
15.0356,15.0357,15.0357,15.0354,15.0351,15.0381,15.0388,15.0388,15.039,15.0394,15.0389,15.0389,15.0394,15.0425,15.0425,15.0423,15.0423,15.0402,15.0402,15.0402,15.0411,15.0411,15.0414,15.0414,15.0413,15.0413,15.042,15.0415,15.0423,15.0423,15.0425,15.0429,15.0428,15.0428,15.0424,15.0424,15.0411,15.0407,15.0418,15.0416,15.0412,15.0412,15.0415,15.0415,15.0412,15.0398,15.0401,15.0394,15.0398,15.0411,15.0393,15.0393,15.0389,15.0423,15.042,15.0414,15.0417,15.0417,15.042,15.0418,
Sat Apr 18 2020 19:12:58 GMT-0400 (Eastern Daylight Time)
15.0408,15.0401,15.0401,15.0401,15.0408,15.0416,15.0419,15.0422,15.0438,15.0441,15.0441,15.0443,15.0435,15.0435,15.0447,15.045,15.0447,15.0444,15.0444,15.0449,15.0448,15.0454,15.0457,15.0463,15.046,15.0463,15.0463,15.0471,15.0483,15.0485,15.0487,15.0483,15.0462,15.0459,15.0458,15.0467,15.0455,15.0455,15.0461,15.0484,15.0485,15.0481,15.0484,15.0489,15.0489,15.0487,15.0492,15.0496,15.0502,15.0506,15.0506,15.0506,15.0498,15.0498,15.0506,15.0499,15.0518,15.0518,15.0493,15.0491,
Sat Apr 18 2020 19:13:58 GMT-0400 (Eastern Daylight Time)
15.0491,15.0493,15.0483,15.0494,15.05,15.0499,15.0497,15.0472,15.0466,15.0466,15.0464,15.0458,15.0461,15.0465,15.0461,15.046,15.0461,15.0461,15.0461,15.0468,15.0481,15.0487,15.0491,15.0487,15.0475,15.0483,15.0477,15.0474,15.0477,15.0476,15.0476,15.0467,15.0463,15.0451,15.0448,15.0444,15.045,15.0448,15.0451,15.0455,15.0449,15.0449,15.045,15.045,15.0452,15.0449,15.0446,15.0439,15.0454,15.0454,15.044,15.044,15.0423,15.0416,15.0413,15.0418,15.0416,15.0414,15.0414,15.042,
Sat Apr 18 2020 19:14:58 GMT-0400 (Eastern Daylight Time)
15.042,15.0412,15.0412,15.0409,15.0395,15.0412,15.0417,15.0413,15.0413,15.0426,15.0426,15.0428,15.0439,15.0439,15.0437,15.0437,15.0443,15.0439,15.0437,15.0441,15.0444,15.043,15.0426,15.0424,15.041,15.0406,15.0391,15.0393,15.0385,15.0381,15.0378,15.0378,15.0388,15.0391,15.0387,15.0384,15.0376,15.0369,15.0369,15.0372,15.0372,15.0366,15.0363,15.0366,15.0373,15.0377,15.0377,15.0377,15.0376,15.0378,15.0375,15.0378,15.0374,15.0368,15.0377,15.0377,15.0382,15.0391,15.0393,15.0401,
Sat Apr 18 2020 19:15:59 GMT-0400 (Eastern Daylight Time)
15.0406,15.0402,15.0402,15.041,15.0413,15.041,15.0405,15.0405,15.0415,15.0415,15.0415,15.0415,15.0418,15.0415,15.0415,15.0398,15.0404,15.0406,15.0401,15.0401,15.041,15.0412,15.0418,15.0418,15.0421,15.0419,15.0419,15.0412,15.0404,15.0404,15.0407,15.0397,15.0399,15.0402,15.0401,15.0401,15.0399,15.0399,15.0404,15.0398,15.0401,15.0401,15.0401,15.0401,15.0397,15.0397,15.0386,15.0386,15.0383,15.038,15.038,15.0379,15.0369,15.0373,15.0376,15.0371,15.0367,15.0367,15.037,15.037,
Sat Apr 18 2020 19:16:58 GMT-0400 (Eastern Daylight Time)
15.0373,15.0373,15.0373,15.0368,15.0375,15.0375,15.0375,15.0371,15.0374,15.0374,15.0379,15.0373,15.0373,15.0373,15.0373,15.0369,15.0366,15.0366,15.0363,15.0353,15.0358,15.0362,15.037,15.0366,15.0369,15.0362,15.0368,15.036,15.035,15.0347,15.0342,15.0345,15.0334,15.0336,15.0338,15.0338,15.0343,15.0343,15.0345,15.0344,15.0345,15.0345,15.0347,15.0376,15.0382,15.0385,15.0385,15.0387,15.0398,15.0401,15.0396,15.0397,15.0397,15.0408,15.0411,15.0402,15.0402,15.0386,15.0389,15.039,
Sat Apr 18 2020 19:17:58 GMT-0400 (Eastern Daylight Time)
15.0392,15.0399,15.0385,15.0383,15.0383,15.0379,15.0349,15.0349,15.0347,15.0354,15.0349,15.0353,15.0356,15.0361,15.0361,15.0354,15.0357,15.0353,15.0353,15.0358,15.0363,15.0363,15.0371,15.0374,15.0372,15.0374,15.0374,15.0376,15.0376,15.0373,15.0378,15.0389,15.0379,15.0387,15.0387,15.0387,15.038,15.0378,15.0384,15.0386,15.038,15.0383,15.0372,15.0382,15.0383,15.0386,15.0389,15.0389,15.0383,15.038,15.0386,15.0392,15.0374,15.0374,15.0381,15.0378,15.0374,15.0369,15.0372,15.0368,
Sat Apr 18 2020 19:18:58 GMT-0400 (Eastern Daylight Time)
15.0354,15.0336,15.0339,15.0334,15.0334,15.0341,15.0335,15.0339,15.0339,15.0337,15.0334,15.0337,15.0337,15.0341,15.0341,15.0341,15.035,15.0362,15.0362,15.0364,15.037,15.0378,15.038,15.0387,15.0384,15.0391,15.0397,15.0394,15.0397,15.0368,15.0359,15.0362,15.0356,15.0352,15.0347,15.0337,15.0337,15.0341,15.0344,15.0366,15.0374,15.0371,15.0371,15.0368,15.0364,15.0362,15.0369,15.0372,15.0372,15.0365,15.0361,15.0359,15.0359,15.0359,15.0355,15.0357,15.0357,15.0362,15.0358,15.0362,
Sat Apr 18 2020 19:19:58 GMT-0400 (Eastern Daylight Time)
15.0367,15.0366,15.0369,15.0365,15.0353,15.0359,15.0363,15.036,15.0375,15.0362,15.0362,15.0356,15.0357,15.0358,15.0358,15.0361,15.0352,15.0355,15.036,15.0365,15.0367,15.0374,15.0378,15.0376,15.0383,15.0394,15.0386,15.0386,15.0384,15.0377,15.0364,15.0364,15.0371,15.0367,15.0367,15.0374,15.0378,15.0375,15.0379,15.0379,15.0386,15.0402,15.04,15.04,15.0397,15.0412,15.0393,15.0388,15.0382,15.0382,15.0385,15.0382,15.0382,15.0381,15.0381,15.0381,15.0385,15.0388,15.0383,15.038,
Sat Apr 18 2020 19:20:59 GMT-0400 (Eastern Daylight Time)
15.0375,15.038,15.0377,15.0388,15.0385,15.0375,15.0369,15.0365,15.0361,15.0364,15.0367,15.0361,15.0361,15.0368,15.0366,15.0363,15.0364,15.036,15.036,15.036,15.0356,15.0361,15.0364,15.0352,15.0345,15.0343,15.0343,15.0343,15.0345,15.0351,15.0359,15.0367,15.0367,15.0374,15.0382,15.0354,15.0354,15.0344,15.0341,15.0341,15.0337,15.0324,15.0331,15.0331,15.0336,15.0336,15.0329,15.0329,15.0332,15.0327,15.0327,15.0322,15.0319,15.0308,15.0297,15.0305,15.0305,15.0304,15.0304,15.0301,
Sat Apr 18 2020 19:21:58 GMT-0400 (Eastern Daylight Time)
15.0287,15.0287,15.0287,15.0281,15.0273,15.0284,15.0291,15.0295,15.0292,15.0299,15.0307,15.0307,15.0311,15.0309,15.0317,15.0316,15.0316,15.0316,15.0314,15.0314,15.0308,15.0314,15.032,15.0313,15.0313,15.0308,15.0302,15.0306,15.0306,15.0304,15.0299,15.0306,15.0306,15.0306,15.0318,15.0313,15.0302,15.0301,15.0308,15.0308,15.0331,15.0332,15.0335,15.0332,15.0335,15.0345,15.0342,15.0341,15.0337,15.0344,15.0348,15.0346,15.0334,15.0326,15.0326,15.0326,15.0323,15.032,15.0316,15.0316,
Sat Apr 18 2020 19:22:58 GMT-0400 (Eastern Daylight Time)
15.0316,15.0319,15.0319,15.0326,15.0326,15.033,15.033,15.0332,15.0332,15.0331,15.0334,15.0329,15.0327,15.0323,15.0326,15.0326,15.033,15.0329,15.0329,15.0327,15.0316,15.0323,15.0316,15.0321,15.0321,15.0323,15.032,15.0322,15.0325,15.0307,15.0293,15.0287,15.0282,15.0265,15.0247,15.0247,15.0253,15.0261,15.0263,15.0266,15.0263,15.0262,15.0255,15.0248,15.0248,15.0245,15.0249,15.0237,15.0253,15.025,15.025,15.0254,15.0257,15.0252,15.0252,15.0252,15.0252,15.0246,15.0242,15.0248,
Sat Apr 18 2020 19:23:58 GMT-0400 (Eastern Daylight Time)
15.0248,15.0251,15.0255,15.0252,15.0252,15.0267,15.027,15.0266,15.0262,15.026,15.0264,15.0261,15.0264,15.0264,15.0264,15.0267,15.0265,15.0264,15.0257,15.0255,15.026,15.0262,15.0257,15.0252,15.0246,15.0243,15.0243,15.0249,15.0262,15.0274,15.0266,15.0266,15.0272,15.0275,15.0285,15.0284,15.0284,15.0282,15.0282,15.0285,15.0285,15.029,15.0296,15.0296,15.0298,15.0308,15.0308,15.0312,15.0316,15.031,15.0326,15.0326,15.0329,15.0322,15.0329,15.0331,15.0326,15.0311,15.031,15.0334,
Sat Apr 18 2020 19:24:59 GMT-0400 (Eastern Daylight Time)
15.0339,15.0342,15.0347,15.0347,15.035,15.0348,15.0348,15.0344,15.0344,15.0344,15.0315,15.032,15.0311,15.0311,15.0308,15.0306,15.0309,15.032,15.0333,15.0335,15.0339,15.0351,15.0353,15.0356,15.0356,15.0354,15.0346,15.0346,15.035,15.0345,15.0349,15.0357,15.0357,15.036,15.0364,15.0364,15.0351,15.0355,15.0347,15.0343,15.0343,15.0343,15.0353,15.0367,15.0367,15.0372,15.0381,15.0386,15.0389,15.0387,15.039,15.0387,15.039,15.0385,15.0378,15.0388,15.0388,15.0385,15.0383,15.0379,
Sat Apr 18 2020 19:25:58 GMT-0400 (Eastern Daylight Time)
15.0387,15.039,15.0383,15.038,15.038,15.0371,15.0377,15.0377,15.0379,15.0383,15.0375,15.0382,15.0376,15.0368,15.0369,15.0373,15.0376,15.0379,15.0377,15.0382,15.0382,15.0375,15.0375,15.0394,15.0394,15.0405,15.0411,15.0408,15.0408,15.0408,15.0408,15.0404,15.0404,15.04,15.0411,15.0408,15.0408,15.041,15.0408,15.0413,15.0418,15.0418,15.0414,15.0412,15.0405,15.0402,15.0396,15.0398,15.037,15.0377,15.0375,15.0374,15.0381,15.0373,15.0379,15.0379,15.0377,15.0377,15.0364,15.0364,
Sat Apr 18 2020 19:27:58 GMT-0400 (Eastern Daylight Time)
15.0358,15.0407,15.0406,15.0399,15.0386,15.0376,15.0377,15.0384,15.0387,15.0392,15.0392,15.0392,15.0392,15.0392,15.04,15.0398,15.0392,15.0396,15.0402,15.0399,15.0399,15.0414,15.0417,15.0413,15.0413,15.0417,15.0412,15.0412,15.0412,15.0436,15.0443,15.0439,15.0435,15.0424,15.0413,15.0414,15.0414,15.0408,15.0414,15.0416,15.042,15.0417,15.0417,15.0421,15.0426,15.0402,15.0405,15.0407,15.0407,15.0404,15.0404,15.0408,15.0408,15.0398,15.0427,15.0418,15.0418,15.0417,15.0419,15.0425,
Sat Apr 18 2020 19:29:59 GMT-0400 (Eastern Daylight Time)
15.043,15.0378,15.0383,15.0381,15.0379,15.0383,15.037,15.0374,15.0374,15.036,15.0366,15.0377,15.038,15.0384,15.0389,15.0387,15.0384,15.0384,15.0377,15.0361,15.0368,15.0396,15.0393,15.0393,15.0393,15.039,15.039,15.0384,15.0363,15.0368,15.0371,15.0365,15.0366,15.0366,15.0366,15.0371,15.0368,15.0353,15.0345,15.0342,15.0342,15.0345,15.0322,15.0312,15.0309,15.0311,15.0311,15.0311,15.0314,15.0319,15.0326,15.0318,15.0323,15.0313,15.0316,15.0312,15.0318,15.0321,15.0345,15.0342,
Sat Apr 18 2020 19:30:58 GMT-0400 (Eastern Daylight Time)
15.0345,15.0348,15.0344,15.0344,15.0344,15.0344,15.0351,15.0361,15.0365,15.0377,15.038,15.038,15.0379,15.0373,15.0366,15.037,15.0365,15.0368,15.0371,15.0368,15.0368,15.036,15.035,15.0351,15.0353,15.0357,15.0352,15.0363,15.0363,15.0361,15.0364,15.0364,15.037,15.0365,15.036,15.0363,15.0367,15.0367,15.0374,15.0374,15.0367,15.0367,15.0387,15.0374,15.0375,15.038,15.0393,15.0396,15.0396,15.0396,15.0385,15.0386,15.0386,15.0372,15.0364,15.0369,15.0376,15.0382,15.0385,15.0385,
Sat Apr 18 2020 19:31:59 GMT-0400 (Eastern Daylight Time)
15.0393,15.0396,15.0393,15.0398,15.0398,15.04,15.0396,15.0399,15.0399,15.0396,15.0392,15.0416,15.0414,15.0414,15.0402,15.0402,15.0398,15.0398,15.04,15.0392,15.0388,15.0388,15.0391,15.0395,15.0395,15.0395,15.0398,15.0398,15.04,15.0396,15.0384,15.0384,15.0388,15.0403,15.0405,15.0403,15.0395,15.0392,15.0402,15.0385,15.0393,15.0393,15.0382,15.0369,15.0375,15.0378,15.0378,15.0375,15.0379,15.0382,15.0388,15.0374,15.0374,15.0377,15.037,15.0367,15.0348,15.0359,15.0357,15.0359,
Sat Apr 18 2020 19:32:59 GMT-0400 (Eastern Daylight Time)
15.0351,15.0351,15.0359,15.0359,15.0359,15.0356,15.0351,15.0351,15.0353,15.0353,15.0357,15.0348,15.0361,15.0361,15.0361,15.0361,15.0364,15.0353,15.0353,15.0358,15.0363,15.0376,15.0376,15.0375,15.0365,15.0361,15.0361,15.0358,15.036,15.0363,15.0367,15.0362,15.0357,15.0357,15.0359,15.0361,15.0349,15.0349,15.0354,15.0351,15.0351,15.0351,15.0348,15.0353,15.0356,15.0353,15.0358,15.0379,15.0379,15.0379,15.0377,15.0371,15.0378,15.0372,15.0372,15.0372,15.0375,15.0378,15.0386,15.0384,
Sat Apr 18 2020 19:33:58 GMT-0400 (Eastern Daylight Time)
15.0377,15.0375,15.038,15.0378,15.0367,15.0367,15.0367,15.0367,15.0373,15.0373,15.0386,15.0389,15.0386,15.0386,15.0389,15.0387,15.0393,15.0363,15.0363,15.036,15.0349,15.0341,15.0341,15.0345,15.035,15.0342,15.0355,15.036,15.0363,15.0355,15.035,15.0344,15.0344,15.0344,15.034,15.0341,15.0338,15.0338,15.0336,15.0329,15.0308,15.0308,15.0309,15.0303,15.0306,15.0306,15.0305,15.031,15.0313,15.0315,15.0315,15.0314,15.0306,15.0329,15.0329,15.034,15.0341,15.0344,15.0355,15.0361,
Sat Apr 18 2020 19:34:59 GMT-0400 (Eastern Daylight Time)
15.0359,15.0355,15.0355,15.0352,15.0352,15.0347,15.035,15.0352,15.0362,15.0362,15.0363,15.0335,15.0335,15.0332,15.0338,15.0345,15.0359,15.0359,15.0356,15.0353,15.0346,15.0336,15.0336,15.0343,15.0343,15.032,15.032,15.0314,15.0308,15.0315,15.0312,15.0289,15.0272,15.0275,15.0272,15.029,15.0293,15.0293,15.0299,15.0296,15.0293,15.03,15.0292,15.0285,15.0282,15.0288,15.0288,15.0283,15.0295,15.0292,15.0298,15.0292,15.0289,15.0282,15.0275,15.0268,15.0268,15.0264,15.0266,15.0253,
Sat Apr 18 2020 19:35:59 GMT-0400 (Eastern Daylight Time)
15.0249,15.024,15.0237,15.0239,15.0234,15.0238,15.0243,15.0245,15.025,15.025,15.0258,15.0264,15.026,15.0253,15.0253,15.025,15.0244,15.0247,15.0247,15.025,15.025,15.0246,15.0246,15.0246,15.025,15.025,15.0253,15.0243,15.0247,15.025,15.025,15.0248,15.0251,15.0255,15.0252,15.0258,15.0263,15.0272,15.0272,15.0268,15.0271,15.026,15.026,15.026,15.026,15.0254,15.0254,15.0252,15.0256,15.0247,15.0251,15.0256,15.0254,15.0251,15.0251,15.0244,15.0244,15.0244,15.0241,15.0243,
Sat Apr 18 2020 19:36:59 GMT-0400 (Eastern Daylight Time)
15.0251,15.0254,15.0261,15.0265,15.0265,15.0262,15.0266,15.026,15.0266,15.0266,15.0266,15.0258,15.0263,15.0263,15.0263,15.0269,15.025,15.0253,15.0251,15.0246,15.0246,15.024,15.024,15.0238,15.0245,15.0249,15.0246,15.0249,15.0257,15.0264,15.0268,15.0272,15.0276,15.0277,15.028,15.028,15.0276,15.0279,15.0278,15.0278,15.0278,15.0278,15.0278,15.0286,15.028,15.0289,15.0266,15.0264,15.0267,15.0267,15.0271,15.0273,15.0268,15.027,15.0267,15.0256,15.0256,15.0259,15.0262,15.0269,
Sat Apr 18 2020 19:38:59 GMT-0400 (Eastern Daylight Time)
15.0268,15.0246,15.0253,15.0263,15.0266,15.0266,15.0258,15.0256,15.0252,15.0255,15.0255,15.026,15.0264,15.0267,15.0267,15.0266,15.0269,15.0269,15.0269,15.0273,15.0273,15.0282,15.0299,15.0287,15.029,15.029,15.029,15.0296,15.03,15.0304,15.0304,15.0301,15.0303,15.0277,15.0277,15.0277,15.0277,15.0278,15.028,15.028,15.0278,15.0273,15.0273,15.0282,15.0282,15.0285,15.0288,15.0273,15.0277,15.0265,15.0261,15.0261,15.0273,15.0273,15.0272,15.0285,15.0297,15.03,15.0303,15.0293,
Sat Apr 18 2020 19:39:59 GMT-0400 (Eastern Daylight Time)
15.029,15.0283,15.0288,15.0288,15.0274,15.0282,15.0282,15.0286,15.0277,15.0274,15.0279,15.0282,15.0274,15.0274,15.0271,15.0271,15.0269,15.0269,15.0274,15.0274,15.0284,15.0284,15.0291,15.0278,15.0273,15.0285,15.0259,15.0262,15.0264,15.0265,15.0265,15.0269,15.0259,15.0263,15.0267,15.0262,15.0274,15.0285,15.0288,15.0294,15.0296,15.0303,15.0301,15.0299,15.0294,15.0297,15.0297,15.0297,15.0305,15.0309,15.0316,15.0316,15.0317,15.0317,15.0317,15.0321,15.0327,15.0324,15.0319,15.0319,
Sat Apr 18 2020 19:40:59 GMT-0400 (Eastern Daylight Time)
15.0319,15.0321,15.0332,15.0337,15.0334,15.0324,15.0319,15.0326,15.0319,15.032,15.032,15.0322,15.0319,15.0324,15.0315,15.0315,15.0314,15.0317,15.0319,15.0315,15.0312,15.0308,15.0308,15.0299,15.0296,15.029,15.0286,15.0289,15.0289,15.0288,15.029,15.029,15.028,15.0283,15.0283,15.0296,15.0299,15.0299,15.0294,15.0288,15.0278,15.0304,15.0304,15.0295,15.0293,15.0297,15.0297,15.0294,15.0292,15.0303,15.03,15.0299,15.0307,15.0307,15.0301,15.0301,15.0284,15.0284,15.0305,15.0305,
Sat Apr 18 2020 19:41:59 GMT-0400 (Eastern Daylight Time)
15.0315,15.0319,15.0321,15.0321,15.0321,15.0326,15.0329,15.0329,15.0338,15.0333,15.0331,15.0331,15.0343,15.0333,15.0335,15.0338,15.0339,15.0341,15.0335,15.0332,15.033,15.0319,15.0316,15.0329,15.0329,15.0335,15.0344,15.0339,15.0339,15.0343,15.0339,15.0339,15.0355,15.0353,15.0355,15.0355,15.0364,15.036,15.0357,15.0357,15.0348,15.0344,15.0347,15.0344,15.0342,15.0348,15.0356,15.0356,15.0352,15.0358,15.0355,15.0352,15.0346,15.0343,15.0336,15.0328,15.0339,15.0333,15.0333,15.0333,
Sat Apr 18 2020 19:42:59 GMT-0400 (Eastern Daylight Time)
15.0334,15.0318,15.0334,15.0334,15.0351,15.0341,15.0334,15.0334,15.0339,15.0346,15.0346,15.0352,15.0335,15.0328,15.0331,15.0334,15.0338,15.0338,15.0335,15.0336,15.0346,15.0348,15.035,15.0348,15.0338,15.0341,15.0346,15.035,15.0348,15.0338,15.032,15.0323,15.0323,15.032,15.032,15.0324,15.0321,15.032,15.032,15.032,15.0321,15.0325,15.0327,15.0337,15.0341,15.0341,15.0341,15.0344,15.0333,15.0336,15.0336,15.0333,15.0314,15.0305,15.0302,15.03,15.03,15.0295,15.0291,15.0291,
Sat Apr 18 2020 19:43:59 GMT-0400 (Eastern Daylight Time)
15.0284,15.0284,15.028,15.0292,15.0297,15.0293,15.0293,15.0296,15.0296,15.03,15.0307,15.0307,15.0305,15.0316,15.0314,15.0314,15.0327,15.033,15.0332,15.0344,15.0353,15.0353,15.0348,15.0348,15.0354,15.0351,15.0345,15.0339,15.0332,15.0342,15.0349,15.0349,15.0346,15.0356,15.0356,15.0357,15.0361,15.0357,15.0357,15.036,15.0369,15.0364,15.0355,15.0358,15.0348,15.0345,15.034,15.0343,15.0349,15.0346,15.0343,15.0353,15.0358,15.0358,15.0358,15.0353,15.034,15.0344,15.0347,15.035,
Sat Apr 18 2020 19:44:59 GMT-0400 (Eastern Daylight Time)
15.0355,15.0358,15.0365,15.0365,15.0336,15.0336,15.0333,15.0337,15.0343,15.0341,15.0338,15.0348,15.0355,15.0355,15.0355,15.0342,15.0352,15.0354,15.0357,15.036,15.036,15.0351,15.0343,15.0349,15.0344,15.0344,15.032,15.0302,15.0299,15.0314,15.0314,15.0314,15.0314,15.03,15.03,15.03,15.0306,15.0303,15.0294,15.0291,15.0295,15.0302,15.0302,15.0297,15.0299,15.0299,15.0303,15.0307,15.031,15.0312,15.0312,15.0314,15.0304,15.0298,15.0298,15.0298,15.0299,15.0295,15.0308,15.0314,
Sat Apr 18 2020 19:45:58 GMT-0400 (Eastern Daylight Time)
15.0312,15.0316,15.0316,15.0319,15.0319,15.0319,15.0323,15.0319,15.0314,15.0312,15.0307,15.0307,15.0307,15.0309,15.0313,15.0311,15.0308,15.0311,15.0308,15.0302,15.0302,15.0318,15.0325,15.0326,15.0323,15.0323,15.0323,15.0316,15.0319,15.0324,15.032,15.0332,15.033,15.0326,15.0316,15.032,15.0325,15.032,15.0323,15.0319,15.0318,15.032,15.0317,15.0306,15.0306,15.0312,15.0312,15.0312,15.0309,15.0311,15.0308,15.0308,15.0313,15.0301,15.0305,15.0312,15.0324,15.0327,15.0327,15.0327,
Sat Apr 18 2020 19:46:58 GMT-0400 (Eastern Daylight Time)
15.0323,15.0321,15.0324,15.0328,15.0321,15.032,15.0323,15.0299,15.0299,15.0291,15.0291,15.0291,15.0291,15.0283,15.0288,15.0291,15.0291,15.029,15.0296,15.0296,15.0296,15.0307,15.031,15.0316,15.0313,15.0297,15.0288,15.0286,15.028,15.0283,15.0279,15.0282,15.0286,15.0276,15.0273,15.0274,15.0274,15.0279,15.0272,15.0269,15.0265,15.0262,15.026,15.0265,15.0271,15.0275,15.0277,15.0274,15.0271,15.0271,15.0273,15.027,15.0264,15.0267,15.0267,15.0273,15.0273,15.0269,15.0255,15.0248,
Sat Apr 18 2020 19:47:58 GMT-0400 (Eastern Daylight Time)
15.0245,15.0238,15.0241,15.0238,15.0238,15.0239,15.0239,15.0239,15.0239,15.0222,15.0222,15.0213,15.0218,15.0231,15.0228,15.0228,15.0228,15.0227,15.0227,15.0227,15.0223,15.0222,15.023,15.0227,15.0227,15.0227,15.0233,15.023,15.023,15.0232,15.0221,15.0227,15.0232,15.0222,15.0226,15.0226,15.0204,15.0211,15.0217,15.0208,15.0211,15.021,15.021,15.0205,15.021,15.0202,15.0196,15.0196,15.018,15.0171,15.0175,15.018,15.0174,15.0173,15.0171,15.0171,15.0173,15.0154,15.0142,15.0146,
Sat Apr 18 2020 19:48:58 GMT-0400 (Eastern Daylight Time)
15.0146,15.0137,15.0143,15.0143,15.0139,15.0128,15.0135,15.0129,15.0129,15.0137,15.0139,15.0139,15.0123,15.0126,15.0119,15.0119,15.0123,15.0129,15.0126,15.0126,15.0129,15.0136,15.0145,15.0147,15.0154,15.0154,15.0147,15.0148,15.0153,15.016,15.0157,15.0137,15.0122,15.0119,15.0108,15.0104,15.0102,15.0105,15.0118,15.01,15.0105,15.0105,15.0105,15.0101,15.0103,15.01,15.0104,15.009,15.0075,15.0073,15.0069,15.0069,15.0069,15.0067,15.0067,15.0068,15.0068,15.0059,15.0059,15.0062,
Sat Apr 18 2020 19:49:58 GMT-0400 (Eastern Daylight Time)
15.0058,15.006,15.0061,15.0061,15.0058,15.0051,15.0054,15.0058,15.0056,15.0054,15.0045,15.0045,15.0043,15.0049,15.0052,15.0038,15.0038,15.002,15.0018,15.0015,15.0019,15.0022,15.0022,15.0016,15.0016,15.0011,15.0008,15.0008,15.0005,15.001,15.0007,15.0005,15.001,15.001,15.0014,15.0019,15.0019,15.0018,15.0017,15.0006,14.9998,15.0023,15.003,15.003,15.0036,15.0044,15.0044,15.0051,15.0054,15.0066,15.0066,15.0078,15.0078,15.0084,15.0084,15.0079,15.0082,15.0085,15.0063,15.0063,
Sat Apr 18 2020 19:50:59 GMT-0400 (Eastern Daylight Time)
15.0051,15.0054,15.0055,15.0049,15.0042,15.0049,15.0047,15.004,15.0037,15.0033,15.0036,15.004,15.004,15.004,15.0035,15.0029,15.0029,15.0029,15.0013,15.001,15.0004,15.001,15.0008,15.0008,15.0003,14.9995,14.9989,14.9986,14.9986,14.9979,14.9977,14.9977,14.9982,14.9979,14.9983,14.9979,14.9979,14.9985,14.9971,14.9968,14.9968,14.9973,14.9969,14.9973,14.9973,14.9972,14.9969,14.9979,14.9982,14.9977,14.9977,14.9971,14.9968,14.9985,14.9992,14.9996,15.0002,14.9998,14.9999,14.9992,
Sat Apr 18 2020 19:51:58 GMT-0400 (Eastern Daylight Time)
14.9984,14.9976,14.9979,14.9979,14.9972,14.9968,14.9965,14.9947,14.9947,14.9936,14.9936,14.9933,14.9935,14.9934,14.9934,14.993,14.993,14.9929,14.9947,14.9953,14.9953,14.9944,14.9944,14.9951,14.9951,14.9948,14.9948,14.9949,14.9946,14.9917,14.9923,14.992,14.9918,14.9914,14.9914,14.9912,14.9908,14.9911,14.9907,14.9904,14.9907,14.9893,14.9895,14.9883,14.9882,14.9862,14.9862,14.9885,14.989,14.989,14.989,14.989,14.989,14.9889,14.9885,14.9888,14.9885,14.9885,14.9884,14.9879,
Sat Apr 18 2020 19:52:59 GMT-0400 (Eastern Daylight Time)
14.9879,14.9876,14.9879,14.9865,14.9878,14.9875,14.9861,14.9869,14.9872,14.9869,14.9873,14.9873,14.9873,14.9874,14.9879,14.9875,14.988,14.9883,14.9886,14.99,14.99,14.9903,14.9897,14.9899,14.9902,14.9891,14.9871,14.9873,14.9875,14.988,14.9873,14.9877,14.9866,14.986,14.986,14.986,14.9858,14.9858,14.9865,14.9862,14.9859,14.9856,14.986,14.9863,14.9861,14.9863,14.987,14.9868,14.987,14.987,14.9866,14.9866,14.9862,14.9872,14.9876,14.9876,14.9873,14.9877,14.9884,14.9879,
Sat Apr 18 2020 19:53:58 GMT-0400 (Eastern Daylight Time)
14.9879,14.9872,14.9869,14.9872,14.9876,14.9885,14.9888,14.9883,14.9886,14.9881,14.988,14.9879,14.9883,14.9883,14.9856,14.986,14.986,14.986,14.9848,14.9852,14.986,14.9859,14.9856,14.9856,14.9847,14.9851,14.9848,14.9846,14.984,14.984,14.9839,14.9809,14.9802,14.9795,14.9782,14.9792,14.9792,14.9787,14.9797,14.9799,14.9795,14.9805,14.9817,14.9813,14.9813,14.9818,14.9834,14.984,14.9824,14.9824,14.9824,14.983,14.9834,14.983,14.9832,14.9832,14.9834,14.9834,14.9834,14.9828,
Sat Apr 18 2020 19:54:59 GMT-0400 (Eastern Daylight Time)
14.9825,14.9825,14.9827,14.9832,14.9818,14.9818,14.9822,14.9819,14.9827,14.9827,14.9827,14.9824,14.983,14.9821,14.9827,14.9827,14.9851,14.9853,14.9854,14.9843,14.9853,14.9851,14.9844,14.984,14.986,14.986,14.986,14.986,14.986,14.986,14.9848,14.9843,14.9843,14.9841,14.9841,14.9841,14.9854,14.9854,14.9854,14.987,14.9873,14.9877,14.9883,14.9883,14.9879,14.9877,14.9876,14.9885,14.9885,14.9871,14.9862,14.9885,14.9883,14.9883,14.9896,14.9913,14.9909,14.9905,14.9895,14.9895,
Sat Apr 18 2020 19:55:59 GMT-0400 (Eastern Daylight Time)
14.9895,14.9895,14.9891,14.9887,14.9885,14.9887,14.9891,14.9892,14.9892,14.9892,14.9884,14.9877,14.9874,14.9868,14.9871,14.9877,14.9874,14.9868,14.9871,14.9878,14.9875,14.9875,14.9872,14.9878,14.9864,14.9868,14.9875,14.9875,14.9875,14.9875,14.9877,14.9877,14.9877,14.9877,14.9873,14.9873,14.9869,14.9866,14.9875,14.9847,14.9847,14.9857,14.9872,14.9874,14.9876,14.9876,14.9878,14.9876,14.9873,14.987,14.987,14.9874,14.9871,14.9887,14.9895,14.9899,14.9898,14.9875,14.9877,14.9872,
Sat Apr 18 2020 19:56:58 GMT-0400 (Eastern Daylight Time)
14.9853,14.985,14.9845,14.9847,14.9847,14.9848,14.9859,14.9857,14.9848,14.9848,14.9858,14.9858,14.9867,14.9868,14.9876,14.9876,14.9868,14.9865,14.9874,14.9871,14.9871,14.9874,14.9883,14.9883,14.988,14.988,14.989,14.9897,14.9897,14.9897,14.9891,14.9899,14.9895,14.9908,14.9906,14.9909,14.9909,14.9909,14.9899,14.9903,14.9903,14.989,14.988,14.988,14.9882,14.9879,14.9876,14.9876,14.988,14.9865,14.9857,14.9827,14.9827,14.9827,14.9828,14.9831,14.9825,14.9828,14.983,14.9834,
Sat Apr 18 2020 19:57:59 GMT-0400 (Eastern Daylight Time)
14.9827,14.9834,14.9832,14.9827,14.983,14.9834,14.9839,14.9838,14.9845,14.9855,14.988,14.9874,14.9874,14.9871,14.9868,14.987,14.987,14.9864,14.9868,14.9868,14.9865,14.9837,14.9837,14.9832,14.9825,14.9827,14.9825,14.9831,14.9838,14.9848,14.9835,14.9835,14.9835,14.9829,14.9832,14.9829,14.9826,14.9824,14.9822,14.9816,14.9819,14.9828,14.9828,14.9825,14.9829,14.9829,14.9832,14.9835,14.9836,14.9834,14.9844,14.9841,14.9841,14.9842,14.9845,14.985,14.9848,14.9848,14.9854,14.985,
Sat Apr 18 2020 19:58:59 GMT-0400 (Eastern Daylight Time)
14.9857,14.9857,14.9858,14.9847,14.9853,14.9865,14.9857,14.9857,14.9851,14.9834,14.9827,14.9827,14.9831,14.9834,14.9832,14.983,14.983,14.983,14.9829,14.9837,14.9838,14.9838,14.9838,14.9834,14.9835,14.9835,14.9835,14.9843,14.9843,14.9843,14.9846,14.9846,14.9849,14.9846,14.9856,14.9853,14.9853,14.9856,14.9857,14.9861,14.9861,14.986,14.9864,14.9855,14.9855,14.9852,14.9855,14.9846,14.985,14.985,14.9856,14.9847,14.9836,14.9839,14.9831,14.9831,14.9837,14.9837,14.9843,14.9846,
Sat Apr 18 2020 19:59:59 GMT-0400 (Eastern Daylight Time)
14.9849,14.9843,14.9851,14.9842,14.9842,14.9839,14.9834,14.9831,14.9836,14.9827,14.9823,14.9816,14.9789,14.979,14.9782,14.9784,14.98,14.9807,14.981,14.981,14.981,14.9816,14.9809,14.9813,14.9824,14.9816,14.982,14.9822,14.9825,14.9821,14.9817,14.9817,14.9822,14.9822,14.9827,14.9827,14.982,14.9817,14.9814,14.9832,14.9839,14.9839,14.9833,14.9833,14.9833,14.9833,14.9812,14.9812,14.9822,14.9825,14.9831,14.9827,14.9827,14.9818,14.9814,14.9812,14.9816,14.9813,14.9796,14.9801,
Sat Apr 18 2020 20:00:59 GMT-0400 (Eastern Daylight Time)
14.9801,14.9804,14.9804,14.9804,14.9804,14.9804,14.9804,14.9797,14.9806,14.9812,14.9811,14.9811,14.9811,14.9808,14.9812,14.9812,14.9829,14.9824,14.982,14.9822,14.9828,14.9832,14.9827,14.9835,14.9833,14.9833,14.9838,14.9841,14.9843,14.9845,14.9834,14.9839,14.9839,14.9839,14.9846,14.9846,14.9846,14.9844,14.9844,14.9844,14.9847,14.9847,14.9871,14.9866,14.9869,14.9857,14.9849,14.9862,14.9866,14.985,14.9856,14.9853,14.9846,14.9845,14.9856,14.9858,14.9858,14.9858,14.9852,14.9855,
Sat Apr 18 2020 20:01:58 GMT-0400 (Eastern Daylight Time)
14.9855,14.9858,14.9835,14.9843,14.9845,14.9845,14.9845,14.9848,14.9848,14.9842,14.9838,14.9839,14.9826,14.9821,14.9821,14.9824,14.9827,14.9825,14.982,14.9815,14.9815,14.9812,14.9817,14.9813,14.9815,14.9811,14.9814,14.9817,14.9809,14.9809,14.9798,14.9806,14.9799,14.9799,14.9799,14.9811,14.9811,14.9811,14.9788,14.9791,14.9802,14.9796,14.9796,14.9789,14.9784,14.9784,14.9784,14.9803,14.9803,14.9803,14.9786,14.9789,14.9786,14.9786,14.9789,14.9787,14.979,14.979,14.979,14.9807,
Sat Apr 18 2020 20:02:59 GMT-0400 (Eastern Daylight Time)
14.9807,14.9807,14.9807,14.9811,14.9815,14.9808,14.9808,14.9808,14.9802,14.981,14.9812,14.9823,14.9821,14.9812,14.9818,14.9829,14.9829,14.9834,14.9834,14.9837,14.9838,14.9838,14.9829,14.9827,14.983,14.983,14.983,14.983,14.9825,14.9822,14.9829,14.9832,14.9831,14.9834,14.9831,14.9824,14.9822,14.983,14.983,14.9829,14.9829,14.9829,14.983,14.9837,14.9832,14.9829,14.982,14.9808,14.9814,14.9807,14.9803,14.9805,14.9805,14.9808,14.9808,14.9814,14.9826,14.9829,14.9823,14.9823,
Sat Apr 18 2020 20:03:58 GMT-0400 (Eastern Daylight Time)
14.9823,14.9825,14.9825,14.9832,14.9825,14.9829,14.9833,14.9837,14.9837,14.9837,14.9835,14.9835,14.9835,14.9835,14.9835,14.9843,14.9851,14.9849,14.9853,14.9873,14.9876,14.9876,14.9879,14.9847,14.9853,14.9856,14.9856,14.9862,14.9864,14.9874,14.9866,14.9867,14.9864,14.9869,14.9867,14.9865,14.9853,14.9864,14.9864,14.9863,14.9863,14.9866,14.9862,14.9859,14.9856,14.9853,14.9875,14.9866,14.9858,14.9858,14.9848,14.9854,14.9857,14.9857,14.9859,14.9851,14.9851,14.984,14.984,14.9854,
Sat Apr 18 2020 20:04:59 GMT-0400 (Eastern Daylight Time)
14.9863,14.9859,14.9857,14.9846,14.985,14.9858,14.9858,14.9856,14.9856,14.9856,14.9858,14.986,14.9857,14.9858,14.9854,14.9853,14.9849,14.9851,14.9845,14.9845,14.9842,14.9838,14.9834,14.9831,14.985,14.9855,14.9859,14.9859,14.9861,14.9861,14.9857,14.9851,14.9855,14.9855,14.9852,14.9853,14.985,14.985,14.9822,14.9822,14.9818,14.9816,14.9818,14.9825,14.9827,14.9844,14.9847,14.9848,14.9841,14.9837,14.9847,14.9834,14.9834,14.9843,14.9843,14.9838,14.9834,14.9834,14.9836,14.9838,
Sat Apr 18 2020 20:05:59 GMT-0400 (Eastern Daylight Time)
14.9834,14.983,14.9832,14.9835,14.9825,14.9825,14.9822,14.983,14.9832,14.9832,14.9832,14.9825,14.9825,14.9828,14.9828,14.9824,14.9824,14.9833,14.9828,14.9834,14.9834,14.9829,14.9833,14.9841,14.9846,14.9845,14.9841,14.9841,14.9829,14.9832,14.9826,14.9819,14.9823,14.9839,14.9839,14.9833,14.983,14.9827,14.981,14.9808,14.9806,14.9804,14.9807,14.9811,14.9814,14.9811,14.9828,14.9836,14.9839,14.9836,14.9829,14.9826,14.9817,14.9813,14.9809,14.9792,14.9792,14.9792,14.9784,14.9788,
Sat Apr 18 2020 20:07:59 GMT-0400 (Eastern Daylight Time)
14.9792,14.9785,14.9793,14.9793,14.979,14.9793,14.9803,14.9801,14.9801,14.9801,14.9799,14.9814,14.9821,14.9821,14.9817,14.981,14.9813,14.981,14.9808,14.9808,14.9815,14.9818,14.9814,14.9833,14.9827,14.9827,14.9827,14.9816,14.9811,14.9823,14.9772,14.984,14.9841,14.9841,14.9853,14.9849,14.9852,14.9842,14.9839,14.9839,14.9836,14.9836,14.9836,14.9836,14.9833,14.9831,14.9831,14.9831,14.9828,14.9823,14.9823,14.9818,14.9821,14.9829,14.9829,14.9817,14.9823,14.9826,14.9824,14.9824,
Sat Apr 18 2020 20:08:59 GMT-0400 (Eastern Daylight Time)
14.9818,14.9821,14.9824,14.984,14.9836,14.9841,14.9825,14.9825,14.9833,14.983,14.983,14.9835,14.9835,14.9835,14.9838,14.984,14.9843,14.9848,14.9848,14.9848,14.9843,14.9843,14.9843,14.9857,14.9852,14.9871,14.9874,14.9877,14.987,14.987,14.987,14.987,14.9872,14.9878,14.9875,14.9875,14.987,14.9883,14.988,14.9883,14.9888,14.9888,14.9888,14.9888,14.9883,14.9883,14.9879,14.9879,14.9896,14.991,14.9914,14.9912,14.9914,14.9911,14.9918,14.9914,14.9918,14.9915,14.9923,14.992,
Sat Apr 18 2020 20:09:58 GMT-0400 (Eastern Daylight Time)
14.9909,14.9909,14.9912,14.9907,14.99,14.9899,14.9899,14.99,14.9879,14.9876,14.9876,14.9871,14.9875,14.9875,14.9875,14.9867,14.9874,14.9874,14.9877,14.9877,14.988,14.9876,14.9879,14.988,14.9899,14.9897,14.9897,14.9892,14.9905,14.9917,14.9897,14.9891,14.9902,14.9898,14.9898,14.9893,14.9891,14.9891,14.9891,14.9888,14.9898,14.9903,14.9903,14.9891,14.9892,14.989,14.988,14.9882,14.9889,14.9893,14.9886,14.9882,14.9882,14.9882,14.9886,14.9882,14.9879,14.9883,14.9879,14.9879,
