Sun Apr 19 2020 14:36:00 GMT-0400 (Eastern Daylight Time)
14.7451,14.7439,14.7439,14.7439,14.7441,14.7438,14.7435,14.7439,14.7435,14.7435,14.7435,14.745,14.745,14.7453,14.7456,14.7459,14.7449,14.7447,14.7456,14.7454,14.7458,14.7458,14.744,14.7414,14.741,14.7422,14.7422,14.7422,14.741,14.741,14.7423,14.742,14.7408,14.7415,14.7413,14.7421,14.7441,14.7458,14.7465,14.7465,14.7465,14.745,14.7447,14.7455,14.7453,14.7456,14.7467,14.7474,14.7474,14.7482,14.7482,14.7486,14.7486,14.7483,14.7492,14.7502,14.75,14.7496,14.7489,14.7487,
Sun Apr 19 2020 14:38:00 GMT-0400 (Eastern Daylight Time)
14.7507,14.751,14.7506,14.7502,14.7488,14.7485,14.7482,14.7482,14.7478,14.7481,14.7505,14.7505,14.7499,14.7499,14.7494,14.7491,14.7495,14.7493,14.7467,14.7469,14.7469,14.7469,14.7475,14.7475,14.7475,14.7471,14.7471,14.7474,14.7474,14.7479,14.7468,14.7465,14.7459,14.7463,14.7461,14.7456,14.7456,14.7456,14.7454,14.7454,14.7451,14.7456,14.7459,14.7459,14.7468,14.7462,14.747,14.7472,14.7465,14.7465,14.7465,14.7467,14.7471,14.7471,14.7468,14.7468,14.7468,14.7464,14.7458,14.7457,
Sun Apr 19 2020 14:39:00 GMT-0400 (Eastern Daylight Time)
14.7457,14.7462,14.7462,14.7478,14.7478,14.7475,14.7475,14.7475,14.7479,14.748,14.7491,14.7489,14.7486,14.7484,14.7491,14.7491,14.7487,14.7492,14.7495,14.7495,14.749,14.749,14.7483,14.7479,14.7479,14.7482,14.748,14.7477,14.748,14.7474,14.7487,14.7487,14.7483,14.7487,14.7487,14.748,14.7484,14.75,14.7502,14.7502,14.7509,14.7515,14.7518,14.7511,14.7508,14.7512,14.752,14.7513,14.7513,14.751,14.7507,14.751,14.751,14.751,14.751,14.751,14.7512,14.7513,14.75,14.7505,
Sun Apr 19 2020 14:40:00 GMT-0400 (Eastern Daylight Time)
14.7501,14.7498,14.7498,14.7498,14.7488,14.7485,14.7485,14.7482,14.7477,14.7481,14.7481,14.7481,14.7478,14.7482,14.7473,14.7473,14.7474,14.7474,14.7466,14.7469,14.7463,14.7463,14.7453,14.7452,14.7452,14.7456,14.7445,14.7452,14.7452,14.7453,14.746,14.7462,14.7462,14.7463,14.7471,14.7477,14.7472,14.7472,14.7477,14.7477,14.7479,14.7474,14.7469,14.7469,14.7456,14.7456,14.7461,14.7461,14.7465,14.7462,14.7458,14.7464,14.7464,14.7464,14.7458,14.746,14.746,14.7462,14.7463,14.7467,
Sun Apr 19 2020 14:41:00 GMT-0400 (Eastern Daylight Time)
14.7459,14.7463,14.7463,14.7463,14.7463,14.746,14.7463,14.7466,14.7441,14.7437,14.7429,14.7433,14.7433,14.7439,14.7439,14.7439,14.7439,14.7439,14.7443,14.7446,14.7446,14.7446,14.7446,14.7442,14.7445,14.7445,14.7419,14.7424,14.7422,14.7422,14.7425,14.7428,14.7431,14.7433,14.7423,14.7421,14.7417,14.7417,14.742,14.742,14.7417,14.7417,14.7414,14.7419,14.7416,14.7421,14.742,14.7417,14.7424,14.7426,14.7424,14.7427,14.7413,14.7413,14.7431,14.7406,14.7406,14.7403,14.7405,14.7405,
Sun Apr 19 2020 14:42:00 GMT-0400 (Eastern Daylight Time)
14.7409,14.7409,14.7414,14.7414,14.7427,14.7427,14.7425,14.7432,14.7432,14.7418,14.7417,14.7414,14.7414,14.7419,14.7416,14.7408,14.7403,14.7403,14.7407,14.7399,14.7402,14.74,14.7395,14.7392,14.739,14.7386,14.7393,14.7393,14.739,14.7389,14.7405,14.7401,14.7405,14.7414,14.7413,14.7411,14.7392,14.7397,14.7395,14.7402,14.7402,14.7396,14.7381,14.7381,14.7377,14.737,14.737,14.7365,14.7369,14.7366,14.7368,14.7373,14.7375,14.7379,14.7391,14.7405,14.7402,14.7406,14.7397,14.7393,
Sun Apr 19 2020 14:43:00 GMT-0400 (Eastern Daylight Time)
14.7391,14.7394,14.7394,14.7394,14.7392,14.7392,14.7392,14.7387,14.7382,14.7373,14.7369,14.7365,14.736,14.7357,14.7363,14.7379,14.7379,14.7382,14.7382,14.7404,14.7404,14.7404,14.7403,14.7403,14.7401,14.7404,14.7407,14.7409,14.7404,14.7404,14.7401,14.7403,14.74,14.7394,14.7374,14.7372,14.7369,14.7366,14.7362,14.736,14.7354,14.7354,14.7356,14.7346,14.7341,14.7338,14.7336,14.7336,14.7336,14.7336,14.7321,14.7321,14.7336,14.7344,14.7357,14.7357,14.7358,14.7358,14.7356,14.7356,
Sun Apr 19 2020 14:44:00 GMT-0400 (Eastern Daylight Time)
14.7352,14.7329,14.7335,14.7338,14.7338,14.7333,14.7334,14.733,14.7328,14.7323,14.7323,14.7312,14.7312,14.732,14.7315,14.733,14.7334,14.7337,14.7335,14.7344,14.7346,14.7342,14.7336,14.7338,14.7342,14.7353,14.7359,14.7376,14.7374,14.7378,14.7377,14.7362,14.7359,14.7366,14.7364,14.7364,14.7361,14.7365,14.7372,14.7372,14.7388,14.7388,14.7388,14.7388,14.739,14.7387,14.7383,14.7383,14.7387,14.7387,14.7382,14.7412,14.741,14.7392,14.7395,14.7391,14.7397,14.7406,14.7402,14.7406,
Sun Apr 19 2020 14:45:00 GMT-0400 (Eastern Daylight Time)
14.7404,14.7404,14.7419,14.7419,14.7421,14.7416,14.7409,14.742,14.742,14.743,14.7435,14.7438,14.7438,14.7438,14.7438,14.744,14.7429,14.7433,14.7441,14.7447,14.7447,14.7475,14.7477,14.748,14.748,14.748,14.7473,14.747,14.7466,14.7465,14.7472,14.7458,14.747,14.747,14.7465,14.7463,14.7463,14.7465,14.7471,14.7468,14.7463,14.746,14.7464,14.7474,14.7478,14.7478,14.7478,14.7495,14.7488,14.7485,14.7481,14.7481,14.7481,14.7481,14.7465,14.7471,14.7467,14.7467,14.7464,14.7454,
Sun Apr 19 2020 14:46:00 GMT-0400 (Eastern Daylight Time)
14.7449,14.7453,14.7472,14.7475,14.7481,14.7474,14.7471,14.7473,14.7476,14.7483,14.7482,14.7469,14.7466,14.7466,14.7475,14.7479,14.7483,14.748,14.7475,14.7483,14.7483,14.7495,14.7495,14.7492,14.7489,14.7489,14.7494,14.7498,14.7492,14.7488,14.7478,14.7481,14.7478,14.7482,14.7483,14.7483,14.7482,14.7487,14.7477,14.7481,14.7496,14.7496,14.7493,14.7491,14.7489,14.7492,14.7494,14.7497,14.7497,14.7501,14.7508,14.7502,14.7498,14.75,14.7497,14.7497,14.7497,14.7494,14.7475,14.7472,
Sun Apr 19 2020 14:47:00 GMT-0400 (Eastern Daylight Time)
14.7476,14.7468,14.7458,14.7463,14.7459,14.7463,14.7463,14.747,14.7463,14.7465,14.7458,14.7458,14.7458,14.7476,14.7479,14.7477,14.7477,14.7482,14.7484,14.7498,14.75,14.7505,14.7501,14.7504,14.7498,14.7496,14.7504,14.7502,14.7502,14.7512,14.7515,14.7503,14.7503,14.7503,14.7505,14.7505,14.7514,14.7514,14.7516,14.7514,14.751,14.7503,14.7503,14.75,14.7505,14.7505,14.7502,14.7502,14.7476,14.7479,14.7476,14.748,14.7492,14.7487,14.7487,14.7489,14.7461,14.7464,14.7482,14.7479,
Sun Apr 19 2020 14:48:00 GMT-0400 (Eastern Daylight Time)
14.7477,14.7477,14.7477,14.7477,14.7477,14.7478,14.7478,14.7486,14.7486,14.7486,14.7486,14.749,14.7476,14.7473,14.7476,14.7479,14.7476,14.7473,14.7476,14.7479,14.7485,14.748,14.7484,14.7482,14.7486,14.7491,14.7488,14.7476,14.7473,14.7473,14.7475,14.7483,14.749,14.749,14.749,14.7488,14.7485,14.7493,14.7498,14.7513,14.7507,14.7516,14.7519,14.7517,14.7522,14.7525,14.7529,14.7541,14.7546,14.7551,14.7547,14.7554,14.7557,14.7563,14.7563,14.7563,14.7561,14.7561,14.7565,14.7557,
Sun Apr 19 2020 14:49:00 GMT-0400 (Eastern Daylight Time)
14.756,14.7565,14.7561,14.7561,14.7568,14.7568,14.7565,14.7569,14.7569,14.7564,14.7571,14.7579,14.7573,14.7573,14.7583,14.7593,14.7593,14.7595,14.7598,14.7595,14.7588,14.7586,14.7573,14.7577,14.758,14.758,14.7585,14.7581,14.7577,14.7576,14.7576,14.7589,14.7586,14.7586,14.7586,14.76,14.7604,14.7611,14.7609,14.7609,14.7609,14.7609,14.7594,14.7594,14.7594,14.7594,14.7597,14.7591,14.7591,14.7594,14.7588,14.7581,14.7581,14.7572,14.7572,14.7577,14.7577,14.7577,14.7575,14.7575,
Sun Apr 19 2020 14:50:00 GMT-0400 (Eastern Daylight Time)
14.7573,14.7569,14.7569,14.7569,14.7569,14.7569,14.7571,14.7565,14.7566,14.7566,14.7566,14.7573,14.7573,14.7573,14.7569,14.7571,14.7571,14.7566,14.7566,14.7566,14.7566,14.757,14.757,14.7565,14.7565,14.7565,14.7565,14.7564,14.7564,14.7564,14.7573,14.7568,14.7574,14.7579,14.7579,14.7579,14.7579,14.7579,14.7582,14.7575,14.7588,14.7598,14.7598,14.7599,14.7593,14.7593,14.7595,14.7592,14.7588,14.7582,14.7582,14.7553,14.755,14.7547,14.7535,14.7522,14.7513,14.7513,14.7512,14.7516,
Sun Apr 19 2020 14:51:00 GMT-0400 (Eastern Daylight Time)
14.7523,14.7523,14.7523,14.7538,14.7534,14.7534,14.7532,14.7535,14.7537,14.7529,14.7534,14.7533,14.7531,14.7528,14.7534,14.7543,14.754,14.7556,14.7552,14.7552,14.756,14.7562,14.7562,14.7551,14.7548,14.7555,14.7554,14.7557,14.7557,14.7562,14.7566,14.7568,14.7568,14.7558,14.7566,14.7569,14.7572,14.7576,14.7572,14.7572,14.7585,14.7583,14.7579,14.7597,14.7597,14.7594,14.7595,14.7593,14.7587,14.7587,14.7587,14.7584,14.7582,14.7585,14.7579,14.7584,14.7582,14.7586,14.7583,14.7581,
Sun Apr 19 2020 14:52:00 GMT-0400 (Eastern Daylight Time)
14.7584,14.7584,14.7584,14.7584,14.7565,14.7556,14.7559,14.7553,14.7561,14.7558,14.756,14.7555,14.7557,14.7566,14.7554,14.7569,14.7556,14.7552,14.754,14.754,14.7545,14.7545,14.7547,14.7547,14.7546,14.7549,14.7554,14.7552,14.7557,14.7559,14.7562,14.7562,14.7552,14.7549,14.754,14.754,14.7547,14.7547,14.7547,14.7549,14.7556,14.7556,14.7547,14.7547,14.7554,14.7557,14.7576,14.7576,14.7576,14.7572,14.7574,14.7574,14.7567,14.7567,14.7547,14.7547,14.7554,14.7554,14.7554,14.7554,
Sun Apr 19 2020 14:53:00 GMT-0400 (Eastern Daylight Time)
14.754,14.7535,14.7535,14.7535,14.7519,14.7518,14.7518,14.7521,14.7518,14.7525,14.7524,14.7524,14.7521,14.7521,14.7524,14.7524,14.7524,14.7517,14.7517,14.7514,14.7507,14.75,14.7502,14.7502,14.7509,14.7528,14.7531,14.7535,14.7538,14.7543,14.7543,14.7543,14.7549,14.7522,14.7519,14.7519,14.7496,14.7501,14.7499,14.7501,14.7497,14.7498,14.7495,14.7495,14.7501,14.7488,14.749,14.7492,14.7499,14.7504,14.7504,14.7524,14.753,14.753,14.7548,14.7549,14.7552,14.7552,14.756,14.756,
Sun Apr 19 2020 14:54:00 GMT-0400 (Eastern Daylight Time)
14.7557,14.7557,14.7561,14.7561,14.7559,14.7559,14.7559,14.7548,14.7545,14.7547,14.7547,14.7542,14.7562,14.756,14.756,14.756,14.7567,14.7574,14.7577,14.7576,14.757,14.757,14.7567,14.758,14.7578,14.7576,14.7578,14.758,14.7568,14.7565,14.7568,14.7568,14.7561,14.7555,14.7558,14.7564,14.757,14.757,14.7567,14.7567,14.7562,14.7557,14.7555,14.7555,14.755,14.755,14.7558,14.7558,14.7574,14.7563,14.7563,14.7558,14.7568,14.7562,14.7562,14.7562,14.7557,14.7581,14.7577,14.7577,
Sun Apr 19 2020 14:55:00 GMT-0400 (Eastern Daylight Time)
14.7567,14.7562,14.7562,14.7562,14.7562,14.756,14.7541,14.7533,14.7531,14.753,14.7537,14.7541,14.7541,14.7541,14.7544,14.7548,14.7551,14.7553,14.7537,14.7525,14.7535,14.7531,14.7537,14.7568,14.7564,14.7561,14.7558,14.7558,14.7551,14.756,14.7561,14.7566,14.7562,14.7562,14.7562,14.7558,14.7561,14.7555,14.7558,14.7557,14.7549,14.7553,14.7554,14.7556,14.7549,14.7552,14.7559,14.7556,14.7544,14.7554,14.7554,14.7545,14.7531,14.7527,14.7527,14.7527,14.7533,14.7533,14.753,14.7533,
Sun Apr 19 2020 14:56:00 GMT-0400 (Eastern Daylight Time)
14.7536,14.7541,14.7547,14.7547,14.7556,14.7559,14.7559,14.7577,14.7584,14.7587,14.7587,14.7583,14.7581,14.7581,14.7578,14.7575,14.7556,14.7558,14.7558,14.7563,14.7572,14.7572,14.7566,14.7576,14.7573,14.7571,14.7571,14.7571,14.7568,14.7573,14.7576,14.7571,14.7575,14.7578,14.7565,14.7561,14.7573,14.7575,14.7575,14.7578,14.758,14.758,14.7594,14.7594,14.7596,14.7592,14.7592,14.7604,14.76,14.7581,14.7578,14.7575,14.7588,14.7581,14.7591,14.7625,14.7621,14.7615,14.7611,14.7602,
Sun Apr 19 2020 14:57:00 GMT-0400 (Eastern Daylight Time)
14.7602,14.7608,14.7608,14.7606,14.7606,14.7603,14.7602,14.7612,14.7608,14.7605,14.7602,14.7602,14.7595,14.7591,14.7594,14.7597,14.7589,14.7589,14.7589,14.7572,14.7567,14.7574,14.7578,14.7576,14.757,14.757,14.7576,14.7572,14.7568,14.7576,14.7576,14.7579,14.7576,14.7584,14.7584,14.7584,14.7582,14.7579,14.7576,14.7576,14.7581,14.7581,14.7585,14.7585,14.7588,14.7585,14.7581,14.7577,14.7595,14.7584,14.7588,14.7588,14.7594,14.7585,14.7589,14.7594,14.7594,14.7594,14.7598,14.7591,
Sun Apr 19 2020 14:58:00 GMT-0400 (Eastern Daylight Time)
14.7598,14.7598,14.7598,14.7588,14.7579,14.7582,14.7586,14.7589,14.7589,14.7589,14.7593,14.7604,14.7604,14.7603,14.7598,14.7598,14.7591,14.7586,14.7588,14.7592,14.7584,14.7581,14.7578,14.7578,14.7584,14.7569,14.7569,14.757,14.7577,14.7586,14.7578,14.7581,14.7578,14.7581,14.7584,14.7587,14.7587,14.7596,14.7608,14.7602,14.7589,14.7601,14.7607,14.7605,14.7596,14.76,14.7605,14.763,14.7626,14.7628,14.7628,14.7624,14.7624,14.7621,14.762,14.7603,14.7603,14.7605,14.7605,14.7605,
Sun Apr 19 2020 14:59:00 GMT-0400 (Eastern Daylight Time)
14.7605,14.7591,14.7591,14.7591,14.7581,14.7589,14.7589,14.7589,14.7601,14.7599,14.7627,14.7624,14.7627,14.7623,14.7626,14.7628,14.7628,14.7629,14.7626,14.7626,14.762,14.7614,14.7616,14.7613,14.7613,14.7618,14.7618,14.7618,14.7618,14.7612,14.7619,14.7618,14.7618,14.7631,14.7634,14.7626,14.7624,14.7619,14.7615,14.7621,14.7632,14.7625,14.7614,14.7618,14.7618,14.7614,14.7617,14.7614,14.7614,14.7625,14.7628,14.7632,14.7632,14.7632,14.7629,14.7621,14.7621,14.762,14.762,14.7624,
Sun Apr 19 2020 15:00:00 GMT-0400 (Eastern Daylight Time)
14.7618,14.7614,14.7616,14.7616,14.7613,14.762,14.7623,14.7619,14.7615,14.7608,14.7605,14.7582,14.7579,14.7587,14.7589,14.7586,14.758,14.7577,14.7581,14.7578,14.7569,14.7575,14.7575,14.7575,14.7575,14.7588,14.7583,14.7583,14.7583,14.7583,14.7595,14.7599,14.7596,14.7604,14.7594,14.76,14.7579,14.7584,14.7584,14.7579,14.7576,14.7583,14.7586,14.7586,14.7589,14.7589,14.7584,14.7584,14.7573,14.757,14.757,14.7568,14.7565,14.7601,14.7598,14.7604,14.7609,14.7606,14.7603,14.7603,
Sun Apr 19 2020 15:01:00 GMT-0400 (Eastern Daylight Time)
14.7606,14.7606,14.7626,14.7626,14.7634,14.7638,14.7638,14.7638,14.7654,14.7647,14.7647,14.7645,14.7632,14.7637,14.7637,14.762,14.762,14.7619,14.7624,14.763,14.7629,14.7622,14.7619,14.7619,14.7606,14.7606,14.7604,14.76,14.7605,14.7599,14.7595,14.7588,14.7578,14.7582,14.7582,14.7563,14.7563,14.7568,14.7568,14.7566,14.7568,14.7568,14.7565,14.7562,14.7565,14.7562,14.7562,14.7562,14.7562,14.7583,14.7583,14.7587,14.7586,14.7589,14.7589,14.7592,14.7592,14.7588,14.7591,14.7591,
Sun Apr 19 2020 15:02:00 GMT-0400 (Eastern Daylight Time)
14.7588,14.758,14.758,14.758,14.7596,14.7603,14.7609,14.7609,14.7606,14.7606,14.7614,14.7591,14.7591,14.7588,14.7588,14.7588,14.7585,14.7582,14.7576,14.7576,14.7568,14.7569,14.7561,14.7554,14.7557,14.7553,14.7553,14.7553,14.7556,14.755,14.7578,14.757,14.7573,14.7573,14.757,14.757,14.757,14.7558,14.7555,14.7546,14.7546,14.7551,14.7551,14.7554,14.7557,14.7551,14.7557,14.7557,14.7556,14.7565,14.7565,14.756,14.756,14.7589,14.7609,14.7609,14.7609,14.7616,14.7616,14.7616,
Sun Apr 19 2020 15:03:00 GMT-0400 (Eastern Daylight Time)
14.7618,14.7618,14.7611,14.7611,14.7611,14.7615,14.7615,14.7622,14.7622,14.7613,14.7614,14.7614,14.7592,14.7569,14.756,14.756,14.7552,14.7552,14.7552,14.7546,14.7546,14.7546,14.7549,14.7534,14.7536,14.7531,14.7531,14.7533,14.7527,14.7527,14.7527,14.7527,14.7509,14.7504,14.7501,14.7508,14.7505,14.7507,14.751,14.7525,14.7531,14.7522,14.7518,14.7516,14.7519,14.7523,14.752,14.75,14.7502,14.7496,14.7496,14.7496,14.749,14.7494,14.7494,14.75,14.7497,14.7486,14.7489,14.7487,
Sun Apr 19 2020 15:04:00 GMT-0400 (Eastern Daylight Time)
14.7485,14.749,14.7478,14.7478,14.7494,14.7494,14.7494,14.749,14.7496,14.7496,14.7496,14.7499,14.7495,14.7495,14.7498,14.7494,14.7496,14.7496,14.7506,14.7511,14.7511,14.7505,14.7506,14.7506,14.7502,14.7502,14.7509,14.7509,14.7511,14.7518,14.7516,14.7513,14.7513,14.7513,14.752,14.7522,14.7519,14.7519,14.7508,14.7503,14.7503,14.7506,14.75,14.7503,14.7495,14.7498,14.7521,14.7521,14.7526,14.7526,14.7534,14.7525,14.7518,14.7518,14.7518,14.7527,14.7522,14.7516,14.7516,14.7511,
Sun Apr 19 2020 15:05:00 GMT-0400 (Eastern Daylight Time)
14.7511,14.7511,14.7505,14.7519,14.7519,14.7519,14.7495,14.7497,14.75,14.75,14.7489,14.7484,14.7484,14.7484,14.7481,14.7481,14.7478,14.7484,14.7488,14.7494,14.7497,14.7493,14.7503,14.7512,14.7498,14.7498,14.7485,14.7485,14.7476,14.7483,14.7482,14.748,14.748,14.7486,14.749,14.7506,14.7499,14.7496,14.7498,14.7495,14.75,14.7496,14.7496,14.7493,14.75,14.7496,14.7486,14.7488,14.7496,14.7496,14.7498,14.7494,14.7494,14.7504,14.7507,14.7499,14.7507,14.7507,14.7502,14.7502,
Sun Apr 19 2020 15:06:00 GMT-0400 (Eastern Daylight Time)
14.7509,14.7532,14.7539,14.7534,14.7534,14.753,14.7533,14.7535,14.7544,14.7555,14.7542,14.7555,14.7559,14.7562,14.7559,14.7551,14.7554,14.7554,14.7546,14.7537,14.7537,14.7537,14.7533,14.7527,14.7524,14.7537,14.7533,14.754,14.7535,14.7535,14.7535,14.7532,14.7532,14.7532,14.7534,14.7539,14.7542,14.7545,14.7548,14.755,14.7557,14.7565,14.7575,14.7568,14.7573,14.7573,14.7576,14.7574,14.7574,14.7579,14.757,14.757,14.7564,14.7562,14.7578,14.7585,14.7587,14.7573,14.756,14.756,
Sun Apr 19 2020 15:07:00 GMT-0400 (Eastern Daylight Time)
14.7558,14.7558,14.7564,14.7574,14.7574,14.7564,14.7567,14.7567,14.7569,14.7571,14.7585,14.7575,14.7572,14.7569,14.7559,14.7544,14.7542,14.7542,14.7552,14.7547,14.7547,14.7544,14.7544,14.7553,14.7553,14.7545,14.7542,14.7542,14.7545,14.7542,14.7553,14.7553,14.7556,14.756,14.7563,14.7563,14.7563,14.7569,14.756,14.756,14.7562,14.7559,14.7556,14.756,14.7563,14.7564,14.756,14.7563,14.756,14.7557,14.7546,14.7546,14.7545,14.7545,14.7545,14.7545,14.7546,14.7542,14.7558,14.7558,
Sun Apr 19 2020 15:08:00 GMT-0400 (Eastern Daylight Time)
14.7548,14.755,14.755,14.755,14.7547,14.7544,14.7543,14.7551,14.7551,14.7556,14.7553,14.7553,14.7553,14.7561,14.7574,14.7574,14.7566,14.7566,14.7568,14.7573,14.7572,14.7569,14.7572,14.7579,14.7574,14.7567,14.7571,14.7571,14.7569,14.7567,14.7567,14.7562,14.7558,14.7558,14.7572,14.7572,14.7572,14.7569,14.7587,14.7587,14.759,14.7587,14.7588,14.7588,14.7582,14.7579,14.7585,14.7598,14.7598,14.7571,14.7584,14.7588,14.7581,14.7595,14.7577,14.7577,14.7571,14.7571,14.7564,14.756,
Sun Apr 19 2020 15:09:00 GMT-0400 (Eastern Daylight Time)
14.756,14.7564,14.7559,14.7559,14.7551,14.7556,14.7547,14.7547,14.7547,14.7542,14.7547,14.7544,14.7554,14.7551,14.7548,14.7534,14.7534,14.7535,14.7539,14.7537,14.7537,14.7531,14.752,14.752,14.752,14.7523,14.7517,14.7524,14.7521,14.7519,14.7497,14.7487,14.7494,14.7494,14.7484,14.748,14.7484,14.7485,14.7485,14.747,14.7467,14.7464,14.7456,14.7443,14.7448,14.7452,14.7448,14.7448,14.7456,14.7449,14.7446,14.7441,14.7437,14.744,14.7441,14.7449,14.7447,14.7441,14.7444,14.7444,
Sun Apr 19 2020 15:10:01 GMT-0400 (Eastern Daylight Time)
14.7448,14.7448,14.7439,14.7439,14.7439,14.7451,14.7458,14.7462,14.7462,14.7459,14.7454,14.7451,14.7444,14.7441,14.7405,14.7405,14.7435,14.7435,14.7425,14.7421,14.7421,14.7421,14.7419,14.7419,14.7418,14.7418,14.742,14.7412,14.7409,14.7412,14.7403,14.7396,14.7398,14.7386,14.7383,14.737,14.737,14.7364,14.7377,14.7384,14.738,14.7376,14.7373,14.7371,14.7368,14.7369,14.7372,14.7373,14.7379,14.7383,14.7367,14.7367,14.7372,14.7372,14.7372,14.7372,14.7369,14.7376,14.7382,14.739,
Sun Apr 19 2020 15:11:00 GMT-0400 (Eastern Daylight Time)
14.739,14.7384,14.7387,14.738,14.738,14.7402,14.7402,14.7411,14.7414,14.7418,14.7418,14.7415,14.741,14.7411,14.7411,14.7405,14.7405,14.7405,14.7403,14.7398,14.7398,14.7398,14.7395,14.7388,14.7385,14.7388,14.7403,14.7417,14.742,14.742,14.7423,14.7433,14.7433,14.7431,14.7437,14.7438,14.7448,14.7445,14.7442,14.7437,14.7437,14.7445,14.7441,14.7437,14.7437,14.7427,14.7429,14.7408,14.7408,14.7404,14.7402,14.7405,14.7402,14.7379,14.7381,14.7382,14.7388,14.738,14.7387,14.7381,
Sun Apr 19 2020 15:12:00 GMT-0400 (Eastern Daylight Time)
14.7378,14.7381,14.7381,14.7373,14.7371,14.7368,14.7371,14.7365,14.7353,14.7364,14.7364,14.7385,14.7389,14.7395,14.7386,14.7383,14.7383,14.7381,14.7381,14.7376,14.7376,14.7376,14.738,14.7373,14.7373,14.737,14.7375,14.737,14.7373,14.7367,14.7376,14.737,14.7368,14.7361,14.7361,14.7361,14.7357,14.7357,14.7363,14.7366,14.7362,14.7368,14.7362,14.7362,14.7357,14.735,14.7353,14.7355,14.7352,14.7349,14.7344,14.735,14.7354,14.7347,14.7347,14.734,14.7338,14.7338,14.733,14.7327,
Sun Apr 19 2020 15:13:00 GMT-0400 (Eastern Daylight Time)
14.7329,14.7327,14.7327,14.7324,14.7324,14.7316,14.7316,14.7316,14.7313,14.7319,14.7316,14.7318,14.7316,14.7306,14.7313,14.7313,14.732,14.732,14.7316,14.7319,14.7319,14.7319,14.7319,14.7316,14.7319,14.7319,14.7322,14.732,14.732,14.7323,14.7326,14.7337,14.7334,14.7332,14.7328,14.7325,14.7325,14.733,14.7335,14.7338,14.7344,14.7349,14.7351,14.7347,14.7342,14.7347,14.7347,14.7356,14.7358,14.7361,14.7361,14.7372,14.7374,14.7374,14.7371,14.7359,14.7362,14.736,14.7362,14.7367,
Sun Apr 19 2020 15:14:00 GMT-0400 (Eastern Daylight Time)
14.7366,14.7366,14.7369,14.7372,14.7376,14.7376,14.7376,14.7388,14.7405,14.7403,14.7409,14.7405,14.741,14.7406,14.7401,14.7404,14.7407,14.7413,14.7415,14.7415,14.7415,14.7415,14.7411,14.7374,14.7372,14.7369,14.7366,14.7371,14.7377,14.7373,14.7376,14.7379,14.7367,14.7359,14.7359,14.7383,14.7381,14.7381,14.7381,14.7373,14.7375,14.7377,14.7389,14.7409,14.7404,14.7402,14.7405,14.7411,14.7414,14.7422,14.7421,14.7425,14.7425,14.7425,14.7433,14.7438,14.7438,14.7441,14.7445,14.7446,
Sun Apr 19 2020 15:15:00 GMT-0400 (Eastern Daylight Time)
14.7446,14.744,14.7448,14.7448,14.7446,14.7454,14.7451,14.7452,14.7455,14.7453,14.745,14.745,14.745,14.7446,14.7444,14.7449,14.7452,14.743,14.743,14.7435,14.7432,14.7431,14.7431,14.7431,14.7433,14.7439,14.7442,14.7452,14.7438,14.7438,14.7441,14.743,14.742,14.7423,14.7418,14.7428,14.7423,14.743,14.7437,14.7434,14.7428,14.7424,14.7424,14.7422,14.7424,14.7419,14.7414,14.7414,14.7438,14.7441,14.7444,14.7444,14.7451,14.7469,14.7472,14.7483,14.748,14.7477,14.7476,14.7472,
Sun Apr 19 2020 15:16:00 GMT-0400 (Eastern Daylight Time)
14.7472,14.7476,14.7476,14.7471,14.7471,14.7471,14.7471,14.7485,14.7469,14.7477,14.7477,14.7469,14.7469,14.7467,14.747,14.7473,14.7473,14.7478,14.7475,14.7484,14.7487,14.749,14.7503,14.7498,14.7486,14.7489,14.7485,14.748,14.7471,14.7471,14.7474,14.7476,14.7476,14.748,14.7474,14.7471,14.7471,14.7471,14.7474,14.747,14.747,14.7466,14.7464,14.7464,14.7452,14.7449,14.7449,14.7451,14.7448,14.7438,14.7442,14.7442,14.7448,14.7454,14.7454,14.7469,14.7475,14.7478,14.7478,14.7482,
