Tue Apr 14 2020 01:01:59 GMT-0400 (Eastern Daylight Time)
15.0466,15.0466,15.0461,15.0465,15.0465,15.0462,15.0465,15.0458,15.0458,15.0461,15.0454,15.0462,15.0457,15.0465,15.0468,15.0465,15.047,15.0479,15.0479,15.0467,15.0467,15.0467,15.0467,15.0473,15.047,15.047,15.047,15.0464,15.0461,15.0469,15.0474,15.0468,15.0465,15.0469,15.0477,15.0478,15.0475,15.0472,15.0479,15.0472,15.0472,15.047,15.0474,15.0439,15.0438,15.0441,15.0441,15.0437,15.0438,15.0435,15.0439,15.0458,15.0452,15.0452,15.0455,15.0459,15.0456,15.0442,15.0444,15.0444,
Tue Apr 14 2020 01:02:59 GMT-0400 (Eastern Daylight Time)
15.0446,15.0447,15.0452,15.0447,15.045,15.045,15.0444,15.0451,15.0451,15.0451,15.0435,15.0428,15.0418,15.0418,15.0416,15.0427,15.0432,15.0434,15.044,15.0438,15.0444,15.0437,15.0434,15.0428,15.0423,15.0419,15.0419,15.0433,15.044,15.044,15.0443,15.0441,15.0433,15.0433,15.0428,15.0429,15.0429,15.0432,15.0432,15.0438,15.0435,15.0432,15.0426,15.0426,15.0426,15.0424,15.0426,15.0425,15.0425,15.0429,15.0423,15.0429,15.0432,15.041,15.041,15.0393,15.0395,15.04,15.0396,15.0397,
Tue Apr 14 2020 01:03:59 GMT-0400 (Eastern Daylight Time)
15.04,15.04,15.0412,15.0396,15.04,15.0386,15.0393,15.0392,15.0408,15.0412,15.0411,15.0409,15.0413,15.0413,15.0415,15.0412,15.0397,15.04,15.0406,15.0407,15.0394,15.0399,15.0411,15.0406,15.0402,15.0406,15.0406,15.0428,15.0424,15.042,15.0417,15.0411,15.0423,15.0429,15.0426,15.0433,15.0422,15.0421,15.0413,15.0408,15.0385,15.0385,15.0385,15.0392,15.0379,15.0398,15.0398,15.0401,15.04,15.0403,15.0414,15.0422,15.0429,15.0426,15.0431,15.0431,15.0434,15.0434,15.0434,15.043,
Tue Apr 14 2020 01:04:59 GMT-0400 (Eastern Daylight Time)
15.0427,15.0432,15.0417,15.0417,15.0417,15.043,15.0433,15.0432,15.0429,15.0437,15.0437,15.0437,15.0426,15.0428,15.0425,15.0409,15.0405,15.0405,15.0405,15.041,15.041,15.0416,15.0416,15.0419,15.0415,15.0415,15.0407,15.0408,15.0408,15.0414,15.0414,15.0411,15.0416,15.0418,15.0404,15.0408,15.0398,15.0398,15.0398,15.0401,15.0406,15.041,15.041,15.0413,15.0408,15.0388,15.0382,15.0389,15.0386,15.0386,15.0386,15.0381,15.0382,15.0386,15.0384,15.0384,15.0372,15.0372,15.0375,15.0373,
Tue Apr 14 2020 01:05:59 GMT-0400 (Eastern Daylight Time)
15.0373,15.0373,15.0367,15.0362,15.0365,15.0351,15.0356,15.0351,15.0356,15.0351,15.0364,15.0366,15.0362,15.0366,15.0369,15.0368,15.0365,15.0356,15.0356,15.0348,15.0353,15.035,15.0352,15.0358,15.0361,15.0361,15.0361,15.0341,15.0339,15.0333,15.0343,15.035,15.035,15.0343,15.0343,15.034,15.0337,15.033,15.0326,15.0323,15.0321,15.0321,15.0335,15.0337,15.033,15.0334,15.0326,15.0326,15.0329,15.0329,15.0339,15.0335,15.0329,15.0334,15.0321,15.0289,15.0285,15.0289,15.0285,15.0276,
Tue Apr 14 2020 01:06:59 GMT-0400 (Eastern Daylight Time)
15.0265,15.0265,15.0274,15.0274,15.0277,15.0282,15.0255,15.0229,15.0229,15.0222,15.0217,15.0217,15.022,15.0228,15.0228,15.0228,15.0225,15.023,15.0235,15.0248,15.0239,15.0264,15.0264,15.0275,15.0267,15.0263,15.0277,15.028,15.0282,15.0286,15.0288,15.0284,15.0276,15.0282,15.0292,15.0292,15.0291,15.0287,15.0277,15.0277,15.0276,15.0267,15.0271,15.0257,15.0261,15.0261,15.0261,15.0261,15.0256,15.0259,15.0254,15.025,15.0232,15.0232,15.0229,15.0226,15.0219,15.0219,15.0221,15.0213,
Tue Apr 14 2020 01:08:00 GMT-0400 (Eastern Daylight Time)
15.0216,15.0219,15.0219,15.0219,15.0218,15.021,15.0213,15.0209,15.0209,15.0209,15.02,15.0195,15.0179,15.0176,15.0177,15.0179,15.0188,15.0205,15.0214,15.0226,15.0223,15.0228,15.0223,15.0219,15.0222,15.0231,15.0231,15.0235,15.0244,15.0247,15.0259,15.0267,15.0268,15.0261,15.0267,15.0267,15.027,15.027,15.0277,15.0279,15.0272,15.0264,15.0258,15.0256,15.0262,15.0265,15.0265,15.0267,15.0264,15.0265,15.026,15.026,15.0268,15.0264,15.0264,15.026,15.0264,15.0259,15.0259,15.026,
Tue Apr 14 2020 01:09:00 GMT-0400 (Eastern Daylight Time)
15.0267,15.0249,15.0245,15.0245,15.0239,15.0243,15.0252,15.0252,15.0274,15.0274,15.0274,15.028,15.0283,15.0285,15.0285,15.0283,15.0278,15.0273,15.0273,15.0273,15.0268,15.0272,15.027,15.0266,15.0264,15.0266,15.0269,15.0257,15.0259,15.0265,15.0252,15.0254,15.0251,15.0252,15.0252,15.0252,15.0252,15.0252,15.0252,15.0252,15.0243,15.0246,15.0246,15.0243,15.0233,15.0235,15.023,15.0235,15.0217,15.022,15.0224,15.0247,15.0247,15.0254,15.0259,15.0255,15.0254,15.0254,15.0254,15.0248,
Tue Apr 14 2020 01:10:00 GMT-0400 (Eastern Daylight Time)
15.0252,15.0246,15.0244,15.0242,15.0234,15.0228,15.0228,15.0228,15.0228,15.0235,15.0222,15.0222,15.0228,15.0226,15.0226,15.0247,15.0254,15.0257,15.025,15.0233,15.0238,15.0233,15.0224,15.0227,15.0223,15.0219,15.0207,15.0209,15.0215,15.0243,15.0246,15.0243,15.0257,15.0257,15.0257,15.0257,15.0262,15.0265,15.0261,15.0269,15.0269,15.0269,15.0266,15.0264,15.0264,15.0272,15.027,15.0267,15.027,15.027,15.027,15.027,15.029,15.029,15.0285,15.0277,15.0262,15.0265,15.0256,15.0262,
Tue Apr 14 2020 01:10:59 GMT-0400 (Eastern Daylight Time)
15.0261,15.0264,15.0264,15.026,15.0256,15.0248,15.025,15.025,15.0243,15.0249,15.0246,15.0238,15.0251,15.0247,15.0252,15.0244,15.0256,15.0256,15.0256,15.0256,15.0258,15.0258,15.0261,15.0261,15.0261,15.0256,15.0256,15.026,15.026,15.0263,15.0258,15.0258,15.0252,15.0252,15.0252,15.0247,15.0243,15.0248,15.0248,15.0248,15.0248,15.0258,15.0264,15.0264,15.0267,15.0267,15.0261,15.0261,15.0278,15.0283,15.0276,15.0281,15.0275,15.0275,15.0268,15.0268,15.0248,15.0244,15.0244,15.0255,
Tue Apr 14 2020 01:12:00 GMT-0400 (Eastern Daylight Time)
15.0255,15.0255,15.0252,15.0259,15.0253,15.0253,15.0253,15.026,15.0268,15.0276,15.0276,15.0279,15.0272,15.0272,15.0269,15.0267,15.0271,15.0271,15.0276,15.0294,15.03,15.03,15.0296,15.0288,15.0291,15.0291,15.0288,15.0288,15.0285,15.0288,15.0283,15.0292,15.0278,15.0278,15.0275,15.0275,15.0288,15.0282,15.0278,15.0306,15.03,15.0296,15.0296,15.0296,15.0306,15.0306,15.0306,15.0309,15.0315,15.0315,15.0315,15.0315,15.0315,15.0313,15.0311,15.0308,15.0306,15.0306,15.0306,15.0306,
Tue Apr 14 2020 01:12:59 GMT-0400 (Eastern Daylight Time)
15.0287,15.0295,15.0295,15.0295,15.0294,15.0289,15.0281,15.0281,15.0281,15.0281,15.0281,15.0274,15.0287,15.0291,15.0291,15.0285,15.0285,15.0285,15.0281,15.0278,15.0267,15.0266,15.0268,15.0264,15.0266,15.027,15.027,15.0249,15.0249,15.0249,15.0239,15.0239,15.0239,15.0237,15.024,15.024,15.024,15.0236,15.0236,15.0221,15.0219,15.0219,15.0214,15.0222,15.0226,15.0223,15.0217,15.0214,15.0213,15.0208,15.0189,15.0189,15.0178,15.019,15.0198,15.0198,15.0196,15.0196,15.0196,15.0198,
Tue Apr 14 2020 01:14:00 GMT-0400 (Eastern Daylight Time)
15.0217,15.0217,15.0209,15.0209,15.0209,15.0213,15.0203,15.0199,15.0193,15.0193,15.019,15.0195,15.0195,15.0191,15.0191,15.0191,15.0191,15.0209,15.0209,15.0209,15.0209,15.0209,15.0209,15.0209,15.0209,15.0195,15.0195,15.018,15.018,15.0174,15.0166,15.016,15.0158,15.016,15.0135,15.013,15.0137,15.0134,15.0139,15.0139,15.0144,15.014,15.014,15.0142,15.0139,15.0147,15.0147,15.0136,15.0143,15.0143,15.0143,15.0147,15.0139,15.0125,15.0127,15.014,15.0137,15.0131,15.0134,15.0137,
Tue Apr 14 2020 01:14:59 GMT-0400 (Eastern Daylight Time)
15.014,15.0136,15.0132,15.0134,15.0125,15.0124,15.0129,15.0129,15.014,15.0135,15.0144,15.0141,15.0148,15.0136,15.0136,15.0137,15.0142,15.0142,15.0135,15.0132,15.0136,15.0136,15.0141,15.0147,15.0136,15.0127,15.013,15.013,15.0142,15.0146,15.0151,15.0147,15.015,15.015,15.0158,15.0161,15.0156,15.0165,15.0163,15.0167,15.017,15.0163,15.0167,15.0163,15.0159,15.0159,15.0164,15.0157,15.0154,15.0154,15.0154,15.0163,15.0172,15.0172,15.0191,15.0191,15.0167,15.0162,15.0153,15.0169,
Tue Apr 14 2020 01:15:59 GMT-0400 (Eastern Daylight Time)
15.018,15.018,15.0172,15.0172,15.0169,15.0169,15.0165,15.0162,15.0181,15.0184,15.0187,15.0198,15.0204,15.021,15.0195,15.0195,15.0158,15.0169,15.0159,15.0159,15.016,15.0157,15.016,15.0159,15.0167,15.017,15.0179,15.0179,15.0183,15.0186,15.0192,15.0214,15.0214,15.0213,15.0216,15.0212,15.0187,15.0185,15.0185,15.0182,15.019,15.0187,15.0182,15.0182,15.0173,15.017,15.017,15.0171,15.0171,15.0175,15.0173,15.017,15.0168,15.0168,15.0162,15.0165,15.0174,15.0177,15.0196,15.0199,
Tue Apr 14 2020 01:16:59 GMT-0400 (Eastern Daylight Time)
15.0206,15.0204,15.019,15.019,15.0196,15.0192,15.0185,15.0185,15.0214,15.022,15.022,15.0216,15.0224,15.0226,15.0234,15.0234,15.0234,15.0237,15.0231,15.0231,15.0218,15.0233,15.0233,15.0233,15.0233,15.0243,15.0255,15.0249,15.0272,15.0278,15.0278,15.0278,15.0274,15.0253,15.0251,15.0251,15.0251,15.0244,15.0244,15.0244,15.0242,15.0243,15.0248,15.0252,15.0252,15.0254,15.0257,15.0258,15.0261,15.0258,15.026,15.026,15.0269,15.0259,15.025,15.0258,15.0258,15.0264,15.026,15.0263,
Tue Apr 14 2020 01:17:59 GMT-0400 (Eastern Daylight Time)
15.0263,15.026,15.026,15.0263,15.0264,15.0271,15.0259,15.0261,15.0259,15.0253,15.0253,15.0255,15.0246,15.025,15.0247,15.0247,15.0251,15.0253,15.0249,15.0249,15.0247,15.0234,15.0221,15.0224,15.0224,15.0227,15.0232,15.0232,15.0233,15.0236,15.0234,15.0232,15.0226,15.0228,15.0246,15.025,15.0251,15.0249,15.0246,15.0248,15.0225,15.0228,15.0224,15.0207,15.0207,15.0207,15.0209,15.0204,15.0204,15.0203,15.0206,15.0206,15.0222,15.0224,15.0215,15.0225,15.0204,15.0207,15.0213,15.0213,
Tue Apr 14 2020 01:18:59 GMT-0400 (Eastern Daylight Time)
15.0222,15.0235,15.0233,15.0233,15.0233,15.0222,15.0212,15.0208,15.0211,15.0214,15.021,15.0206,15.0213,15.0209,15.0211,15.0205,15.0208,15.0192,15.0206,15.021,15.0206,15.0205,15.0208,15.0211,15.0213,15.0227,15.0231,15.0237,15.0236,15.0242,15.0242,15.0254,15.0254,15.0239,15.0239,15.0241,15.0241,15.0241,15.0243,15.0245,15.0245,15.0243,15.0243,15.0253,15.0276,15.029,15.0315,15.0318,15.0318,15.0312,15.0314,15.0319,15.0317,15.0315,15.0312,15.0319,15.0321,15.0325,15.0335,15.0336,
Tue Apr 14 2020 01:19:59 GMT-0400 (Eastern Daylight Time)
15.0338,15.0338,15.034,15.034,15.034,15.0336,15.0339,15.0334,15.0334,15.0346,15.0344,15.0344,15.0344,15.035,15.0347,15.0347,15.0344,15.0339,15.0335,15.034,15.0355,15.0351,15.0358,15.0356,15.0357,15.0371,15.0373,15.0373,15.037,15.0367,15.0361,15.0361,15.0342,15.0343,15.0346,15.034,15.0352,15.0349,15.0345,15.0356,15.0347,15.0348,15.0352,15.0352,15.0355,15.0337,15.0333,15.0338,15.0338,15.0335,15.0341,15.0333,15.0323,15.0325,15.0328,15.0338,15.0335,15.0335,15.0328,15.0328,
Tue Apr 14 2020 01:20:59 GMT-0400 (Eastern Daylight Time)
15.0338,15.0341,15.0341,15.0334,15.0334,15.0333,15.0344,15.0344,15.0344,15.0341,15.0342,15.0332,15.0335,15.0328,15.034,15.034,15.0309,15.0309,15.0313,15.0316,15.0316,15.0313,15.031,15.0312,15.0312,15.0304,15.0314,15.0319,15.0325,15.0325,15.0325,15.032,15.032,15.0318,15.0322,15.0317,15.0317,15.0321,15.0318,15.0315,15.0323,15.0332,15.0325,15.0315,15.031,15.0307,15.0314,15.0311,15.0314,15.0308,15.0281,15.0277,15.0267,15.0268,15.0264,15.0264,15.0264,15.026,15.026,15.0258,
Tue Apr 14 2020 01:21:59 GMT-0400 (Eastern Daylight Time)
15.0262,15.0265,15.0265,15.0265,15.0253,15.0253,15.0244,15.0248,15.0251,15.0255,15.0255,15.0255,15.0283,15.0275,15.027,15.027,15.0286,15.0291,15.0304,15.0287,15.0287,15.029,15.0287,15.029,15.029,15.0282,15.0278,15.0275,15.0275,15.0271,15.0268,15.0268,15.0268,15.027,15.0274,15.0271,15.0278,15.0291,15.0287,15.0291,15.0291,15.029,15.0295,15.0292,15.03,15.03,15.0306,15.0294,15.0294,15.029,15.0292,15.0295,15.0295,15.0298,15.0299,15.0296,15.0302,15.0302,15.0304,15.0307,
Tue Apr 14 2020 01:22:59 GMT-0400 (Eastern Daylight Time)
15.0304,15.0318,15.0326,15.0322,15.0331,15.0341,15.0345,15.0344,15.0344,15.0358,15.0356,15.0356,15.0357,15.0365,15.0368,15.0368,15.0359,15.0381,15.0384,15.0384,15.0378,15.0381,15.0376,15.0376,15.0372,15.0375,15.0372,15.037,15.0364,15.0345,15.0342,15.0341,15.0341,15.0324,15.0327,15.0331,15.0316,15.0302,15.0302,15.0302,15.0304,15.0308,15.0306,15.0306,15.0306,15.03,15.03,15.0309,15.0309,15.031,15.0333,15.0321,15.0321,15.0325,15.0319,15.0316,15.0313,15.0311,15.0307,15.0307,
Tue Apr 14 2020 01:23:59 GMT-0400 (Eastern Daylight Time)
15.031,15.0307,15.0307,15.0307,15.0312,15.0319,15.0306,15.0309,15.0306,15.0309,15.0305,15.0299,15.0299,15.0313,15.0311,15.0311,15.0305,15.0308,15.0308,15.0313,15.0313,15.0325,15.0329,15.0327,15.0331,15.0323,15.0315,15.0311,15.0318,15.0319,15.0319,15.0319,15.0321,15.0324,15.033,15.0335,15.0335,15.0325,15.0328,15.032,15.032,15.0315,15.0337,15.0335,15.034,15.0344,15.0336,15.034,15.034,15.0331,15.0334,15.0329,15.032,15.0329,15.0322,15.0322,15.0328,15.0332,15.0335,15.0335,
Tue Apr 14 2020 01:24:59 GMT-0400 (Eastern Daylight Time)
15.0332,15.0339,15.0336,15.0339,15.0339,15.0331,15.0332,15.0335,15.0335,15.033,15.0325,15.0325,15.0327,15.0317,15.0314,15.0316,15.0309,15.0314,15.0324,15.0324,15.0332,15.033,15.0322,15.0324,15.0329,15.0329,15.0327,15.0323,15.0318,15.033,15.0329,15.0329,15.0329,15.0306,15.0303,15.0305,15.0305,15.0279,15.0285,15.0281,15.0281,15.0287,15.0291,15.0291,15.028,15.0282,15.0279,15.0279,15.0279,15.0286,15.0289,15.0298,15.0298,15.027,15.0265,15.0267,15.027,15.027,15.0263,15.0266,
Tue Apr 14 2020 01:25:59 GMT-0400 (Eastern Daylight Time)
15.0266,15.0269,15.0235,15.0235,15.0263,15.0267,15.0264,15.0264,15.026,15.0267,15.0267,15.0254,15.0254,15.026,15.0279,15.0277,15.0273,15.0277,15.0287,15.0291,15.0289,15.0289,15.0289,15.0304,15.0304,15.0311,15.0314,15.0314,15.0318,15.0309,15.0312,15.0301,15.0298,15.0298,15.0294,15.0294,15.0301,15.0316,15.0313,15.0308,15.0305,15.0289,15.0291,15.0297,15.0295,15.0286,15.0291,15.0289,15.0292,15.0283,15.0283,15.0287,15.0284,15.0273,15.027,15.0267,15.0267,15.027,15.0271,15.0271,
Tue Apr 14 2020 01:26:59 GMT-0400 (Eastern Daylight Time)
15.0268,15.0276,15.0273,15.0266,15.0273,15.0276,15.0279,15.0279,15.0261,15.0261,15.0263,15.0263,15.0279,15.0283,15.0292,15.0292,15.0295,15.0273,15.0279,15.0284,15.0274,15.0274,15.0276,15.0277,15.0283,15.0283,15.0278,15.028,15.0283,15.0282,15.0285,15.0289,15.0293,15.0282,15.0295,15.0301,15.0298,15.0307,15.0303,15.0324,15.0322,15.0321,15.0314,15.0328,15.0325,15.0327,15.0326,15.0321,15.0321,15.0321,15.0311,15.0306,15.0294,15.029,15.0277,15.0272,15.0276,15.0276,15.0279,15.027,
Tue Apr 14 2020 01:27:59 GMT-0400 (Eastern Daylight Time)
15.0263,15.0266,15.0264,15.0261,15.0261,15.0251,15.0254,15.0256,15.0249,15.0249,15.0254,15.0258,15.0258,15.0255,15.026,15.0262,15.0262,15.0251,15.0254,15.0251,15.0247,15.0247,15.0241,15.0244,15.0233,15.0233,15.0228,15.0231,15.0228,15.0226,15.0223,15.0223,15.0224,15.0227,15.0233,15.0227,15.0221,15.0218,15.0215,15.0222,15.0219,15.0223,15.0223,15.0223,15.0227,15.0235,15.0231,15.0231,15.0228,15.0228,15.0231,15.0236,15.0241,15.0237,15.0237,15.0237,15.0259,15.0266,15.0258,15.0261,
Tue Apr 14 2020 01:28:59 GMT-0400 (Eastern Daylight Time)
15.0257,15.0261,15.0261,15.0258,15.0249,15.0237,15.0242,15.0239,15.0227,15.0227,15.0218,15.0218,15.0221,15.0226,15.021,15.021,15.0207,15.02,15.0192,15.0191,15.0191,15.0194,15.0188,15.0192,15.0182,15.0185,15.0185,15.0176,15.018,15.018,15.018,15.0184,15.0186,15.0189,15.0185,15.0185,15.0183,15.0178,15.0178,15.0169,15.0172,15.0172,15.0166,15.017,15.017,15.0173,15.0166,15.0166,15.016,15.016,15.0164,15.0168,15.0168,15.0164,15.0138,15.014,15.0132,15.0132,15.0137,15.0145,
Tue Apr 14 2020 01:29:59 GMT-0400 (Eastern Daylight Time)
15.0127,15.0125,15.0125,15.0125,15.0127,15.0127,15.0127,15.013,15.0122,15.0122,15.012,15.0119,15.0116,15.0102,15.01,15.0102,15.0106,15.0101,15.0111,15.0108,15.0108,15.0111,15.0103,15.0106,15.0106,15.0085,15.0084,15.0084,15.0084,15.0081,15.0086,15.008,15.008,15.008,15.0101,15.0103,15.0103,15.0103,15.0097,15.0094,15.0092,15.0092,15.0097,15.0097,15.0098,15.0098,15.0092,15.0092,15.0092,15.0087,15.0104,15.0089,15.0086,15.0086,15.0098,15.0098,15.0093,15.0088,15.0096,15.0096,
Tue Apr 14 2020 01:30:59 GMT-0400 (Eastern Daylight Time)
15.0107,15.0104,15.0094,15.0097,15.0097,15.0108,15.0106,15.0104,15.0107,15.011,15.0113,15.0113,15.0113,15.0113,15.0116,15.013,15.013,15.0132,15.0132,15.0129,15.0125,15.0128,15.0137,15.014,15.014,15.0133,15.0136,15.014,15.014,15.0137,15.0142,15.0142,15.0135,15.0135,15.0139,15.0144,15.0165,15.0165,15.0172,15.0172,15.0177,15.0177,15.0174,15.0174,15.0163,15.0163,15.0165,15.0163,15.0163,15.0164,15.0164,15.0164,15.0164,15.0169,15.0166,15.0166,15.0166,15.0164,15.017,15.0176,
Tue Apr 14 2020 01:31:59 GMT-0400 (Eastern Daylight Time)
15.0164,15.0164,15.0175,15.0175,15.0181,15.0183,15.0186,15.0186,15.0186,15.0186,15.0187,15.019,15.0198,15.0186,15.0186,15.0186,15.0184,15.0162,15.0159,15.0162,15.0165,15.0162,15.0165,15.0161,15.0158,15.0151,15.0147,15.015,15.0148,15.015,15.0146,15.014,15.0133,15.0137,15.0141,15.0138,15.0146,15.0149,15.0146,15.0149,15.0152,15.0152,15.0147,15.0147,15.0144,15.0137,15.0138,15.0142,15.0142,15.0139,15.0139,15.0142,15.0148,15.0148,15.0142,15.0138,15.0141,15.0148,15.0148,15.0148,
Tue Apr 14 2020 01:32:59 GMT-0400 (Eastern Daylight Time)
15.0148,15.0145,15.0149,15.0149,15.0135,15.0133,15.0125,15.0132,15.0132,15.0126,15.0121,15.0115,15.0118,15.0119,15.0117,15.0117,15.0114,15.0114,15.0103,15.0115,15.0121,15.0117,15.0119,15.0115,15.0112,15.0113,15.0122,15.0122,15.0122,15.0117,15.0145,15.0147,15.0142,15.0142,15.0152,15.0148,15.0148,15.0144,15.0142,15.0133,15.0139,15.0143,15.0148,15.016,15.0162,15.0164,15.0159,15.0148,15.0148,15.0139,15.0136,15.0138,15.0136,15.0133,15.0125,15.0125,15.012,15.0107,15.011,15.0103,
Tue Apr 14 2020 01:33:59 GMT-0400 (Eastern Daylight Time)
15.0095,15.0105,15.0105,15.0101,15.0101,15.0101,15.0118,15.0115,15.0117,15.011,15.0104,15.0097,15.0092,15.0092,15.0094,15.0098,15.01,15.01,15.0109,15.0111,15.0119,15.0131,15.0136,15.0148,15.0142,15.0142,15.0143,15.014,15.0135,15.013,15.0107,15.0107,15.0102,15.0102,15.0104,15.0099,15.0104,15.0109,15.0105,15.0109,15.0113,15.0119,15.0123,15.0136,15.0136,15.0141,15.0152,15.0161,15.0161,15.0152,15.0149,15.0146,15.0149,15.0154,15.0152,15.0155,15.0158,15.0155,15.0155,15.0158,
Tue Apr 14 2020 01:34:59 GMT-0400 (Eastern Daylight Time)
15.0161,15.0161,15.0158,15.0158,15.0156,15.0162,15.0149,15.0156,15.0162,15.0167,15.0167,15.017,15.017,15.0165,15.0165,15.0165,15.0144,15.0135,15.0156,15.0159,15.0163,15.0171,15.0183,15.0177,15.0181,15.0181,15.0176,15.0151,15.0162,15.0166,15.017,15.0173,15.0173,15.017,15.0175,15.0182,15.0179,15.0178,15.0178,15.0183,15.0183,15.0191,15.0188,15.0185,15.0175,15.0175,15.0178,15.018,15.0177,15.0177,15.0181,15.0178,15.0178,15.0173,15.0171,15.0168,15.0168,15.0165,15.0149,15.0156,
Tue Apr 14 2020 01:35:59 GMT-0400 (Eastern Daylight Time)
15.0161,15.0161,15.0161,15.0146,15.0142,15.0138,15.0133,15.0136,15.0142,15.0142,15.0136,15.0136,15.0127,15.0119,15.0121,15.0121,15.0113,15.0117,15.0118,15.0128,15.0128,15.0113,15.011,15.0096,15.0105,15.0109,15.0087,15.0087,15.0078,15.0081,15.0081,15.0085,15.0079,15.0073,15.0074,15.0079,15.0073,15.0073,15.0075,15.0075,15.0069,15.008,15.0083,15.0076,15.008,15.0077,15.0077,15.0069,15.0074,15.0067,15.0067,15.0064,15.0062,15.0057,15.0047,15.0049,15.0052,15.0052,15.0054,15.0057,
Tue Apr 14 2020 01:36:59 GMT-0400 (Eastern Daylight Time)
15.0062,15.0059,15.0065,15.0067,15.0072,15.0069,15.007,15.0084,15.0084,15.0101,15.0091,15.0085,15.0092,15.0095,15.0069,15.0069,15.0081,15.0081,15.0076,15.0074,15.0081,15.0085,15.0073,15.0073,15.0079,15.0076,15.0072,15.0079,15.0084,15.0084,15.0067,15.006,15.0064,15.0066,15.0058,15.0044,15.0044,15.0037,15.004,15.0035,15.0035,15.0041,15.0044,15.0051,15.0051,15.002,15.0024,15.0034,15.0031,15.0028,15.0028,15.0018,15.0018,15.0029,15.0023,15.002,15.0015,15.0024,15.0024,15.003,
Tue Apr 14 2020 01:38:00 GMT-0400 (Eastern Daylight Time)
15.0035,15.0039,15.0039,15.002,15.0024,15.0029,15.0002,15.0006,15.0012,15.0014,15.0017,15.001,15.0004,15.0004,15.0007,15.0016,15.0016,15.0024,15.0024,15.0023,15.0025,15.0025,15.0016,15.002,15.0023,15.0025,15.0027,15.0036,15.0044,15.0047,15.0044,15.0039,15.0036,15.005,15.0053,15.0052,15.0057,15.0053,15.0053,15.0043,15.004,15.0038,15.0041,15.0038,15.0032,15.0039,15.0032,15.0032,15.0032,15.0035,15.0035,15.0036,15.0051,15.0054,15.0047,15.0069,15.0071,15.0068,15.0074,15.0056,
Tue Apr 14 2020 01:39:00 GMT-0400 (Eastern Daylight Time)
15.0049,15.0053,15.0052,15.0054,15.0054,15.0057,15.0054,15.0049,15.0046,15.0035,15.0031,15.0029,15.0031,15.0035,15.0029,15.0026,15.003,15.0019,15.0014,15.0014,15.0002,15.0005,15.0008,15.0013,15.0018,15.0018,15.002,15.0016,15.002,15.001,15.0013,15.0016,15.0013,15.0016,15.0011,15.0025,15.0025,15.0029,15.0029,15.0035,15.0033,15.0034,15.0034,15.0024,15.0019,15.0022,15.002,15.0018,15.0018,15.0016,15.0016,15.001,15.0018,15.0041,15.0038,15.0028,15.0028,15.0028,15.0027,15.0018,
Tue Apr 14 2020 01:40:00 GMT-0400 (Eastern Daylight Time)
15.0021,15.0024,15.0028,15.002,15.0025,15.0025,15.004,15.0036,15.004,15.0037,15.0037,15.003,15.003,15.0033,15.0033,15.0031,15.0034,15.0026,15.0038,15.0041,15.0041,15.0045,15.0047,15.0047,15.0047,15.0052,15.0054,15.0051,15.0047,15.0043,15.005,15.006,15.0063,15.0063,15.0068,15.0074,15.0077,15.0073,15.0069,15.0069,15.0071,15.0083,15.0085,15.0083,15.0083,15.0099,15.0095,15.008,15.0101,15.0104,15.0096,15.0106,15.0099,15.009,15.0088,15.0085,15.0087,15.0087,15.0087,15.009,
Tue Apr 14 2020 01:40:59 GMT-0400 (Eastern Daylight Time)
15.009,15.009,15.009,15.009,15.009,15.009,15.0085,15.0088,15.0081,15.0081,15.0077,15.0077,15.0072,15.0072,15.0068,15.0072,15.0072,15.0075,15.0073,15.008,15.0083,15.0079,15.0069,15.0065,15.0062,15.0068,15.006,15.0062,15.0062,15.0062,15.0062,15.0065,15.0055,15.005,15.005,15.005,15.0053,15.0053,15.0051,15.0066,15.0063,15.0067,15.0061,15.004,15.004,15.004,15.0044,15.0037,15.0042,15.0038,15.0035,15.0024,15.0015,15.002,15.002,15.001,15.001,15.0013,15.0005,15.0002,
Tue Apr 14 2020 01:41:59 GMT-0400 (Eastern Daylight Time)
15.0009,15.0008,15.0008,15,15.0021,15.0021,15.0021,15.0043,15.004,15.0042,15.0029,15.0022,15.0027,15.0023,15.0023,15.0035,15.0044,15.0036,15.0036,15.0038,15.0034,15.0031,15.0049,15.0048,15.0042,15.0047,15.0053,15.0049,15.0049,15.0045,15.0048,15.0046,15.0043,15.0031,15.0036,15.0026,15.0024,15.0037,15.0037,15.0037,15.0047,15.005,15.005,15.0039,15.0041,15.0036,15.0033,15.0027,15.0032,15.0032,15.0037,15.0037,15.0046,15.0049,15.0046,15.0046,15.0047,15.0042,15.0048,15.0046,
Tue Apr 14 2020 01:42:59 GMT-0400 (Eastern Daylight Time)
15.0046,15.0046,15.0048,15.0051,15.0051,15.0051,15.0053,15.005,15.0052,15.0052,15.0052,15.0049,15.0052,15.0052,15.0048,15.0043,15.0037,15.0013,15.0013,15.0009,15.0007,14.9998,14.998,14.9982,14.9982,14.9986,14.9989,14.9983,14.9985,14.9982,14.9985,14.9985,14.9981,14.9978,14.9978,14.9968,14.9968,14.9967,14.9964,14.9956,14.9956,14.9956,14.9954,14.9952,14.994,14.995,14.995,14.9953,14.9953,14.9956,14.9957,14.994,14.9943,14.9947,14.9947,14.9947,14.9944,14.9944,14.9944,14.9943,
Tue Apr 14 2020 01:43:59 GMT-0400 (Eastern Daylight Time)
14.9943,14.9943,14.993,14.9937,14.994,14.9943,14.9934,14.9938,14.9941,14.9941,14.994,14.9942,14.9942,14.995,14.995,14.9951,14.9951,14.9954,14.9956,14.9956,14.9961,14.9963,14.9963,14.9953,14.9946,14.9945,14.9945,14.9936,14.9939,14.9938,14.9938,14.9944,14.9931,14.9929,14.9931,14.9933,14.9939,14.9943,14.9938,14.9935,14.9932,14.9934,14.9945,14.9932,14.993,14.9931,14.9925,14.9925,14.9928,14.9924,14.9929,14.9936,14.9936,14.9936,14.9941,14.9931,14.9931,14.9929,14.9926,14.9932,
Tue Apr 14 2020 01:44:59 GMT-0400 (Eastern Daylight Time)
14.9942,14.9954,14.9951,14.9951,14.9927,14.9931,14.9934,14.9932,14.9925,14.9923,14.9928,14.9924,14.9927,14.9925,14.9925,14.992,14.992,14.9924,14.9921,14.9922,14.9925,14.9927,14.9921,14.9917,14.9916,14.9916,14.9904,14.991,14.9921,14.9924,14.9924,14.992,14.9929,14.9927,14.9923,14.9933,14.9924,14.993,14.993,14.9936,14.9938,14.9938,14.9942,14.9924,14.9924,14.9924,14.9928,14.9938,14.9938,14.994,14.9938,14.9936,14.9939,14.9951,14.995,14.9953,14.9958,14.9962,14.9962,14.9962,
Tue Apr 14 2020 01:46:00 GMT-0400 (Eastern Daylight Time)
14.9964,14.9959,14.9959,14.996,14.996,14.9956,14.9956,14.9958,14.9955,14.9955,14.9952,14.9953,14.995,14.994,14.994,14.9938,14.9935,14.9935,14.9935,14.994,14.993,14.993,14.9928,14.9913,14.9911,14.9911,14.9907,14.9897,14.9899,14.9896,14.9899,14.9893,14.9893,14.9891,14.9902,14.9899,14.9885,14.9894,14.989,14.9903,14.9917,14.9922,14.9925,14.9927,14.9929,14.9929,14.9932,14.9925,14.9932,14.9932,14.9932,14.9933,14.9924,14.9924,14.9922,14.9922,14.993,14.9939,14.9935,14.9946,
Tue Apr 14 2020 01:46:59 GMT-0400 (Eastern Daylight Time)
14.9947,14.9942,14.9942,14.9971,14.9975,14.9975,14.9975,14.9979,14.9976,14.9973,14.9967,14.9967,14.9975,14.9975,14.9978,14.9977,14.9977,14.9972,14.996,14.996,14.9951,14.9947,14.9947,14.9943,14.9936,14.9928,14.9925,14.9931,14.993,14.9922,14.9913,14.991,14.9904,14.9899,14.9907,14.9905,14.99,14.9889,14.9892,14.9889,14.9889,14.9891,14.9887,14.9887,14.9887,14.9884,14.9893,14.9888,14.9893,14.9897,14.99,14.9905,14.9909,14.9915,14.9915,14.991,14.991,14.9913,14.9914,14.9917,
Tue Apr 14 2020 01:48:00 GMT-0400 (Eastern Daylight Time)
14.9908,14.9912,14.9908,14.9912,14.9912,14.9912,14.9912,14.9931,14.995,14.9946,14.9946,14.994,14.9955,14.9954,14.9954,14.9967,14.997,14.9967,14.9967,14.9965,14.9965,14.9965,14.9965,14.9968,14.9969,14.9969,14.9971,14.9966,14.9962,14.9959,14.9954,14.9951,14.9938,14.9938,14.994,14.994,14.9943,14.9956,14.9953,14.9962,14.9965,14.9967,14.9961,14.9961,14.9984,14.9978,14.998,14.9975,14.998,14.998,14.9973,14.9979,14.9986,14.9984,14.9982,14.9985,14.9978,14.9981,14.9981,14.9975,
