Wed Apr 15 2020 18:42:53 GMT-0400 (Eastern Daylight Time)
15.4816,15.4826,15.4826,15.4826,15.4829,15.4827,15.483,15.483,15.483,15.4849,15.4845,15.4842,15.4834,15.4834,15.4823,15.4823,15.4803,15.4803,15.4802,15.4802,15.4799,15.4796,15.479,15.4786,15.4777,15.4775,15.4775,15.4772,15.4777,15.4784,15.4784,15.4783,15.4787,15.478,15.4783,15.4805,15.4809,15.4809,15.4804,15.4797,15.4788,15.479,15.479,15.4765,15.4756,15.477,15.476,15.476,15.4755,15.4751,15.4749,15.4746,15.4752,15.4749,15.4742,15.4744,15.4738,15.4738,15.4731,15.4735,
Wed Apr 15 2020 18:43:53 GMT-0400 (Eastern Daylight Time)
15.4738,15.4734,15.4732,15.4754,15.4751,15.4749,15.4752,15.4748,15.475,15.4753,15.4753,15.4756,15.475,15.4757,15.4753,15.4742,15.4747,15.4747,15.4758,15.476,15.4764,15.4757,15.4757,15.4752,15.4755,15.4763,15.4767,15.4766,15.4767,15.4772,15.4776,15.4777,15.4794,15.4794,15.4785,15.4782,15.4784,15.4786,15.4784,15.4781,15.4781,15.4781,15.4781,15.4783,15.4779,15.4779,15.4782,15.4785,15.4793,15.4793,15.4785,15.4793,15.4787,15.4784,15.4789,15.4798,15.4797,15.4797,15.4791,15.4797,
Wed Apr 15 2020 18:44:53 GMT-0400 (Eastern Daylight Time)
15.4804,15.4807,15.4807,15.4819,15.4815,15.4815,15.481,15.4812,15.4819,15.4816,15.4816,15.4816,15.4841,15.4841,15.4841,15.4841,15.4842,15.4842,15.4867,15.4867,15.4864,15.487,15.487,15.4875,15.4882,15.4879,15.4888,15.489,15.489,15.4893,15.489,15.489,15.4885,15.4875,15.4878,15.4878,15.4887,15.4882,15.4859,15.4861,15.485,15.485,15.4847,15.4844,15.4844,15.4847,15.4854,15.4857,15.4866,15.4866,15.486,15.4857,15.4852,15.4852,15.4854,15.4854,15.4859,15.4859,15.4859,15.4859,
Wed Apr 15 2020 18:45:53 GMT-0400 (Eastern Daylight Time)
15.4856,15.4855,15.4855,15.4845,15.4849,15.4845,15.4834,15.4831,15.4817,15.4813,15.481,15.4816,15.4804,15.4804,15.4804,15.4801,15.4802,15.4804,15.4797,15.4799,15.4802,15.481,15.4812,15.4805,15.4802,15.4805,15.4805,15.4804,15.4809,15.4798,15.4794,15.4787,15.4795,15.4793,15.4792,15.4785,15.4783,15.4783,15.479,15.4794,15.4791,15.4793,15.479,15.4793,15.4803,15.4801,15.4801,15.4784,15.477,15.4773,15.477,15.4766,15.4771,15.4774,15.4777,15.4774,15.477,15.4776,15.4779,15.4765,
Wed Apr 15 2020 18:46:53 GMT-0400 (Eastern Daylight Time)
15.4763,15.4767,15.4767,15.4774,15.4766,15.4761,15.4773,15.478,15.478,15.4776,15.4776,15.4778,15.4774,15.4774,15.4777,15.4773,15.4775,15.4771,15.4771,15.4771,15.4765,15.4773,15.4773,15.478,15.478,15.4785,15.4783,15.4783,15.4786,15.4784,15.4779,15.4785,15.4782,15.4758,15.4764,15.4765,15.4762,15.4759,15.4756,15.4744,15.4744,15.4739,15.473,15.4727,15.4724,15.4724,15.4724,15.4724,15.4726,15.4729,15.473,15.4733,15.473,15.4726,15.4723,15.473,15.473,15.4738,15.4735,15.4738,
Wed Apr 15 2020 18:47:53 GMT-0400 (Eastern Daylight Time)
15.4733,15.4739,15.4734,15.4734,15.4737,15.4744,15.4741,15.4741,15.4749,15.4748,15.4745,15.4745,15.4756,15.4759,15.4759,15.4766,15.4769,15.4775,15.4775,15.4779,15.4771,15.4778,15.4775,15.4781,15.4783,15.4787,15.479,15.4793,15.4793,15.4795,15.4787,15.4791,15.4789,15.4793,15.4787,15.4791,15.4787,15.4791,15.4791,15.4791,15.4785,15.478,15.4776,15.4782,15.4782,15.4788,15.4795,15.4787,15.4782,15.4782,15.4779,15.4784,15.4785,15.4802,15.4799,15.4795,15.4795,15.4793,15.4784,15.4778,
Wed Apr 15 2020 18:48:53 GMT-0400 (Eastern Daylight Time)
15.4779,15.4784,15.4778,15.478,15.4774,15.477,15.477,15.477,15.4773,15.4776,15.4783,15.4787,15.479,15.479,15.4785,15.4783,15.4783,15.4781,15.4754,15.4757,15.4759,15.4757,15.4754,15.4756,15.4756,15.4764,15.4761,15.477,15.4765,15.4793,15.4793,15.4796,15.4799,15.4801,15.4804,15.4804,15.4811,15.4803,15.4805,15.4808,15.4808,15.4822,15.482,15.4817,15.4824,15.4825,15.4822,15.482,15.4829,15.4821,15.4821,15.4826,15.4827,15.4827,15.4827,15.483,15.4833,15.4839,15.4831,15.4831,
Wed Apr 15 2020 18:49:53 GMT-0400 (Eastern Daylight Time)
15.4835,15.484,15.4847,15.4844,15.4841,15.4849,15.4852,15.4876,15.4879,15.4892,15.4896,15.4896,15.4899,15.4904,15.4901,15.4898,15.4898,15.4901,15.4901,15.4886,15.4876,15.4868,15.4865,15.4865,15.4858,15.4862,15.4864,15.4864,15.4864,15.4868,15.4866,15.4866,15.4869,15.4874,15.4878,15.4883,15.4887,15.4876,15.487,15.4865,15.4867,15.4863,15.4866,15.4864,15.4861,15.4863,15.4867,15.487,15.4877,15.4861,15.4861,15.4857,15.4862,15.4857,15.486,15.486,15.4861,15.4875,15.4881,15.4875,
Wed Apr 15 2020 18:50:53 GMT-0400 (Eastern Daylight Time)
15.4875,15.4873,15.4873,15.4873,15.4873,15.4858,15.486,15.4857,15.4857,15.4855,15.4862,15.4858,15.4861,15.4854,15.4857,15.4857,15.4857,15.4851,15.4851,15.4851,15.4848,15.4848,15.4848,15.4848,15.4859,15.487,15.4867,15.4865,15.4865,15.4862,15.4857,15.4857,15.4853,15.4848,15.4844,15.4844,15.484,15.4837,15.484,15.484,15.4831,15.4834,15.4838,15.4826,15.4822,15.4846,15.4851,15.4851,15.4847,15.485,15.485,15.486,15.4863,15.4873,15.487,15.487,15.4873,15.4879,15.4882,15.4884,
Wed Apr 15 2020 18:51:53 GMT-0400 (Eastern Daylight Time)
15.4884,15.4884,15.4884,15.4877,15.4877,15.4885,15.489,15.489,15.489,15.4894,15.4904,15.4904,15.4904,15.4899,15.4899,15.4897,15.491,15.4907,15.4903,15.4934,15.4937,15.4924,15.4924,15.4931,15.4928,15.4927,15.4906,15.4906,15.4899,15.49,15.4904,15.4901,15.4898,15.4903,15.4905,15.4912,15.4915,15.4918,15.4916,15.4922,15.4922,15.492,15.492,15.4925,15.4929,15.4925,15.4928,15.4925,15.4925,15.4937,15.4937,15.4937,15.4932,15.4932,15.4927,15.493,15.4927,15.4952,15.4952,15.4944,
Wed Apr 15 2020 18:52:53 GMT-0400 (Eastern Daylight Time)
15.4944,15.4933,15.4933,15.4929,15.4933,15.4936,15.4931,15.4926,15.4926,15.4934,15.494,15.494,15.4936,15.4942,15.4946,15.4946,15.4944,15.4943,15.494,15.4931,15.4931,15.4917,15.4915,15.4909,15.4905,15.4905,15.4915,15.4909,15.4917,15.4928,15.4925,15.4927,15.4922,15.4895,15.4887,15.4865,15.4867,15.4862,15.4865,15.4868,15.4868,15.4858,15.4858,15.485,15.485,15.4848,15.4831,15.4831,15.4831,15.4853,15.4849,15.4857,15.4851,15.4854,15.4863,15.4863,15.4865,15.4868,15.4872,15.4876,
Wed Apr 15 2020 18:53:53 GMT-0400 (Eastern Daylight Time)
15.4881,15.4871,15.4871,15.4871,15.487,15.4862,15.4858,15.4845,15.4845,15.4849,15.4849,15.4852,15.4852,15.4856,15.4856,15.485,15.4846,15.4843,15.485,15.485,15.485,15.4852,15.4854,15.4863,15.4863,15.4874,15.4874,15.4871,15.4872,15.4876,15.4859,15.4863,15.4863,15.4863,15.486,15.4857,15.4852,15.4852,15.4847,15.4853,15.4851,15.4866,15.4866,15.487,15.4874,15.4867,15.4872,15.4869,15.4863,15.4855,15.4852,15.4855,15.4855,15.4857,15.4863,15.4863,15.486,15.4867,15.4861,15.4869,
Wed Apr 15 2020 18:54:53 GMT-0400 (Eastern Daylight Time)
15.4872,15.4876,15.4872,15.4856,15.485,15.4857,15.4858,15.4858,15.4859,15.4848,15.4849,15.4846,15.4851,15.4849,15.4842,15.484,15.4843,15.4846,15.4832,15.4832,15.4832,15.4834,15.4842,15.4846,15.4836,15.4832,15.4834,15.4834,15.4831,15.4831,15.4831,15.4826,15.4828,15.4828,15.4831,15.4828,15.4828,15.4833,15.4833,15.4839,15.4848,15.4843,15.4846,15.4843,15.4841,15.4844,15.4841,15.4847,15.4856,15.4866,15.4875,15.4875,15.4872,15.4863,15.4863,15.4863,15.4884,15.4872,15.4869,15.4873,
Wed Apr 15 2020 18:55:53 GMT-0400 (Eastern Daylight Time)
15.4873,15.4876,15.4863,15.4863,15.4862,15.4859,15.4856,15.4849,15.4852,15.4839,15.4839,15.4841,15.4841,15.4836,15.4839,15.4836,15.483,15.4826,15.4831,15.4834,15.4836,15.4826,15.4821,15.4813,15.4813,15.4811,15.4806,15.4806,15.4804,15.4784,15.4788,15.4776,15.4771,15.4771,15.4771,15.4771,15.4765,15.4759,15.4755,15.4761,15.4764,15.4766,15.477,15.476,15.4757,15.4752,15.4744,15.4744,15.475,15.4747,15.4751,15.4756,15.4751,15.4752,15.4752,15.4747,15.475,15.4743,15.474,15.474,
Wed Apr 15 2020 18:56:53 GMT-0400 (Eastern Daylight Time)
15.474,15.4733,15.4739,15.4742,15.4745,15.4745,15.4737,15.4734,15.4737,15.4734,15.4747,15.4743,15.4743,15.4729,15.4732,15.4734,15.4727,15.4724,15.4724,15.4724,15.4722,15.4726,15.4729,15.4727,15.4727,15.4734,15.4727,15.4742,15.4746,15.4748,15.4755,15.4752,15.4734,15.4733,15.4742,15.474,15.4744,15.4737,15.4737,15.4729,15.4729,15.4758,15.4758,15.4758,15.4754,15.4746,15.4757,15.4732,15.4732,15.4732,15.4737,15.4746,15.4767,15.4762,15.4759,15.4762,15.4759,15.4754,15.4752,15.4755,
Wed Apr 15 2020 18:57:53 GMT-0400 (Eastern Daylight Time)
15.4755,15.4729,15.4742,15.4746,15.4749,15.4752,15.4752,15.4747,15.4747,15.475,15.4757,15.4749,15.4754,15.4766,15.4773,15.478,15.4785,15.4788,15.4783,15.4796,15.4789,15.4786,15.4787,15.4787,15.4775,15.4775,15.4764,15.4762,15.4767,15.4767,15.4772,15.4779,15.4779,15.4783,15.4773,15.4776,15.4781,15.4786,15.4781,15.4781,15.4778,15.4776,15.4781,15.4783,15.4779,15.4776,15.4767,15.4766,15.4766,15.4766,15.4774,15.477,15.477,15.4775,15.4772,15.4768,15.4766,15.477,15.4767,15.4768,
Wed Apr 15 2020 18:58:53 GMT-0400 (Eastern Daylight Time)
15.4768,15.4756,15.4753,15.4753,15.4759,15.4761,15.4753,15.4753,15.475,15.475,15.4745,15.4733,15.4741,15.4749,15.4746,15.4746,15.4744,15.4733,15.4739,15.4742,15.4737,15.4733,15.475,15.4746,15.4746,15.4746,15.4756,15.4755,15.475,15.4748,15.4751,15.4747,15.4758,15.4762,15.478,15.4767,15.4764,15.476,15.4771,15.4759,15.4751,15.4747,15.4738,15.4738,15.4726,15.4726,15.4729,15.4729,15.4722,15.4722,15.4718,15.4718,15.4723,15.4718,15.4715,15.4716,15.4706,15.4706,15.4699,15.4701,
Wed Apr 15 2020 18:59:53 GMT-0400 (Eastern Daylight Time)
15.4699,15.4713,15.4718,15.4722,15.4719,15.4716,15.4694,15.4695,15.4695,15.4676,15.4679,15.4679,15.4684,15.4678,15.4666,15.467,15.4673,15.4676,15.4675,15.4685,15.4696,15.4689,15.4701,15.4694,15.4686,15.4689,15.4691,15.47,15.47,15.4705,15.4719,15.4721,15.4721,15.4718,15.4726,15.4705,15.4712,15.472,15.472,15.472,15.472,15.4716,15.4707,15.4712,15.4712,15.4726,15.4707,15.4707,15.4714,15.4718,15.4719,15.4712,15.4712,15.4718,15.4724,15.4724,15.473,15.4717,15.471,15.471,
Wed Apr 15 2020 19:00:53 GMT-0400 (Eastern Daylight Time)
15.4714,15.4714,15.472,15.4725,15.4719,15.4711,15.4715,15.4707,15.4715,15.4715,15.4715,15.4724,15.4726,15.4726,15.4717,15.4717,15.472,15.472,15.4723,15.4721,15.4721,15.4754,15.4764,15.4766,15.4769,15.4769,15.4777,15.4776,15.4776,15.4782,15.4765,15.4759,15.4759,15.4766,15.477,15.4773,15.4776,15.4766,15.4762,15.4768,15.4764,15.4764,15.4769,15.4775,15.4771,15.4792,15.4795,15.48,15.48,15.4797,15.4797,15.4803,15.4798,15.4792,15.4796,15.4809,15.4823,15.4823,15.4826,15.4826,
Wed Apr 15 2020 19:01:53 GMT-0400 (Eastern Daylight Time)
15.4829,15.4835,15.4835,15.4839,15.4835,15.4838,15.4847,15.4843,15.4843,15.4843,15.4844,15.4847,15.4852,15.4852,15.4872,15.4883,15.4858,15.4858,15.4857,15.4857,15.4851,15.4851,15.4838,15.4846,15.4846,15.4846,15.4841,15.4843,15.4843,15.4843,15.4838,15.483,15.4833,15.4826,15.483,15.4833,15.4832,15.4829,15.4829,15.483,15.4832,15.4829,15.4829,15.4817,15.4795,15.4793,15.4793,15.4793,15.4793,15.4793,15.48,15.4795,15.4804,15.4827,15.4832,15.4832,15.4835,15.4839,15.4843,15.4843,
Wed Apr 15 2020 19:02:54 GMT-0400 (Eastern Daylight Time)
15.4844,15.484,15.4846,15.4863,15.4865,15.4867,15.4864,15.4855,15.4857,15.486,15.4866,15.484,15.4836,15.4833,15.484,15.4835,15.4838,15.4838,15.4833,15.4837,15.4839,15.4839,15.4839,15.4836,15.4845,15.4865,15.4868,15.4872,15.487,15.487,15.4871,15.486,15.486,15.4866,15.4875,15.4875,15.4879,15.4879,15.4879,15.4879,15.4884,15.4885,15.4885,15.4887,15.49,15.4909,15.4914,15.4923,15.4918,15.4915,15.4918,15.4918,15.4912,15.4912,15.4918,15.4925,15.4927,15.4927,15.493,15.4924,
Wed Apr 15 2020 19:03:53 GMT-0400 (Eastern Daylight Time)
15.4873,15.4878,15.4878,15.4878,15.4877,15.4879,15.4876,15.4876,15.4876,15.4879,15.4879,15.4888,15.4892,15.4909,15.4915,15.4911,15.4911,15.491,15.4916,15.491,15.4913,15.4922,15.4926,15.4938,15.4939,15.4939,15.4929,15.4924,15.4926,15.4926,15.4922,15.4918,15.4906,15.4906,15.4901,15.4901,15.4892,15.4888,15.4905,15.4905,15.4904,15.4904,15.4891,15.4886,15.4889,15.487,15.4883,15.4883,15.4876,15.4873,15.4873,15.4873,15.4886,15.4879,15.4873,15.487,15.4882,15.4885,15.4892,15.4895,
Wed Apr 15 2020 19:04:53 GMT-0400 (Eastern Daylight Time)
15.4893,15.4887,15.4887,15.4883,15.4883,15.4873,15.4858,15.4849,15.4849,15.4849,15.4845,15.4863,15.4863,15.4867,15.4874,15.4874,15.4874,15.4884,15.4876,15.4881,15.4884,15.4884,15.4883,15.4878,15.4878,15.4883,15.4878,15.4881,15.4878,15.486,15.4853,15.4853,15.4854,15.4854,15.487,15.4866,15.4863,15.4863,15.4866,15.4871,15.4868,15.4875,15.4885,15.4885,15.4882,15.4874,15.487,15.4874,15.488,15.4877,15.4874,15.4874,15.4867,15.4869,15.4872,15.4872,15.4868,15.4864,15.4859,15.4855,
Wed Apr 15 2020 19:05:53 GMT-0400 (Eastern Daylight Time)
15.4851,15.4851,15.4855,15.4863,15.4859,15.4863,15.4872,15.4874,15.4874,15.487,15.4859,15.4867,15.4875,15.4882,15.4869,15.4864,15.4864,15.4861,15.4873,15.4865,15.487,15.487,15.4873,15.4873,15.4872,15.4884,15.489,15.4899,15.4899,15.4895,15.4893,15.489,15.4894,15.4894,15.4893,15.4896,15.4896,15.4879,15.4895,15.49,15.49,15.4902,15.4902,15.4905,15.4902,15.4902,15.4899,15.4899,15.4893,15.4888,15.4885,15.4881,15.4881,15.4886,15.4892,15.4886,15.489,15.4889,15.4894,15.4897,
Wed Apr 15 2020 19:06:53 GMT-0400 (Eastern Daylight Time)
15.49,15.4883,15.4896,15.4896,15.4896,15.4898,15.4889,15.4891,15.49,15.4905,15.4901,15.4901,15.4905,15.4905,15.4908,15.4906,15.4911,15.4911,15.4905,15.4902,15.4902,15.4915,15.4933,15.493,15.492,15.4919,15.4922,15.4927,15.4932,15.4923,15.4927,15.4924,15.4921,15.4914,15.4916,15.4916,15.4912,15.4901,15.4905,15.4905,15.4905,15.4909,15.4907,15.4911,15.4905,15.4912,15.4919,15.4932,15.4935,15.4937,15.4943,15.4945,15.4938,15.4935,15.4929,15.4929,15.4925,15.4913,15.491,15.491,
Wed Apr 15 2020 19:07:53 GMT-0400 (Eastern Daylight Time)
15.4907,15.4908,15.4903,15.4899,15.4896,15.4893,15.4881,15.4884,15.4879,15.4868,15.487,15.487,15.4868,15.4873,15.4855,15.4851,15.4842,15.4845,15.4842,15.4838,15.4834,15.4838,15.4851,15.4848,15.4844,15.4847,15.4852,15.4852,15.4864,15.4864,15.4862,15.4862,15.4867,15.4864,15.486,15.4835,15.4833,15.4836,15.4838,15.4843,15.4843,15.4852,15.486,15.4847,15.4845,15.4834,15.4844,15.4846,15.4843,15.4841,15.4837,15.4834,15.4836,15.4833,15.484,15.4843,15.4846,15.4852,15.4852,15.485,
Wed Apr 15 2020 19:08:53 GMT-0400 (Eastern Daylight Time)
15.4875,15.4877,15.4877,15.488,15.4884,15.4885,15.4885,15.4887,15.4888,15.4888,15.4883,15.4885,15.4892,15.4898,15.4909,15.4907,15.4912,15.49,15.4905,15.4889,15.4897,15.4897,15.489,15.4884,15.4878,15.4878,15.4886,15.488,15.4876,15.4876,15.4872,15.4867,15.4873,15.4875,15.4881,15.4884,15.4887,15.4887,15.489,15.489,15.4885,15.4885,15.4882,15.4877,15.4858,15.4858,15.486,15.4859,15.485,15.4847,15.4845,15.4843,15.485,15.4847,15.4844,15.4842,15.483,15.4831,15.4831,15.4829,
Wed Apr 15 2020 19:09:53 GMT-0400 (Eastern Daylight Time)
15.4833,15.4836,15.4836,15.4826,15.4829,15.4836,15.4834,15.4836,15.4836,15.4836,15.4832,15.4832,15.4837,15.4843,15.484,15.4849,15.4852,15.4852,15.4847,15.4845,15.484,15.484,15.4831,15.4828,15.4828,15.4834,15.4843,15.4842,15.4839,15.4839,15.4841,15.4841,15.4845,15.4845,15.4842,15.4843,15.4853,15.4857,15.487,15.4867,15.4873,15.4856,15.4862,15.4849,15.4852,15.4848,15.4843,15.4847,15.4847,15.4847,15.4851,15.486,15.4875,15.487,15.4873,15.4867,15.4862,15.4866,15.4869,15.4876,
Wed Apr 15 2020 19:10:53 GMT-0400 (Eastern Daylight Time)
15.4881,15.4881,15.4878,15.4886,15.4889,15.4891,15.4891,15.4891,15.4887,15.489,15.4884,15.4886,15.4883,15.4891,15.4891,15.4911,15.4911,15.4911,15.4909,15.491,15.4909,15.4905,15.4905,15.4898,15.4898,15.4894,15.4894,15.4886,15.4886,15.4897,15.4891,15.4897,15.49,15.4896,15.4897,15.4905,15.4907,15.4891,15.4894,15.49,15.4903,15.4887,15.4894,15.4895,15.4891,15.4894,15.4884,15.4887,15.4907,15.4907,15.4911,15.4918,15.4922,15.4916,15.4916,15.493,15.4945,15.4949,15.4949,15.4945,
Wed Apr 15 2020 19:12:54 GMT-0400 (Eastern Daylight Time)
15.4939,15.4826,15.4829,15.4835,15.4838,15.4831,15.484,15.4834,15.483,15.483,15.483,15.4834,15.4839,15.4842,15.4832,15.4823,15.482,15.4823,15.482,15.4815,15.4815,15.4818,15.4818,15.4818,15.4821,15.4824,15.4824,15.4842,15.484,15.4842,15.4833,15.4829,15.4829,15.4832,15.4832,15.4832,15.482,15.4816,15.4816,15.4812,15.4815,15.4818,15.4824,15.4822,15.4826,15.4836,15.4833,15.4836,15.4834,15.4831,15.4824,15.4829,15.4829,15.4823,15.4832,15.483,15.4826,15.4831,15.4835,15.483,
Wed Apr 15 2020 19:13:53 GMT-0400 (Eastern Daylight Time)
15.4824,15.4824,15.4819,15.4823,15.4823,15.4823,15.4814,15.4818,15.4818,15.4818,15.4815,15.4809,15.4814,15.4819,15.4819,15.482,15.483,15.4834,15.4841,15.4845,15.4837,15.484,15.484,15.4849,15.4845,15.485,15.485,15.4849,15.4851,15.4853,15.4854,15.4856,15.4853,15.485,15.4848,15.4851,15.4843,15.4846,15.4846,15.4843,15.4843,15.484,15.484,15.4838,15.4842,15.4846,15.4842,15.484,15.4857,15.4857,15.4857,15.4855,15.4855,15.4853,15.4852,15.4835,15.4832,15.4827,15.4827,15.4824,
Wed Apr 15 2020 19:14:53 GMT-0400 (Eastern Daylight Time)
15.4824,15.483,15.4823,15.4846,15.4848,15.4851,15.4851,15.4852,15.4854,15.4843,15.4854,15.485,15.4842,15.4833,15.4825,15.4829,15.4833,15.4833,15.4833,15.4836,15.4833,15.4827,15.4827,15.4829,15.4826,15.4839,15.4839,15.4851,15.4851,15.4856,15.4859,15.4859,15.4865,15.4878,15.4878,15.4898,15.4902,15.4899,15.49,15.4895,15.4892,15.4916,15.4916,15.4926,15.4932,15.4936,15.4926,15.4923,15.4919,15.493,15.4926,15.4924,15.4927,15.4923,15.4927,15.4922,15.4922,15.4917,15.4917,15.4915,
Wed Apr 15 2020 19:15:54 GMT-0400 (Eastern Daylight Time)
15.4912,15.4909,15.4909,15.4894,15.4887,15.4885,15.49,15.4887,15.4887,15.4914,15.491,15.4891,15.4893,15.4893,15.4893,15.4891,15.4891,15.4891,15.4894,15.4913,15.4909,15.4909,15.4912,15.4911,15.4908,15.4911,15.4907,15.4903,15.49,15.49,15.4897,15.4905,15.4908,15.4911,15.4909,15.4913,15.4913,15.4916,15.4913,15.4909,15.4908,15.4908,15.4912,15.4902,15.4866,15.4851,15.4859,15.4865,15.4898,15.49,15.4898,15.4895,15.4887,15.489,15.4884,15.4887,15.489,15.489,15.4883,15.4886,
Wed Apr 15 2020 19:16:53 GMT-0400 (Eastern Daylight Time)
15.4886,15.4893,15.489,15.489,15.489,15.4881,15.4881,15.4885,15.4883,15.4872,15.4872,15.4878,15.4873,15.4873,15.4873,15.487,15.4871,15.4863,15.4863,15.4856,15.4854,15.4851,15.4855,15.4872,15.4872,15.4868,15.487,15.4867,15.4871,15.4876,15.4879,15.4875,15.4875,15.4867,15.487,15.4874,15.4879,15.4879,15.4876,15.487,15.4868,15.4868,15.4871,15.4875,15.4869,15.4881,15.4891,15.4897,15.4912,15.4908,15.4903,15.4907,15.4906,15.4901,15.4892,15.4895,15.4901,15.489,15.4888,15.489,
Wed Apr 15 2020 19:17:53 GMT-0400 (Eastern Daylight Time)
15.4893,15.4897,15.4897,15.4894,15.4891,15.4883,15.4883,15.4885,15.4883,15.4883,15.4879,15.4882,15.4882,15.4884,15.4881,15.4873,15.4869,15.4866,15.4867,15.4869,15.4866,15.4868,15.4872,15.4869,15.4869,15.4869,15.4859,15.4852,15.4854,15.4856,15.4861,15.4858,15.4847,15.4854,15.4852,15.4852,15.4846,15.4847,15.4847,15.4854,15.4865,15.4865,15.4851,15.4851,15.4855,15.4859,15.4869,15.4867,15.4867,15.4867,15.4864,15.4854,15.4864,15.4864,15.4867,15.4857,15.4864,15.4864,15.4864,15.4866,
Wed Apr 15 2020 19:18:53 GMT-0400 (Eastern Daylight Time)
15.4838,15.4843,15.4843,15.4851,15.4851,15.4855,15.4861,15.4856,15.4853,15.485,15.485,15.485,15.4856,15.4847,15.484,15.483,15.4821,15.4824,15.4827,15.4831,15.483,15.483,15.4838,15.4838,15.4836,15.4825,15.4822,15.4826,15.4827,15.4824,15.4824,15.4824,15.4824,15.4841,15.4854,15.4856,15.4856,15.4854,15.4841,15.4841,15.4839,15.482,15.4814,15.4814,15.4809,15.4809,15.4811,15.4811,15.4828,15.4828,15.4828,15.483,15.4819,15.4816,15.4824,15.4824,15.4823,15.4831,15.4832,15.4828,
Wed Apr 15 2020 19:19:54 GMT-0400 (Eastern Daylight Time)
15.4829,15.4834,15.4847,15.4844,15.4839,15.4842,15.4837,15.4818,15.4819,15.483,15.4836,15.4839,15.4842,15.485,15.485,15.4826,15.4824,15.4816,15.4832,15.4835,15.4845,15.4864,15.4872,15.4872,15.4867,15.487,15.487,15.4873,15.4876,15.4873,15.4873,15.4873,15.4876,15.4876,15.4856,15.4856,15.4869,15.4864,15.4859,15.4853,15.4859,15.4856,15.485,15.4839,15.4836,15.4832,15.4832,15.4852,15.4865,15.4867,15.4864,15.4863,15.4859,15.4861,15.4854,15.4852,15.4841,15.4838,15.4852,15.4855,
Wed Apr 15 2020 19:20:53 GMT-0400 (Eastern Daylight Time)
15.4846,15.485,15.485,15.4853,15.486,15.4856,15.4851,15.4848,15.4845,15.4837,15.4831,15.4827,15.4806,15.4807,15.4807,15.4804,15.4806,15.4805,15.4802,15.48,15.4803,15.4795,15.4803,15.481,15.4802,15.4792,15.4784,15.4778,15.4769,15.4771,15.4777,15.4777,15.4783,15.4783,15.4783,15.478,15.4779,15.4768,15.4758,15.4755,15.4759,15.4753,15.4767,15.4764,15.4763,15.4763,15.4761,15.4755,15.4762,15.4783,15.4783,15.4783,15.4788,15.4788,15.4793,15.4806,15.4802,15.4792,15.4783,15.4783,
Wed Apr 15 2020 19:21:53 GMT-0400 (Eastern Daylight Time)
15.48,15.4793,15.479,15.4777,15.4775,15.4779,15.4774,15.4768,15.4768,15.4768,15.4772,15.4772,15.4767,15.4756,15.476,15.4766,15.4775,15.4771,15.4774,15.4766,15.4762,15.4761,15.4769,15.476,15.4775,15.4775,15.4775,15.4775,15.4775,15.4752,15.4755,15.4742,15.4739,15.4742,15.4748,15.4744,15.475,15.4748,15.4743,15.4743,15.4745,15.4746,15.4749,15.4749,15.4749,15.4755,15.4755,15.4758,15.4765,15.4763,15.4759,15.4759,15.4759,15.4763,15.4756,15.4756,15.4776,15.4773,15.4777,15.4778,
Wed Apr 15 2020 19:22:53 GMT-0400 (Eastern Daylight Time)
15.478,15.4782,15.4779,15.4783,15.4783,15.478,15.4778,15.4774,15.4767,15.4771,15.4771,15.4781,15.4781,15.4778,15.4774,15.476,15.4755,15.4752,15.4745,15.4744,15.4748,15.475,15.4757,15.475,15.4748,15.4748,15.4748,15.4742,15.4742,15.4747,15.4742,15.4734,15.4726,15.4723,15.4723,15.4723,15.472,15.472,15.4723,15.4728,15.4719,15.4712,15.4715,15.4726,15.4736,15.4739,15.4739,15.4746,15.4738,15.4735,15.4732,15.4732,15.4727,15.4732,15.4736,15.4745,15.4742,15.4738,15.4734,15.474,
Wed Apr 15 2020 19:23:53 GMT-0400 (Eastern Daylight Time)
15.474,15.4752,15.4752,15.4756,15.4749,15.4752,15.4752,15.4749,15.477,15.4766,15.4766,15.4754,15.476,15.476,15.4758,15.4748,15.475,15.4757,15.476,15.4765,15.4765,15.477,15.477,15.4777,15.4771,15.4759,15.4762,15.4755,15.4751,15.473,15.4751,15.4748,15.4738,15.4733,15.4736,15.4736,15.4736,15.4727,15.4721,15.4719,15.4724,15.4717,15.4717,15.472,15.4736,15.473,15.4723,15.4723,15.4728,15.473,15.4733,15.473,15.4727,15.473,15.4717,15.4721,15.4724,15.4721,15.4721,15.4721,
Wed Apr 15 2020 19:24:53 GMT-0400 (Eastern Daylight Time)
15.4727,15.4729,15.4713,15.4733,15.4732,15.4732,15.4728,15.4728,15.473,15.473,15.4724,15.4724,15.4723,15.4726,15.4723,15.4726,15.4727,15.4724,15.4712,15.4719,15.4717,15.4714,15.471,15.4707,15.4727,15.4724,15.4724,15.4701,15.4692,15.4688,15.4688,15.4693,15.4706,15.4712,15.4718,15.4718,15.4724,15.4732,15.4732,15.473,15.4737,15.4732,15.4737,15.4737,15.4725,15.4728,15.4728,15.4725,15.4737,15.4731,15.4724,15.4728,15.4721,15.4725,15.4731,15.4731,15.4731,15.4732,15.4732,15.4732,
Wed Apr 15 2020 19:25:54 GMT-0400 (Eastern Daylight Time)
15.4747,15.4748,15.4751,15.4751,15.4744,15.4741,15.4741,15.4741,15.4753,15.4753,15.4768,15.4762,15.4755,15.4749,15.4749,15.4757,15.4752,15.4748,15.4755,15.4762,15.4751,15.4743,15.4738,15.473,15.4742,15.4745,15.4743,15.4734,15.4731,15.4734,15.4734,15.4727,15.4725,15.4735,15.4732,15.4732,15.4726,15.4727,15.472,15.472,15.472,15.4716,15.4726,15.4726,15.4726,15.472,15.4722,15.4722,15.4718,15.4725,15.4722,15.4722,15.4728,15.4732,15.4737,15.4737,15.4741,15.4735,15.4727,15.4727,
Wed Apr 15 2020 19:26:53 GMT-0400 (Eastern Daylight Time)
15.4716,15.4716,15.4719,15.4719,15.4725,15.4722,15.4722,15.4719,15.4719,15.4724,15.4727,15.473,15.4736,15.4751,15.4748,15.4745,15.4751,15.4746,15.4758,15.4755,15.476,15.4758,15.4758,15.4758,15.4761,15.4765,15.4759,15.4762,15.4746,15.476,15.4742,15.4739,15.4723,15.4705,15.4676,15.4666,15.4664,15.4676,15.4676,15.4676,15.4659,15.4661,15.4657,15.4642,15.4649,15.4658,15.4658,15.4654,15.4654,15.4651,15.4678,15.4678,15.4691,15.4694,15.471,15.4707,15.4704,15.4708,15.4712,15.4709,
Wed Apr 15 2020 19:27:54 GMT-0400 (Eastern Daylight Time)
15.4724,15.4723,15.4723,15.4701,15.4702,15.4698,15.4694,15.4694,15.47,15.4694,15.4696,15.4687,15.469,15.469,15.4693,15.469,15.469,15.4681,15.4671,15.4672,15.4674,15.4674,15.467,15.4673,15.4664,15.4668,15.4665,15.4661,15.4655,15.4655,15.4655,15.4666,15.4668,15.4665,15.4665,15.4661,15.4636,15.4642,15.4645,15.4645,15.4628,15.4628,15.4625,15.4621,15.4624,15.4624,15.4624,15.4603,15.4602,15.4599,15.4599,15.459,15.4587,15.4591,15.4595,15.4589,15.459,15.459,15.4597,15.4597,
Wed Apr 15 2020 19:28:53 GMT-0400 (Eastern Daylight Time)
15.4603,15.4593,15.4601,15.4601,15.4601,15.4601,15.4598,15.4592,15.4592,15.4569,15.4573,15.4579,15.4577,15.458,15.4591,15.4579,15.4572,15.4562,15.4565,15.4565,15.4549,15.4551,15.4549,15.4543,15.4541,15.4548,15.455,15.455,15.4554,15.4565,15.4565,15.4558,15.4561,15.4564,15.4566,15.4572,15.4567,15.457,15.4572,15.457,15.4563,15.4563,15.4556,15.4567,15.4576,15.4579,15.4565,15.4571,15.4572,15.4566,15.456,15.456,15.4564,15.4559,15.4557,15.4557,15.455,15.455,15.455,15.4553,
Wed Apr 15 2020 19:29:53 GMT-0400 (Eastern Daylight Time)
15.4561,15.4564,15.4561,15.4546,15.4548,15.4548,15.4545,15.4552,15.4552,15.4552,15.4547,15.4541,15.4535,15.4545,15.4551,15.4558,15.4565,15.4572,15.4563,15.456,15.456,15.4559,15.4565,15.4565,15.4575,15.4595,15.4589,15.4593,15.4601,15.4593,15.4582,15.458,15.458,15.4581,15.4581,15.4609,15.4614,15.4621,15.4624,15.4622,15.4617,15.4598,15.459,15.459,15.459,15.459,15.4579,15.4577,15.458,15.4579,15.4598,15.4598,15.4601,15.4584,15.4584,15.4584,15.4587,15.4581,15.4577,15.457,
Wed Apr 15 2020 19:30:53 GMT-0400 (Eastern Daylight Time)
15.457,15.457,15.4574,15.4586,15.4591,15.4591,15.4593,15.4593,15.4589,15.4605,15.46,15.4602,15.4602,15.4597,15.4594,15.4576,15.457,15.4574,15.4567,15.4564,15.4562,15.4555,15.4552,15.4552,15.4581,15.4593,15.4598,15.4598,15.4585,15.4581,15.4578,15.4582,15.4582,15.4565,15.4565,15.4561,15.4561,15.4569,15.4574,15.4572,15.4568,15.4578,15.4577,15.4574,15.4579,15.4588,15.4578,15.4578,15.4582,15.4581,15.4581,15.4579,15.4579,15.457,15.4567,15.4559,15.4573,15.4571,15.4565,15.4565,
Wed Apr 15 2020 19:31:53 GMT-0400 (Eastern Daylight Time)
15.456,15.4565,15.4569,15.4569,15.4572,15.457,15.4567,15.4571,15.4569,15.4575,15.457,15.457,15.4569,15.4568,15.4564,15.456,15.4562,15.4563,15.456,15.4559,15.4566,15.4586,15.4584,15.4581,15.4583,15.4586,15.4589,15.4585,15.4586,15.4601,15.4596,15.4606,15.4602,15.4604,15.46,15.4603,15.4605,15.4611,15.4617,15.4613,15.4616,15.4623,15.4621,15.4625,15.4622,15.4626,15.4626,15.4619,15.4619,15.4619,15.4622,15.4617,15.4625,15.462,15.4617,15.4615,15.4613,15.4593,15.459,15.4587,
Wed Apr 15 2020 19:32:53 GMT-0400 (Eastern Daylight Time)
15.4587,15.4587,15.459,15.459,15.4589,15.4631,15.4634,15.4634,15.4634,15.4631,15.4635,15.4641,15.4642,15.4641,15.4643,15.4635,15.4639,15.4607,15.4603,15.4589,15.4592,15.4598,15.4602,15.4599,15.4604,15.4592,15.4589,15.4595,15.4595,15.4578,15.4583,15.4583,15.4583,15.4565,15.4556,15.4556,15.4556,15.4549,15.4551,15.4548,15.4548,15.4543,15.4543,15.4545,15.4541,15.4546,15.4552,15.4552,15.4562,15.4566,15.4559,15.4555,15.4555,15.4567,15.457,15.4558,15.4556,15.4564,15.4561,15.4555,
Wed Apr 15 2020 19:33:53 GMT-0400 (Eastern Daylight Time)
15.4551,15.4548,15.4552,15.4552,15.4552,15.4551,15.4548,15.4548,15.4561,15.4557,15.4567,15.4563,15.456,15.456,15.4563,15.4563,15.456,15.4555,15.455,15.455,15.455,15.4542,15.4545,15.4536,15.4536,15.4542,15.4547,15.4542,15.4547,15.4552,15.4547,15.455,15.4552,15.4547,15.4547,15.4552,15.4552,15.4549,15.4553,15.4552,15.4572,15.4572,15.4572,15.4577,15.4572,15.4579,15.4585,15.458,15.4574,15.4578,15.4576,15.4574,15.458,15.4562,15.4569,15.4569,15.4572,15.4571,15.4572,15.4565,
Wed Apr 15 2020 19:34:53 GMT-0400 (Eastern Daylight Time)
15.4565,15.4562,15.4566,15.4564,15.4558,15.457,15.4566,15.4563,15.4572,15.4578,15.4575,15.4579,15.4578,15.457,15.4574,15.4577,15.4574,15.4578,15.4576,15.4579,15.4574,15.4576,15.4576,15.4576,15.4576,15.458,15.4588,15.4591,15.4606,15.4601,15.4611,15.4608,15.4611,15.462,15.4623,15.4623,15.4623,15.4614,15.4621,15.4621,15.4611,15.4613,15.4613,15.4621,15.4616,15.4616,15.462,15.4617,15.4625,15.4623,15.4627,15.4627,15.4632,15.4628,15.4626,15.4618,15.4625,15.4621,15.4621,15.4625,
Wed Apr 15 2020 19:35:53 GMT-0400 (Eastern Daylight Time)
15.4625,15.4622,15.4622,15.4618,15.4614,15.4617,15.4613,15.4614,15.4614,15.4616,15.4615,15.4618,15.462,15.4627,15.4621,15.4636,15.4643,15.4646,15.465,15.4655,15.4655,15.4647,15.465,15.4663,15.4657,15.4659,15.4662,15.4668,15.4671,15.469,15.469,15.4693,15.4695,15.4697,15.47,15.47,15.4703,15.47,15.4697,15.4703,15.4703,15.4698,15.4698,15.471,15.4705,15.469,15.469,15.4706,15.4706,15.4707,15.471,15.4713,15.4711,15.4707,15.471,15.471,15.4704,15.4704,15.4707,15.4703,
Wed Apr 15 2020 19:36:53 GMT-0400 (Eastern Daylight Time)
15.4707,15.471,15.471,15.4714,15.4714,15.4712,15.4712,15.4712,15.4727,15.4727,15.4731,15.4729,15.4729,15.4729,15.4723,15.4729,15.4743,15.4741,15.4738,15.473,15.4733,15.4735,15.4733,15.4736,15.4739,15.4749,15.4749,15.4749,15.4749,15.4757,15.4761,15.4766,15.4766,15.4756,15.4752,15.4748,15.475,15.4746,15.4752,15.4757,15.4745,15.4737,15.4719,15.4715,15.4718,15.4718,15.4715,15.4712,15.4715,15.4731,15.4736,15.471,15.4707,15.4716,15.4723,15.472,15.4715,15.4717,15.4691,15.4694,
Wed Apr 15 2020 19:37:53 GMT-0400 (Eastern Daylight Time)
15.4702,15.4692,15.4702,15.4699,15.4703,15.4711,15.4711,15.4713,15.4713,15.4701,15.4704,15.4701,15.4704,15.4707,15.4714,15.4715,15.4706,15.471,15.4702,15.4704,15.47,15.4688,15.4688,15.4696,15.4693,15.4691,15.4688,15.4689,15.4689,15.4686,15.4688,15.4688,15.4691,15.47,15.4707,15.4711,15.4708,15.4705,15.4711,15.4709,15.4704,15.4712,15.4721,15.4717,15.4736,15.4732,15.474,15.4729,15.4736,15.4743,15.4744,15.474,15.474,15.4748,15.4736,15.4723,15.472,15.4714,15.4712,15.472,
Wed Apr 15 2020 19:38:53 GMT-0400 (Eastern Daylight Time)
15.472,15.4725,15.4721,15.4723,15.4723,15.4723,15.4721,15.4718,15.4703,15.4699,15.4696,15.4691,15.4691,15.4691,15.4691,15.4691,15.4699,15.4709,15.4706,15.4709,15.4706,15.4687,15.4687,15.4689,15.469,15.4678,15.4681,15.4672,15.4677,15.4679,15.468,15.4673,15.467,15.4677,15.4677,15.4672,15.466,15.4655,15.4655,15.4652,15.4649,15.4651,15.4651,15.4653,15.4652,15.4656,15.4655,15.4657,15.4654,15.4652,15.4652,15.4652,15.4663,15.4676,15.4681,15.4693,15.4693,15.4692,15.4697,15.4693,
Wed Apr 15 2020 19:39:53 GMT-0400 (Eastern Daylight Time)
15.4714,15.4714,15.4694,15.4691,15.4688,15.4691,15.4692,15.4692,15.469,15.4695,15.4689,15.4685,15.4682,15.4678,15.4678,15.4673,15.467,15.4662,15.4655,15.4649,15.4622,15.4622,15.4626,15.4621,15.462,15.4628,15.4623,15.4636,15.4633,15.4644,15.4633,15.4639,15.4635,15.4633,15.463,15.463,15.4626,15.4626,15.4626,15.464,15.464,15.4638,15.4647,15.4649,15.4648,15.4652,15.4663,15.467,15.4677,15.468,15.468,15.4684,15.468,15.4685,15.468,15.4676,15.4661,15.4664,15.4648,15.4625,
Wed Apr 15 2020 19:40:53 GMT-0400 (Eastern Daylight Time)
15.4625,15.4622,15.462,15.461,15.461,15.4608,15.4608,15.4605,15.4605,15.4598,15.4595,15.4595,15.4595,15.4592,15.4589,15.4595,15.4595,15.4586,15.4597,15.4597,15.4597,15.4589,15.4589,15.4595,15.4595,15.4599,15.4591,15.4568,15.4571,15.4569,15.4564,15.4567,15.4562,15.4569,15.4569,15.4564,15.4586,15.4583,15.4581,15.4577,15.4577,15.4574,15.4572,15.4576,15.4573,15.4568,15.4571,15.4581,15.4595,15.4597,15.4601,15.4601,15.4598,15.4603,15.4608,15.4605,15.4605,15.4605,15.4624,15.4627,
Wed Apr 15 2020 19:41:53 GMT-0400 (Eastern Daylight Time)
15.4628,15.4628,15.4632,15.4634,15.4634,15.4623,15.4627,15.4625,15.464,15.4633,15.4636,15.4641,15.4644,15.4643,15.4638,15.464,15.4645,15.4637,15.4639,15.4631,15.4649,15.4652,15.466,15.4664,15.467,15.4673,15.4682,15.4685,15.4681,15.4681,15.4655,15.4658,15.4658,15.4651,15.465,15.4648,15.4642,15.4638,15.4647,15.4648,15.4645,15.4643,15.464,15.464,15.4655,15.4655,15.465,15.4651,15.4651,15.4645,15.4641,15.4641,15.4638,15.4644,15.4652,15.4649,15.4645,15.4645,15.4637,15.4637,
Wed Apr 15 2020 19:42:53 GMT-0400 (Eastern Daylight Time)
15.4642,15.4642,15.4632,15.4634,15.4634,15.4638,15.4637,15.464,15.4658,15.4662,15.4685,15.4689,15.4692,15.4692,15.4695,15.4691,15.4694,15.4699,15.4697,15.471,15.4713,15.472,15.4727,15.4727,15.4731,15.474,15.4742,15.4742,15.4739,15.4739,15.4751,15.4762,15.4762,15.4766,15.4763,15.4764,15.4769,15.4766,15.4781,15.4784,15.4783,15.4783,15.4805,15.4802,15.4787,15.4787,15.478,15.4785,15.4785,15.4785,15.478,15.478,15.478,15.4791,15.4823,15.4823,15.4822,15.4827,15.4827,15.4832,
Wed Apr 15 2020 19:44:53 GMT-0400 (Eastern Daylight Time)
15.4827,15.4806,15.4811,15.4814,15.4806,15.4806,15.4812,15.4818,15.4808,15.4808,15.4808,15.4805,15.4802,15.4802,15.4801,15.48,15.4804,15.4798,15.4801,15.4801,15.4796,15.4806,15.4821,15.4825,15.4817,15.482,15.4828,15.4833,15.4833,15.4828,15.4825,15.4828,15.483,15.4835,15.4823,15.482,15.4827,15.4827,15.4817,15.4809,15.4809,15.4814,15.4816,15.4813,15.4803,15.4808,15.4805,15.4809,15.4796,15.4796,15.4797,15.4797,15.4798,15.4801,15.4803,15.4797,15.4795,15.4795,15.4795,15.4789,
Wed Apr 15 2020 19:45:53 GMT-0400 (Eastern Daylight Time)
15.4787,15.4787,15.4782,15.4778,15.4782,15.4778,15.4778,15.4791,15.4785,15.479,15.4804,15.4804,15.4808,15.4811,15.478,15.4772,15.4772,15.4772,15.477,15.4773,15.4781,15.4784,15.4784,15.4786,15.477,15.477,15.4767,15.4767,15.4763,15.4763,15.4763,15.4763,15.4763,15.4763,15.4763,15.4763,15.4749,15.4714,15.4711,15.4685,15.4688,15.4693,15.4702,15.4696,15.469,15.4694,15.4689,15.4705,15.4682,15.4674,15.4677,15.4677,15.4675,15.4675,15.4688,15.4683,15.4678,15.4683,15.4685,15.4678,
Wed Apr 15 2020 19:46:53 GMT-0400 (Eastern Daylight Time)
15.4684,15.4681,15.4679,15.4675,15.4678,15.4678,15.4675,15.4681,15.4685,15.4685,15.4683,15.4685,15.4685,15.469,15.469,15.4692,15.4692,15.4692,15.4697,15.4681,15.4693,15.4689,15.4678,15.4672,15.4672,15.4672,15.4672,15.4672,15.4669,15.4665,15.4661,15.4663,15.4661,15.4664,15.4654,15.465,15.4645,15.4645,15.4649,15.4653,15.4655,15.4647,15.465,15.465,15.4649,15.4659,15.4663,15.4648,15.4636,15.4663,15.4654,15.4656,15.4662,15.4662,15.4665,15.4665,15.4674,15.4676,15.4664,15.4633,
Wed Apr 15 2020 19:47:53 GMT-0400 (Eastern Daylight Time)
15.4626,15.4621,15.4621,15.4628,15.4632,15.463,15.463,15.4634,15.4631,15.4627,15.4626,15.4623,15.4629,15.4632,15.4623,15.462,15.4625,15.4628,15.4642,15.4657,15.4663,15.4643,15.4646,15.4646,15.4643,15.4639,15.4639,15.4637,15.464,15.4634,15.4631,15.4634,15.4619,15.4623,15.4604,15.4615,15.4615,15.4615,15.4615,15.4611,15.4601,15.4592,15.459,15.4577,15.4577,15.4575,15.4573,15.457,15.4575,15.4552,15.4564,15.4564,15.4572,15.4572,15.4575,15.4569,15.4591,15.4586,15.4589,15.4589,
Wed Apr 15 2020 19:48:53 GMT-0400 (Eastern Daylight Time)
15.4586,15.4573,15.456,15.4563,15.4563,15.4566,15.4555,15.4575,15.4578,15.4578,15.4569,15.4574,15.4572,15.4587,15.4587,15.4587,15.46,15.4592,15.4597,15.4597,15.459,15.4567,15.4574,15.4581,15.4577,15.4565,15.4571,15.4571,15.4566,15.457,15.4564,15.4564,15.4564,15.4566,15.4546,15.4551,15.4555,15.4552,15.4565,15.4557,15.4557,15.455,15.4545,15.4547,15.4552,15.4549,15.4546,15.4541,15.4547,15.4551,15.4546,15.455,15.4545,15.4545,15.4545,15.4551,15.4548,15.4546,15.4538,15.4535,
Wed Apr 15 2020 19:49:53 GMT-0400 (Eastern Daylight Time)
15.452,15.452,15.4517,15.4517,15.452,15.4524,15.4532,15.4535,15.4534,15.4534,15.4543,15.4539,15.4525,15.4527,15.4527,15.4527,15.4524,15.4518,15.4518,15.4519,15.4519,15.4516,15.4519,15.4524,15.4524,15.4534,15.4526,15.4536,15.4528,15.4536,15.4534,15.4525,15.4527,15.4515,15.4518,15.4522,15.4526,15.4523,15.4519,15.4514,15.4514,15.4517,15.4517,15.452,15.4531,15.4531,15.4531,15.4534,15.4542,15.4539,15.4536,15.4524,15.4525,15.4525,15.4518,15.4511,15.4514,15.4514,15.4514,15.452,
Wed Apr 15 2020 19:50:53 GMT-0400 (Eastern Daylight Time)
15.4518,15.4518,15.452,15.453,15.4528,15.4532,15.4547,15.4551,15.4553,15.4552,15.4547,15.4548,15.4558,15.4558,15.4561,15.4555,15.4549,15.4544,15.4544,15.4538,15.4542,15.4536,15.4508,15.4505,15.4507,15.451,15.4515,15.4508,15.4515,15.4516,15.4516,15.452,15.4531,15.4536,15.4546,15.4541,15.4543,15.454,15.4547,15.4546,15.4536,15.4536,15.4532,15.4534,15.4534,15.4524,15.4524,15.4536,15.4533,15.4533,15.4536,15.453,15.4525,15.4525,15.4522,15.4523,15.4523,15.452,15.4517,15.451,
Wed Apr 15 2020 19:51:53 GMT-0400 (Eastern Daylight Time)
15.4516,15.4507,15.4507,15.4518,15.4507,15.45,15.4505,15.4489,15.4486,15.4486,15.4486,15.4491,15.45,15.4492,15.4487,15.4495,15.4495,15.4498,15.4498,15.4498,15.4501,15.4504,15.4501,15.4504,15.4502,15.4494,15.4497,15.4491,15.4488,15.4484,15.4489,15.4484,15.4488,15.4484,15.4484,15.4486,15.4481,15.4485,15.4486,15.4478,15.4481,15.4481,15.4484,15.4468,15.4471,15.4471,15.4479,15.4479,15.4482,15.4482,15.4485,15.4483,15.4498,15.4504,15.4526,15.4539,15.4549,15.4538,15.4534,15.4534,
Wed Apr 15 2020 19:52:53 GMT-0400 (Eastern Daylight Time)
15.4534,15.4531,15.4528,15.4528,15.456,15.4557,15.4557,15.4566,15.458,15.458,15.4584,15.4584,15.4575,15.4578,15.4581,15.4573,15.458,15.458,15.4581,15.4585,15.4599,15.4596,15.458,15.4568,15.458,15.4578,15.4583,15.4586,15.4586,15.4589,15.4589,15.4588,15.4583,15.459,15.4587,15.4596,15.4587,15.4589,15.4593,15.4593,15.4596,15.46,15.46,15.4595,15.4593,15.4596,15.4596,15.4588,15.4595,15.4617,15.4619,15.4608,15.4608,15.4599,15.4594,15.4601,15.4606,15.4602,15.4603,15.4601,
Wed Apr 15 2020 19:53:53 GMT-0400 (Eastern Daylight Time)
15.46,15.4607,15.4596,15.458,15.4576,15.4572,15.4579,15.4573,15.4559,15.4544,15.4547,15.4556,15.4552,15.4555,15.4552,15.4553,15.4553,15.4549,15.4546,15.4537,15.4541,15.4541,15.4544,15.4547,15.4529,15.4529,15.4544,15.4546,15.4549,15.4562,15.4558,15.4565,15.4579,15.4576,15.4573,15.4573,15.4573,15.4573,15.4573,15.4574,15.4576,15.4579,15.4573,15.4567,15.4567,15.4563,15.4572,15.4568,15.4579,15.4582,15.4585,15.4603,15.4612,15.4608,15.4605,15.4611,15.4606,15.4603,15.4603,15.46,
Wed Apr 15 2020 19:54:53 GMT-0400 (Eastern Daylight Time)
15.46,15.4597,15.46,15.4592,15.4584,15.4582,15.4582,15.4578,15.4572,15.4572,15.4569,15.4553,15.4551,15.4554,15.4558,15.456,15.4567,15.4563,15.4563,15.4552,15.4554,15.4551,15.4555,15.4552,15.4549,15.4546,15.455,15.455,15.4547,15.455,15.4553,15.4555,15.4558,15.4554,15.4554,15.4552,15.4575,15.4575,15.4565,15.4581,15.457,15.4566,15.4569,15.4567,15.4559,15.4557,15.4557,15.458,15.4586,15.4589,15.4594,15.4582,15.4575,15.4575,15.4573,15.4571,15.4563,15.4565,15.4574,15.4578,
Wed Apr 15 2020 19:55:53 GMT-0400 (Eastern Daylight Time)
15.4563,15.4565,15.4561,15.4565,15.4565,15.4562,15.4562,15.4559,15.4557,15.4549,15.4543,15.455,15.4538,15.4538,15.456,15.4557,15.4557,15.4557,15.4558,15.4558,15.4557,15.4555,15.456,15.4558,15.4558,15.4559,15.4558,15.4558,15.4538,15.4541,15.4535,15.453,15.4532,15.4546,15.455,15.4547,15.4547,15.4553,15.4541,15.4538,15.4536,15.4532,15.4541,15.4541,15.4538,15.4538,15.454,15.4537,15.4537,15.4537,15.4537,15.4518,15.4525,15.4522,15.4508,15.4486,15.4467,15.4465,15.4482,15.4478,
Wed Apr 15 2020 19:56:54 GMT-0400 (Eastern Daylight Time)
15.4491,15.4496,15.4488,15.4496,15.4502,15.4507,15.4507,15.451,15.451,15.451,15.451,15.4492,15.4486,15.4476,15.4476,15.4464,15.4464,15.4467,15.4464,15.4464,15.4469,15.4466,15.4464,15.4461,15.4454,15.4447,15.4445,15.4446,15.4447,15.445,15.4446,15.4424,15.4422,15.4419,15.4428,15.4448,15.4451,15.4451,15.4448,15.445,15.445,15.4447,15.444,15.4443,15.4443,15.4438,15.4451,15.4449,15.4454,15.4454,15.4457,15.4445,15.4445,15.4426,15.4431,15.4435,15.4435,15.4438,15.4435,15.4441,
Wed Apr 15 2020 19:57:53 GMT-0400 (Eastern Daylight Time)
15.4441,15.4435,15.4435,15.4426,15.4426,15.4419,15.4416,15.4417,15.443,15.443,15.4427,15.4422,15.4419,15.4423,15.4431,15.4429,15.4429,15.4433,15.4438,15.4438,15.4436,15.444,15.444,15.4441,15.4444,15.4447,15.4438,15.443,15.4426,15.4426,15.4423,15.4418,15.4423,15.4426,15.4436,15.4446,15.4446,15.4442,15.4438,15.4441,15.4427,15.4427,15.443,15.443,15.4423,15.4419,15.4419,15.4396,15.4399,15.4403,15.4397,15.4401,15.4407,15.4406,15.4413,15.4402,15.4402,15.4414,15.441,15.4407,
Wed Apr 15 2020 19:58:53 GMT-0400 (Eastern Daylight Time)
15.4407,15.4404,15.4401,15.4406,15.4404,15.4406,15.4406,15.441,15.4439,15.4439,15.4448,15.4422,15.4422,15.4417,15.443,15.443,15.4436,15.4436,15.4431,15.4419,15.4419,15.4405,15.44,15.4409,15.44,15.44,15.439,15.4393,15.4387,15.4387,15.4409,15.4412,15.4419,15.4412,15.4412,15.4413,15.4416,15.4413,15.4413,15.441,15.4414,15.4411,15.4405,15.4434,15.4437,15.4434,15.4434,15.4443,15.4443,15.4443,15.4445,15.4444,15.4444,15.4444,15.4452,15.4456,15.4466,15.4459,15.4459,15.4459,
Wed Apr 15 2020 19:59:53 GMT-0400 (Eastern Daylight Time)
15.4454,15.4454,15.4459,15.4462,15.4462,15.4462,15.4462,15.4457,15.4457,15.4461,15.4461,15.4461,15.4436,15.4436,15.4461,15.4474,15.448,15.4478,15.4482,15.4466,15.4465,15.4468,15.4456,15.4456,15.4462,15.4454,15.4444,15.4444,15.4456,15.4461,15.4458,15.4461,15.4464,15.4474,15.4468,15.4475,15.4478,15.4466,15.4464,15.4461,15.446,15.446,15.4453,15.4446,15.445,15.4456,15.4454,15.4444,15.4442,15.4445,15.4445,15.4439,15.4443,15.4445,15.4441,15.4441,15.4429,15.4429,15.4431,15.4431,
Wed Apr 15 2020 20:00:53 GMT-0400 (Eastern Daylight Time)
15.4435,15.4439,15.4439,15.4436,15.4436,15.4432,15.4427,15.4431,15.4433,15.4422,15.4422,15.4422,15.442,15.4425,15.4428,15.4428,15.443,15.4442,15.4439,15.4442,15.4454,15.4485,15.4485,15.4487,15.4487,15.4489,15.4489,15.4492,15.4504,15.4504,15.4497,15.4506,15.4503,15.45,15.4496,15.4496,15.45,15.4497,15.4486,15.4486,15.4478,15.4478,15.4475,15.4458,15.4458,15.4461,15.4464,15.4464,15.444,15.444,15.444,15.444,15.4439,15.4444,15.4448,15.4448,15.4448,15.445,15.4446,15.4446,
Wed Apr 15 2020 20:01:53 GMT-0400 (Eastern Daylight Time)
15.4446,15.4446,15.4449,15.4449,15.4442,15.4442,15.4437,15.4434,15.4429,15.4437,15.4439,15.4436,15.4436,15.4439,15.4439,15.4432,15.4429,15.4429,15.4436,15.4436,15.4444,15.4445,15.4445,15.4445,15.4441,15.4445,15.4442,15.4451,15.4451,15.4447,15.4452,15.4454,15.4459,15.4464,15.4467,15.4467,15.4467,15.4477,15.4483,15.4483,15.4475,15.4494,15.4494,15.449,15.4487,15.4487,15.4491,15.4488,15.4491,15.4491,15.4493,15.449,15.449,15.4494,15.45,15.45,15.4501,15.4504,15.4504,15.45,
Wed Apr 15 2020 20:02:53 GMT-0400 (Eastern Daylight Time)
15.4502,15.4505,15.4506,15.4502,15.4492,15.4483,15.447,15.4473,15.4477,15.4477,15.4479,15.447,15.4499,15.4503,15.4503,15.4504,15.4522,15.4524,15.452,15.4527,15.4527,15.4528,15.4528,15.4523,15.4523,15.4523,15.4523,15.4518,15.4518,15.4511,15.4526,15.4526,15.4508,15.451,15.451,15.451,15.4507,15.4514,15.4514,15.4514,15.452,15.4517,15.4498,15.4496,15.4504,15.45,15.4504,15.4504,15.4497,15.4498,15.4496,15.4492,15.4497,15.4497,15.4483,15.4491,15.4475,15.4475,15.4479,15.4477,
Wed Apr 15 2020 20:03:53 GMT-0400 (Eastern Daylight Time)
15.4477,15.4477,15.4466,15.4466,15.4485,15.4488,15.4488,15.4474,15.4471,15.4468,15.4465,15.4465,15.447,15.446,15.446,15.4463,15.4466,15.4472,15.4472,15.4481,15.4481,15.4492,15.4492,15.4492,15.4498,15.4502,15.4502,15.4496,15.4499,15.4499,15.4494,15.4492,15.4489,15.4489,15.4485,15.448,15.4476,15.4476,15.4483,15.448,15.4497,15.4493,15.4514,15.4514,15.4499,15.4502,15.4502,15.4509,15.4505,15.451,15.4492,15.4492,15.4493,15.4499,15.4507,15.451,15.4509,15.453,15.453,15.4533,
Wed Apr 15 2020 20:04:54 GMT-0400 (Eastern Daylight Time)
15.4533,15.4538,15.4538,15.4532,15.4532,15.4516,15.4514,15.4514,15.453,15.4527,15.4529,15.4529,15.4524,15.4521,15.4524,15.4524,15.4501,15.4504,15.4512,15.451,15.45,15.45,15.4493,15.4493,15.4494,15.4494,15.45,15.4505,15.4505,15.4502,15.45,15.4497,15.4499,15.4494,15.4494,15.4496,15.4496,15.4503,15.4506,15.4506,15.4516,15.4519,15.4519,15.4519,15.4526,15.4526,15.4526,15.453,15.4533,15.4533,15.4531,15.4522,15.4529,15.4529,15.4525,15.4535,15.4532,15.4535,15.4542,15.4543,
Wed Apr 15 2020 20:05:55 GMT-0400 (Eastern Daylight Time)
15.455,15.4553,15.4542,15.4536,15.4534,15.4531,15.4528,15.4546,15.4551,15.4551,15.4545,15.4545,15.454,15.4537,15.4537,15.4537,15.4535,15.4532,15.453,15.453,15.4522,15.4518,15.4524,15.4524,15.4526,15.4521,15.4521,15.4524,15.4524,15.4515,15.4509,15.4509,15.4511,15.4517,15.4517,15.452,15.4524,15.4524,15.4524,15.4541,15.4534,15.4534,15.4534,15.4536,15.4544,15.4522,15.4519,15.4525,15.4522,15.4513,15.4513,15.4513,15.4523,15.45,15.45,15.45,15.4503,15.4503,15.4506,15.4506,
Wed Apr 15 2020 20:06:54 GMT-0400 (Eastern Daylight Time)
15.4515,15.4515,15.4507,15.4507,15.4513,15.4515,15.4515,15.4518,15.4519,15.4513,15.4516,15.451,15.4504,15.4499,15.4514,15.4513,15.4507,15.4505,15.4496,15.4496,15.4507,15.4504,15.4514,15.4514,15.4505,15.45,15.45,15.4505,15.4503,15.4505,15.4508,15.4508,15.4501,15.4501,15.4506,15.4505,15.4502,15.4494,15.4497,15.4497,15.4497,15.4508,15.4509,15.4502,15.4505,15.4508,15.4507,15.4507,15.451,15.4516,15.4522,15.4522,15.4524,15.4527,15.4527,15.4522,15.4525,15.4519,15.4528,15.4528,
Wed Apr 15 2020 20:07:53 GMT-0400 (Eastern Daylight Time)
15.4522,15.4522,15.4522,15.4525,15.4522,15.4519,15.4507,15.4503,15.4511,15.4511,15.4521,15.4515,15.4519,15.4546,15.4546,15.4555,15.4555,15.4552,15.4549,15.4559,15.4555,15.4565,15.4573,15.4573,15.4591,15.4579,15.4587,15.4583,15.458,15.4571,15.4566,15.4566,15.4581,15.4587,15.459,15.458,15.4598,15.4601,15.4599,15.4596,15.457,15.457,15.4567,15.457,15.4568,15.4564,15.4569,15.4567,15.4576,15.4576,15.4576,15.4578,15.4581,15.4587,15.4577,15.4577,15.4578,15.4572,15.4572,15.4566,
Wed Apr 15 2020 20:08:53 GMT-0400 (Eastern Daylight Time)
15.4551,15.455,15.4543,15.4543,15.4541,15.4544,15.4544,15.4544,15.4553,15.4567,15.4562,15.4563,15.458,15.4581,15.4581,15.4586,15.4585,15.4588,15.4587,15.459,15.46,15.4604,15.46,15.4594,15.4582,15.4577,15.4581,15.4579,15.4582,15.4586,15.4588,15.4591,15.4598,15.4604,15.4607,15.4611,15.4617,15.461,15.461,15.461,15.4608,15.4608,15.4616,15.4619,15.4629,15.463,15.4624,15.4624,15.4629,15.4624,15.4624,15.4643,15.464,15.464,15.4649,15.4636,15.4611,15.4615,15.4615,15.4621,
