Thu Apr 09 2020 03:17:37 GMT-0400 (Eastern Daylight Time)
14.7388,14.7388,14.7393,14.74,14.74,14.7403,14.7403,14.7398,14.7398,14.7398,14.7401,14.7403,14.7411,14.7411,14.7414,14.7414,14.7417,14.7414,14.7406,14.7406,14.7406,14.7403,14.7401,14.7401,14.7401,14.7407,14.7404,14.7406,14.7414,14.7414,14.7418,14.7425,14.7425,14.7425,14.7425,14.7427,14.7425,14.744,14.7454,14.7454,14.7454,14.746,14.7466,14.7466,14.7469,14.7467,14.7467,14.7464,14.7464,14.7462,14.7462,14.746,14.7464,14.7464,14.7464,14.7464,14.7464,14.747,14.747,14.747,
Thu Apr 09 2020 03:18:37 GMT-0400 (Eastern Daylight Time)
14.747,14.7479,14.7482,14.7482,14.7482,14.7482,14.7492,14.7492,14.7488,14.7488,14.7488,14.7488,14.7494,14.7496,14.7492,14.7489,14.7489,14.7497,14.7497,14.7497,14.75,14.7497,14.7497,14.7497,14.7497,14.7492,14.7492,14.7495,14.7495,14.7495,14.7493,14.7493,14.7496,14.7489,14.7486,14.7486,14.7495,14.7489,14.7483,14.7478,14.7475,14.7473,14.7479,14.7479,14.7479,14.7479,14.7479,14.7481,14.7481,14.7479,14.7475,14.7472,14.7469,14.7469,14.7469,14.7469,14.7464,14.7465,14.7465,14.7462,
Thu Apr 09 2020 03:19:37 GMT-0400 (Eastern Daylight Time)
14.7462,14.7467,14.7486,14.7489,14.7486,14.7486,14.7486,14.7486,14.7486,14.7497,14.7497,14.7497,14.75,14.7504,14.7504,14.7507,14.7507,14.7501,14.7505,14.7499,14.7495,14.749,14.7492,14.7492,14.7495,14.7501,14.7501,14.7501,14.7494,14.7494,14.7494,14.7502,14.7504,14.7496,14.7496,14.7496,14.75,14.7499,14.7527,14.7529,14.7534,14.7539,14.7542,14.7542,14.7542,14.7546,14.7544,14.7544,14.7544,14.7549,14.7555,14.7559,14.7559,14.7562,14.7571,14.7571,14.7567,14.7564,14.7564,14.7559,
Thu Apr 09 2020 03:20:37 GMT-0400 (Eastern Daylight Time)
14.7556,14.7556,14.7556,14.7552,14.7552,14.7558,14.7558,14.7558,14.7558,14.7555,14.7555,14.7555,14.7552,14.7549,14.7549,14.7545,14.7547,14.7543,14.7538,14.7538,14.754,14.754,14.7537,14.7529,14.7529,14.7514,14.7514,14.7516,14.7513,14.7518,14.7521,14.7509,14.7509,14.7512,14.7512,14.7515,14.7515,14.751,14.751,14.751,14.7512,14.7512,14.7516,14.7516,14.7514,14.7514,14.7514,14.751,14.751,14.7502,14.7506,14.7506,14.7506,14.7506,14.7502,14.7506,14.7513,14.7521,14.7526,14.7526,
Thu Apr 09 2020 03:21:37 GMT-0400 (Eastern Daylight Time)
14.7526,14.753,14.7535,14.7539,14.7545,14.7549,14.7555,14.7566,14.7566,14.7569,14.7565,14.7568,14.7554,14.7562,14.7554,14.7554,14.7554,14.7559,14.7561,14.7561,14.7564,14.7554,14.7552,14.7541,14.7541,14.7547,14.7551,14.7555,14.7555,14.7555,14.7566,14.7569,14.7573,14.7579,14.7582,14.7582,14.7582,14.7582,14.7579,14.7579,14.7579,14.7579,14.7582,14.7582,14.7585,14.7594,14.759,14.759,14.7593,14.7593,14.7593,14.7593,14.7593,14.76,14.7597,14.7593,14.759,14.759,14.759,14.759,
Thu Apr 09 2020 03:22:37 GMT-0400 (Eastern Daylight Time)
14.7601,14.7608,14.7604,14.76,14.7603,14.7592,14.7592,14.7592,14.7596,14.7593,14.7593,14.7599,14.7602,14.7615,14.7615,14.7607,14.7604,14.7599,14.7609,14.7612,14.7612,14.7609,14.7606,14.7604,14.76,14.7609,14.7604,14.7604,14.7615,14.7611,14.7611,14.7611,14.7611,14.7615,14.7618,14.7618,14.7621,14.7617,14.7603,14.7607,14.7607,14.7607,14.7607,14.7607,14.7607,14.7607,14.7607,14.7607,14.7603,14.7603,14.7603,14.7607,14.7603,14.7603,14.7603,14.7603,14.7603,14.7606,14.7606,14.7603,
Thu Apr 09 2020 03:23:37 GMT-0400 (Eastern Daylight Time)
14.7603,14.7608,14.7608,14.76,14.76,14.7597,14.76,14.7589,14.7589,14.7586,14.7586,14.7589,14.7574,14.7581,14.7583,14.7568,14.7568,14.7568,14.7571,14.7571,14.7568,14.7565,14.7571,14.7571,14.7571,14.7587,14.7585,14.7585,14.7587,14.758,14.758,14.7575,14.7584,14.7584,14.7588,14.7588,14.7572,14.7572,14.7574,14.7572,14.7576,14.7582,14.7585,14.7585,14.7585,14.7585,14.7585,14.7585,14.7585,14.7581,14.7581,14.7581,14.7592,14.7592,14.7595,14.7591,14.7591,14.7591,14.7614,14.7614,
Thu Apr 09 2020 03:24:37 GMT-0400 (Eastern Daylight Time)
14.7612,14.7604,14.7604,14.7609,14.7609,14.7603,14.7603,14.76,14.7596,14.7574,14.7571,14.7571,14.7568,14.7571,14.7571,14.7566,14.7566,14.7577,14.758,14.7577,14.755,14.7554,14.7554,14.7554,14.7554,14.7554,14.7557,14.7557,14.7557,14.7552,14.7555,14.7555,14.7555,14.7553,14.7553,14.7555,14.7555,14.7548,14.7546,14.7538,14.7538,14.7538,14.7545,14.755,14.755,14.7537,14.7537,14.7537,14.7537,14.754,14.7543,14.7538,14.7535,14.7545,14.7545,14.7542,14.7542,14.7544,14.7544,14.7544,
Thu Apr 09 2020 03:25:37 GMT-0400 (Eastern Daylight Time)
14.7541,14.7561,14.7566,14.7566,14.7566,14.7569,14.7569,14.7572,14.7572,14.757,14.757,14.7572,14.7567,14.7561,14.7568,14.7568,14.7566,14.7567,14.7558,14.7558,14.7545,14.7546,14.7547,14.7547,14.7533,14.7536,14.7534,14.7534,14.7528,14.753,14.7536,14.7532,14.7535,14.7522,14.7532,14.7522,14.7524,14.7524,14.7524,14.7524,14.7524,14.7524,14.7521,14.7521,14.7521,14.7518,14.7522,14.7512,14.7517,14.7514,14.7517,14.7517,14.7512,14.7508,14.7503,14.75,14.75,14.7511,14.7514,14.7514,
Thu Apr 09 2020 03:26:37 GMT-0400 (Eastern Daylight Time)
14.751,14.7517,14.7522,14.7522,14.7517,14.7514,14.7514,14.7514,14.7523,14.7521,14.7526,14.7523,14.7523,14.7529,14.7525,14.7525,14.7527,14.7509,14.7502,14.7499,14.7499,14.7499,14.7494,14.7493,14.7496,14.7499,14.7508,14.7508,14.7511,14.7508,14.7498,14.7498,14.7498,14.7501,14.7494,14.7485,14.7485,14.7482,14.7475,14.7475,14.7475,14.7473,14.7473,14.7473,14.747,14.748,14.7477,14.7477,14.7477,14.7463,14.7458,14.7463,14.7463,14.7491,14.7494,14.7494,14.7494,14.7494,14.7496,14.75,
Thu Apr 09 2020 03:27:37 GMT-0400 (Eastern Daylight Time)
14.7495,14.7498,14.7486,14.7486,14.7474,14.7478,14.748,14.7478,14.748,14.7483,14.7483,14.7483,14.7483,14.7473,14.7471,14.7471,14.7471,14.7471,14.7474,14.7474,14.7477,14.7477,14.7473,14.7468,14.7465,14.7465,14.745,14.7455,14.7455,14.7441,14.7436,14.7439,14.7436,14.7432,14.7432,14.7432,14.7429,14.7426,14.7419,14.7417,14.7417,14.7405,14.7405,14.7405,14.7405,14.7405,14.742,14.7413,14.7411,14.7411,14.7409,14.7409,14.7404,14.7404,14.7403,14.7408,14.7404,14.7401,14.7397,14.7397,
Thu Apr 09 2020 03:28:37 GMT-0400 (Eastern Daylight Time)
14.7391,14.7393,14.7395,14.7401,14.7401,14.7401,14.7404,14.7409,14.7412,14.7415,14.7415,14.7415,14.7415,14.7415,14.7413,14.7415,14.7415,14.7415,14.7415,14.7415,14.7415,14.7407,14.7413,14.7413,14.7416,14.7416,14.742,14.7424,14.7422,14.7426,14.7426,14.7426,14.7426,14.743,14.743,14.7427,14.7424,14.7424,14.7424,14.742,14.7422,14.7427,14.7432,14.7427,14.7427,14.7427,14.7423,14.7424,14.7424,14.7424,14.7424,14.7424,14.7419,14.7419,14.742,14.7417,14.7417,14.7415,14.742,14.742,
Thu Apr 09 2020 03:29:37 GMT-0400 (Eastern Daylight Time)
14.7425,14.743,14.743,14.743,14.743,14.743,14.7424,14.7424,14.7424,14.7412,14.7423,14.7417,14.7423,14.7427,14.743,14.743,14.7431,14.7431,14.7425,14.7425,14.7425,14.7425,14.742,14.742,14.7424,14.7428,14.7424,14.7424,14.7424,14.744,14.7432,14.7436,14.7431,14.7431,14.7424,14.742,14.742,14.7417,14.7416,14.7416,14.7436,14.7436,14.7436,14.7443,14.7443,14.7443,14.7436,14.7439,14.7457,14.7462,14.7452,14.745,14.7442,14.7445,14.7442,14.7442,14.7442,14.7447,14.7452,14.745,
Thu Apr 09 2020 03:30:37 GMT-0400 (Eastern Daylight Time)
14.7453,14.7453,14.7474,14.7471,14.7474,14.7477,14.7475,14.7472,14.7472,14.7468,14.747,14.747,14.7463,14.7467,14.7439,14.7441,14.7441,14.7441,14.7441,14.7441,14.7435,14.7435,14.7432,14.7429,14.7432,14.7432,14.7432,14.7435,14.742,14.7422,14.7422,14.7426,14.7422,14.743,14.7427,14.7427,14.7431,14.7419,14.7409,14.7409,14.7413,14.7413,14.7419,14.7419,14.7419,14.7419,14.7423,14.7426,14.7424,14.7428,14.7428,14.7432,14.7435,14.7435,14.7435,14.743,14.743,14.7428,14.7426,14.7426,
Thu Apr 09 2020 03:31:37 GMT-0400 (Eastern Daylight Time)
14.7416,14.7416,14.7423,14.742,14.7424,14.7427,14.7427,14.7424,14.7424,14.7424,14.7428,14.7428,14.7423,14.743,14.7431,14.7431,14.7431,14.7423,14.7433,14.7438,14.7438,14.7434,14.7441,14.7446,14.7446,14.7432,14.743,14.743,14.742,14.742,14.7439,14.7439,14.7439,14.7439,14.7439,14.7435,14.7435,14.743,14.7433,14.7433,14.7433,14.7433,14.7437,14.744,14.7444,14.7444,14.7447,14.7447,14.7442,14.7444,14.7444,14.7439,14.7442,14.7442,14.7439,14.7439,14.7439,14.7433,14.7433,14.7433,
Thu Apr 09 2020 03:32:38 GMT-0400 (Eastern Daylight Time)
14.7433,14.7433,14.7433,14.7435,14.7435,14.7442,14.7439,14.7444,14.7444,14.744,14.744,14.7437,14.7437,14.7438,14.7436,14.744,14.7444,14.7441,14.7441,14.7441,14.7438,14.7434,14.7437,14.7437,14.7434,14.7434,14.7434,14.7437,14.7437,14.744,14.744,14.7435,14.7433,14.7433,14.7459,14.7467,14.7467,14.747,14.7475,14.7475,14.7472,14.7472,14.7472,14.7472,14.7472,14.7472,14.7472,14.7472,14.7472,14.7472,14.7493,14.7497,14.7497,14.7497,14.7494,14.749,14.749,14.749,14.7498,14.7495,
Thu Apr 09 2020 03:33:38 GMT-0400 (Eastern Daylight Time)
14.7501,14.7501,14.7501,14.7512,14.7512,14.7512,14.7522,14.7525,14.7532,14.7536,14.7542,14.7542,14.7528,14.7528,14.7535,14.7532,14.7532,14.7535,14.7539,14.7514,14.7514,14.7508,14.7508,14.7508,14.7511,14.7511,14.7513,14.7509,14.7506,14.7499,14.7504,14.7504,14.7515,14.7513,14.7513,14.7519,14.7515,14.7515,14.7509,14.7505,14.7509,14.7509,14.7509,14.7509,14.7512,14.7515,14.751,14.7498,14.7498,14.7494,14.7494,14.7491,14.7488,14.7488,14.7488,14.7488,14.7488,14.7475,14.7475,14.7475,
Thu Apr 09 2020 03:34:37 GMT-0400 (Eastern Daylight Time)
14.7475,14.7475,14.7481,14.7486,14.7486,14.7486,14.7486,14.7486,14.7486,14.7486,14.7486,14.7486,14.7485,14.7485,14.7482,14.7482,14.7477,14.7477,14.7478,14.7475,14.7475,14.7471,14.7478,14.7466,14.7466,14.7468,14.7462,14.7462,14.7465,14.7465,14.7463,14.7453,14.7453,14.7453,14.7453,14.7433,14.744,14.7429,14.7429,14.7426,14.7426,14.7426,14.7426,14.7426,14.743,14.743,14.743,14.743,14.7426,14.7436,14.7436,14.7436,14.7434,14.7434,14.7434,14.7434,14.7437,14.7433,14.7433,14.7429,
Thu Apr 09 2020 03:35:37 GMT-0400 (Eastern Daylight Time)
14.7429,14.7429,14.7431,14.7431,14.7431,14.7429,14.7431,14.7433,14.7438,14.7435,14.7435,14.7415,14.7415,14.7405,14.7405,14.741,14.7382,14.7382,14.7388,14.7388,14.7386,14.7382,14.7387,14.7387,14.7373,14.7373,14.7373,14.7371,14.7381,14.7381,14.7381,14.7374,14.7374,14.7372,14.7376,14.7376,14.738,14.7383,14.7383,14.7399,14.7401,14.7401,14.7401,14.7408,14.7408,14.7403,14.74,14.738,14.7378,14.7381,14.7384,14.7388,14.7385,14.7385,14.7377,14.7377,14.7374,14.7374,14.735,14.7353,
Thu Apr 09 2020 03:36:38 GMT-0400 (Eastern Daylight Time)
14.7348,14.7351,14.7351,14.7348,14.7348,14.7348,14.736,14.736,14.736,14.7363,14.7356,14.7352,14.7354,14.7357,14.7361,14.7361,14.7361,14.7366,14.7356,14.7356,14.7356,14.7356,14.7371,14.7358,14.7358,14.7358,14.7356,14.7352,14.7352,14.7348,14.7356,14.7351,14.7351,14.7354,14.7352,14.7352,14.7352,14.7342,14.7328,14.7338,14.7334,14.7334,14.7332,14.7332,14.7332,14.7332,14.7328,14.7325,14.7321,14.7326,14.734,14.7341,14.7359,14.7359,14.7359,14.7362,14.7362,14.7362,14.7362,14.7362,
Thu Apr 09 2020 03:37:38 GMT-0400 (Eastern Daylight Time)
14.7349,14.7342,14.7342,14.7334,14.7334,14.7331,14.734,14.7326,14.7329,14.7328,14.7328,14.7332,14.7332,14.7332,14.7336,14.7336,14.7341,14.7341,14.7344,14.7347,14.734,14.734,14.7336,14.7336,14.7333,14.733,14.7338,14.7338,14.7336,14.7333,14.7336,14.7339,14.7337,14.7337,14.7337,14.7339,14.7339,14.7328,14.7328,14.7332,14.7332,14.7332,14.734,14.734,14.7343,14.7343,14.7337,14.734,14.7342,14.7348,14.735,14.735,14.735,14.7353,14.736,14.7357,14.7357,14.7361,14.7365,14.7358,
Thu Apr 09 2020 03:38:37 GMT-0400 (Eastern Daylight Time)
14.7351,14.7351,14.735,14.7347,14.7347,14.7349,14.7357,14.7354,14.7357,14.7353,14.7346,14.7343,14.7343,14.7347,14.7342,14.7314,14.7314,14.7314,14.7314,14.7312,14.7309,14.7304,14.7304,14.7302,14.73,14.7281,14.7284,14.7287,14.7284,14.7282,14.7278,14.7281,14.7281,14.7281,14.7274,14.7277,14.7273,14.7267,14.726,14.7258,14.7258,14.7255,14.7255,14.7255,14.7255,14.7255,14.7261,14.7261,14.7261,14.7258,14.7258,14.7255,14.7255,14.7252,14.7262,14.7262,14.7264,14.727,14.7277,14.7283,
Thu Apr 09 2020 03:39:37 GMT-0400 (Eastern Daylight Time)
14.7285,14.7292,14.7294,14.7294,14.7294,14.7294,14.7297,14.73,14.73,14.7303,14.7303,14.729,14.7287,14.729,14.7286,14.7285,14.7285,14.7285,14.7285,14.729,14.7284,14.7284,14.7284,14.7288,14.7288,14.7288,14.7288,14.7288,14.7295,14.7289,14.7289,14.7285,14.7282,14.7282,14.7282,14.7275,14.727,14.7265,14.7262,14.7271,14.7275,14.7275,14.7275,14.7277,14.7277,14.7277,14.7274,14.7272,14.7272,14.7272,14.7272,14.7284,14.7287,14.7285,14.7285,14.7276,14.7276,14.7278,14.7278,14.729,
Thu Apr 09 2020 03:40:38 GMT-0400 (Eastern Daylight Time)
14.729,14.729,14.729,14.7291,14.7286,14.728,14.7273,14.7273,14.7266,14.7268,14.7279,14.728,14.7277,14.7277,14.7273,14.7273,14.7273,14.727,14.727,14.7275,14.7275,14.7278,14.7278,14.7282,14.7283,14.7283,14.7283,14.728,14.7284,14.7284,14.7282,14.7282,14.7279,14.7279,14.7279,14.7277,14.7277,14.7277,14.7277,14.7277,14.7277,14.728,14.728,14.728,14.7277,14.7277,14.7279,14.7279,14.7279,14.7272,14.7275,14.7277,14.7275,14.7272,14.7272,14.7272,14.7275,14.7279,14.7285,14.7288,
Thu Apr 09 2020 03:41:37 GMT-0400 (Eastern Daylight Time)
14.7288,14.7288,14.7281,14.7279,14.7279,14.7276,14.7276,14.7278,14.7278,14.7276,14.7276,14.7278,14.7278,14.7278,14.7282,14.7282,14.7282,14.7278,14.7278,14.728,14.728,14.728,14.728,14.7274,14.7271,14.7271,14.7271,14.7281,14.7284,14.7284,14.7284,14.7281,14.7281,14.7281,14.7281,14.7283,14.7283,14.7283,14.7283,14.7286,14.7283,14.728,14.728,14.7279,14.7279,14.7279,14.727,14.7276,14.7274,14.7261,14.7264,14.7269,14.7265,14.7261,14.7264,14.7264,14.7264,14.726,14.725,14.7263,
Thu Apr 09 2020 03:42:37 GMT-0400 (Eastern Daylight Time)
14.7263,14.7272,14.7276,14.729,14.7293,14.7296,14.7293,14.7278,14.7283,14.7283,14.7286,14.729,14.7287,14.729,14.7285,14.7276,14.7276,14.7274,14.7274,14.7271,14.7268,14.7268,14.7265,14.7288,14.729,14.729,14.7286,14.7291,14.7284,14.7287,14.7287,14.7288,14.7292,14.7296,14.7296,14.7299,14.7299,14.7295,14.7295,14.7298,14.7301,14.7296,14.7293,14.7293,14.7291,14.7272,14.7278,14.7283,14.7287,14.7287,14.7285,14.7304,14.7301,14.7295,14.7295,14.7303,14.7297,14.7297,14.7297,14.7309,
Thu Apr 09 2020 03:43:37 GMT-0400 (Eastern Daylight Time)
14.7312,14.7317,14.7317,14.7334,14.733,14.7311,14.7311,14.7301,14.7277,14.7281,14.7283,14.7275,14.7274,14.7279,14.7279,14.7274,14.7281,14.7283,14.7283,14.728,14.7283,14.7286,14.7284,14.7282,14.7282,14.7288,14.7291,14.7297,14.7295,14.7295,14.7295,14.7289,14.7294,14.7288,14.7288,14.7285,14.7284,14.7282,14.7285,14.7285,14.7293,14.7294,14.7294,14.7298,14.7304,14.7304,14.7309,14.7329,14.7326,14.733,14.734,14.7332,14.7332,14.7336,14.7336,14.7332,14.7328,14.733,14.733,14.7327,
Thu Apr 09 2020 03:45:38 GMT-0400 (Eastern Daylight Time)
14.7327,14.7327,14.7377,14.7377,14.738,14.738,14.7373,14.7373,14.7377,14.7381,14.7381,14.7374,14.7378,14.7389,14.7397,14.7391,14.7391,14.7389,14.7386,14.7393,14.7393,14.7398,14.7398,14.74,14.74,14.74,14.74,14.7409,14.7409,14.7411,14.7407,14.7404,14.7404,14.7401,14.7401,14.7404,14.7414,14.7414,14.7414,14.7422,14.7422,14.7422,14.7434,14.7422,14.7429,14.7421,14.7425,14.7425,14.7421,14.7417,14.7417,14.7413,14.7418,14.7418,14.7423,14.7433,14.7435,14.7437,14.7437,14.7452,
Thu Apr 09 2020 03:46:37 GMT-0400 (Eastern Daylight Time)
14.7449,14.7449,14.7446,14.7446,14.7446,14.7446,14.7452,14.7452,14.7452,14.7452,14.7456,14.7467,14.7467,14.7467,14.747,14.7459,14.7464,14.7472,14.7477,14.7473,14.7471,14.7473,14.7476,14.7482,14.7482,14.7477,14.748,14.7478,14.7478,14.7472,14.7477,14.7474,14.7474,14.7472,14.7476,14.7485,14.7482,14.7482,14.7482,14.7494,14.7497,14.7497,14.7502,14.7502,14.75,14.7488,14.7485,14.7485,14.7485,14.7485,14.7477,14.7477,14.7477,14.7469,14.7469,14.7465,14.7461,14.7457,14.7457,14.7461,
Thu Apr 09 2020 03:47:38 GMT-0400 (Eastern Daylight Time)
14.7461,14.7476,14.7476,14.7474,14.7469,14.7471,14.7471,14.7463,14.7463,14.746,14.746,14.7457,14.7457,14.7457,14.7457,14.7457,14.7445,14.745,14.745,14.745,14.7447,14.7447,14.7447,14.7444,14.744,14.744,14.744,14.7447,14.7443,14.7458,14.7458,14.746,14.7462,14.7466,14.7466,14.7466,14.7469,14.7469,14.7469,14.7482,14.7482,14.7482,14.7475,14.7475,14.7477,14.7477,14.7477,14.7477,14.7474,14.7474,14.748,14.7477,14.7477,14.7477,14.7474,14.7479,14.7482,14.748,14.748,14.7486,
Thu Apr 09 2020 03:48:38 GMT-0400 (Eastern Daylight Time)
14.7486,14.7491,14.7488,14.7488,14.7493,14.7491,14.7517,14.7521,14.7517,14.752,14.752,14.7512,14.7509,14.7506,14.7506,14.7506,14.7506,14.7506,14.7499,14.7497,14.7501,14.7501,14.751,14.7504,14.7498,14.7498,14.7498,14.7503,14.7495,14.7495,14.749,14.749,14.749,14.749,14.749,14.749,14.749,14.7488,14.7488,14.7507,14.7514,14.751,14.7507,14.751,14.7507,14.7507,14.7507,14.7495,14.7497,14.7497,14.7497,14.7489,14.7486,14.7489,14.7486,14.7486,14.7483,14.7481,14.7481,14.7484,
Thu Apr 09 2020 03:49:37 GMT-0400 (Eastern Daylight Time)
14.7487,14.7487,14.7494,14.7499,14.75,14.75,14.75,14.7504,14.75,14.75,14.75,14.7487,14.7492,14.7499,14.7502,14.7504,14.7502,14.7499,14.7502,14.7495,14.749,14.749,14.749,14.7481,14.7481,14.7483,14.7483,14.7485,14.7485,14.7489,14.7498,14.7498,14.7498,14.7498,14.7503,14.7488,14.7488,14.7499,14.7499,14.7493,14.7493,14.75,14.7503,14.7493,14.7493,14.7479,14.7479,14.7479,14.7479,14.7479,14.7479,14.7476,14.7472,14.7472,14.7469,14.7467,14.7467,14.7467,14.7461,14.7463,
Thu Apr 09 2020 03:50:37 GMT-0400 (Eastern Daylight Time)
14.7463,14.7463,14.7466,14.7466,14.7488,14.7488,14.7488,14.7488,14.7488,14.7488,14.7488,14.7488,14.7486,14.7486,14.7486,14.7486,14.7483,14.7483,14.7486,14.7486,14.7483,14.7483,14.7483,14.7483,14.7483,14.7483,14.7483,14.7483,14.7489,14.7494,14.7499,14.7495,14.7497,14.7501,14.7501,14.751,14.7514,14.7506,14.7512,14.7515,14.7515,14.7515,14.7515,14.7513,14.7513,14.7517,14.7513,14.7513,14.7509,14.7512,14.7515,14.7518,14.7521,14.7521,14.7528,14.7528,14.7532,14.7535,14.7535,14.7535,
Thu Apr 09 2020 03:51:38 GMT-0400 (Eastern Daylight Time)
14.7542,14.7542,14.7552,14.7557,14.756,14.756,14.756,14.756,14.7557,14.756,14.756,14.7566,14.7563,14.7563,14.7567,14.7567,14.7564,14.756,14.7558,14.7558,14.7561,14.7561,14.7558,14.7561,14.7554,14.7556,14.7535,14.7535,14.7537,14.7531,14.7535,14.7545,14.7554,14.7557,14.7557,14.7552,14.7562,14.7562,14.7562,14.756,14.756,14.756,14.7556,14.7567,14.757,14.7567,14.7567,14.7567,14.7567,14.7572,14.7562,14.7562,14.755,14.7573,14.7573,14.7573,14.757,14.757,14.757,14.7566,
Thu Apr 09 2020 03:52:37 GMT-0400 (Eastern Daylight Time)
14.7575,14.7575,14.7566,14.7566,14.7575,14.7572,14.7575,14.7575,14.7575,14.7575,14.7572,14.7574,14.7574,14.7577,14.7577,14.7574,14.7574,14.7574,14.7573,14.7573,14.7573,14.7566,14.7566,14.7566,14.7585,14.7585,14.7585,14.7585,14.7585,14.7585,14.7591,14.7594,14.7594,14.7594,14.7586,14.7596,14.7593,14.7599,14.7599,14.7602,14.7605,14.7605,14.7602,14.7598,14.7601,14.7598,14.7598,14.7595,14.7592,14.7588,14.7591,14.7587,14.7584,14.758,14.758,14.7576,14.7576,14.7578,14.7578,14.7578,
Thu Apr 09 2020 03:53:38 GMT-0400 (Eastern Daylight Time)
14.7575,14.7575,14.7581,14.7581,14.7581,14.7581,14.7575,14.7577,14.7577,14.757,14.7553,14.7553,14.7543,14.7543,14.7543,14.7543,14.754,14.7534,14.7534,14.7534,14.7534,14.7534,14.7532,14.7532,14.7515,14.7527,14.7527,14.7527,14.7533,14.7526,14.7524,14.7524,14.7524,14.7528,14.7528,14.7528,14.7531,14.7531,14.7534,14.7534,14.7527,14.7524,14.7522,14.7522,14.7522,14.7522,14.7522,14.7511,14.7511,14.7511,14.7511,14.7511,14.7502,14.7502,14.7502,14.7502,14.751,14.7508,14.7508,14.7508,
Thu Apr 09 2020 03:54:38 GMT-0400 (Eastern Daylight Time)
14.7519,14.7519,14.7516,14.7519,14.7519,14.7516,14.7516,14.7519,14.7519,14.7516,14.7516,14.7516,14.752,14.7517,14.7496,14.7502,14.7514,14.7514,14.7514,14.7514,14.7514,14.7514,14.7511,14.7514,14.7508,14.7508,14.7508,14.7503,14.7498,14.7498,14.7495,14.7495,14.7497,14.7497,14.7501,14.7501,14.7501,14.7499,14.7499,14.7497,14.7497,14.7497,14.75,14.75,14.7497,14.7493,14.7497,14.7503,14.7487,14.7487,14.7482,14.7482,14.7484,14.7484,14.7484,14.7484,14.7482,14.7482,14.7482,14.7482,
Thu Apr 09 2020 03:55:38 GMT-0400 (Eastern Daylight Time)
14.748,14.7478,14.7478,14.7478,14.7475,14.7475,14.7477,14.7477,14.7507,14.7522,14.7517,14.7523,14.7511,14.7539,14.7536,14.7536,14.7539,14.7539,14.7541,14.7539,14.7566,14.7562,14.7562,14.7558,14.7552,14.7552,14.7567,14.7571,14.7571,14.7571,14.7564,14.7561,14.7558,14.7555,14.7564,14.7564,14.7572,14.7574,14.758,14.758,14.7566,14.7545,14.7545,14.7549,14.7549,14.7555,14.7557,14.7557,14.7564,14.757,14.7573,14.7571,14.7569,14.7572,14.7566,14.7566,14.7566,14.7566,14.7562,14.7562,
Thu Apr 09 2020 03:56:38 GMT-0400 (Eastern Daylight Time)
14.757,14.757,14.757,14.757,14.7571,14.7571,14.7571,14.7568,14.7564,14.7562,14.7564,14.756,14.7561,14.7565,14.7562,14.7562,14.7569,14.7562,14.7563,14.7563,14.7555,14.7541,14.7541,14.7546,14.7546,14.7546,14.7546,14.7532,14.753,14.7527,14.7531,14.7524,14.7529,14.7538,14.7538,14.7538,14.754,14.754,14.7551,14.7551,14.7551,14.7551,14.7547,14.7554,14.7559,14.7562,14.7565,14.7565,14.7562,14.7564,14.7568,14.7568,14.7567,14.7575,14.7575,14.7577,14.7577,14.7577,14.7566,14.7572,
Thu Apr 09 2020 03:57:37 GMT-0400 (Eastern Daylight Time)
14.7569,14.7569,14.7572,14.7567,14.7562,14.7564,14.7567,14.7567,14.7571,14.7575,14.7575,14.7578,14.7578,14.7578,14.7573,14.7573,14.7574,14.7574,14.7573,14.7573,14.7546,14.755,14.7559,14.7559,14.7559,14.7534,14.753,14.753,14.7527,14.7527,14.7519,14.7523,14.7521,14.7517,14.7517,14.7522,14.7543,14.754,14.754,14.7548,14.755,14.7554,14.7554,14.7555,14.7555,14.7561,14.7561,14.7561,14.7561,14.7561,14.7558,14.7561,14.7565,14.7565,14.7564,14.7564,14.7567,14.7567,14.7564,14.7564,
Thu Apr 09 2020 03:58:37 GMT-0400 (Eastern Daylight Time)
14.7561,14.7561,14.7566,14.7566,14.7564,14.7561,14.7561,14.7561,14.7557,14.756,14.7566,14.7566,14.7566,14.7566,14.7566,14.756,14.7584,14.7584,14.7584,14.7586,14.7586,14.759,14.7588,14.7588,14.7594,14.7588,14.7586,14.7586,14.7585,14.7589,14.7586,14.7586,14.7589,14.7589,14.7593,14.7586,14.7575,14.7579,14.7581,14.7584,14.7584,14.7588,14.7585,14.7585,14.7582,14.7579,14.7569,14.7573,14.7576,14.757,14.7545,14.7541,14.7541,14.755,14.7548,14.755,14.7553,14.7555,14.756,14.756,
Thu Apr 09 2020 03:59:38 GMT-0400 (Eastern Daylight Time)
14.7556,14.7564,14.7564,14.7561,14.7557,14.755,14.755,14.755,14.7552,14.7557,14.7557,14.7557,14.7537,14.7537,14.7533,14.7537,14.7534,14.7536,14.7543,14.7543,14.7541,14.7534,14.7534,14.7531,14.7531,14.7534,14.7537,14.7537,14.7537,14.7537,14.7539,14.7539,14.7541,14.7537,14.7531,14.7534,14.7537,14.7542,14.7548,14.7548,14.7552,14.7552,14.755,14.755,14.755,14.755,14.755,14.755,14.755,14.7547,14.7547,14.7551,14.7547,14.7547,14.7536,14.7536,14.7542,14.7545,14.7545,14.754,
Thu Apr 09 2020 04:00:38 GMT-0400 (Eastern Daylight Time)
14.7542,14.7542,14.7544,14.7554,14.7554,14.7554,14.7554,14.7559,14.7555,14.7559,14.7561,14.7565,14.7567,14.7564,14.7566,14.7566,14.7561,14.7561,14.7565,14.7562,14.7568,14.7565,14.7575,14.7578,14.7581,14.7591,14.7583,14.7583,14.759,14.7585,14.7589,14.7586,14.7572,14.7567,14.7563,14.7561,14.7538,14.7534,14.7539,14.7536,14.7536,14.7536,14.7536,14.7536,14.7536,14.7536,14.7534,14.7534,14.7543,14.7545,14.7552,14.7549,14.7549,14.7549,14.7549,14.7547,14.7547,14.7542,14.7542,14.7536,
Thu Apr 09 2020 04:01:38 GMT-0400 (Eastern Daylight Time)
14.7533,14.7533,14.7528,14.7528,14.7541,14.7541,14.7521,14.7524,14.7524,14.7524,14.7527,14.7527,14.7527,14.7527,14.7527,14.7524,14.7524,14.752,14.752,14.7522,14.7522,14.7522,14.7522,14.7525,14.7525,14.7525,14.7528,14.7524,14.7524,14.7524,14.7523,14.7529,14.7524,14.7524,14.7524,14.752,14.7517,14.7522,14.7522,14.7522,14.7512,14.7518,14.7509,14.7511,14.7507,14.7499,14.7499,14.7499,14.7499,14.7499,14.7501,14.7501,14.7501,14.7507,14.7507,14.7511,14.752,14.7517,14.7517,14.7517,
Thu Apr 09 2020 04:02:38 GMT-0400 (Eastern Daylight Time)
14.752,14.752,14.752,14.7529,14.7529,14.7541,14.7541,14.7541,14.7541,14.7556,14.7556,14.7552,14.7548,14.7546,14.7546,14.7549,14.7552,14.7552,14.7552,14.7552,14.7532,14.7529,14.7529,14.7529,14.7529,14.7542,14.7545,14.7545,14.7545,14.7545,14.7542,14.7536,14.7537,14.7537,14.7528,14.7522,14.7522,14.7495,14.7489,14.7489,14.7486,14.749,14.7493,14.7493,14.7499,14.7494,14.7494,14.7494,14.7495,14.7495,14.7495,14.7497,14.7497,14.7507,14.7503,14.7503,14.7508,14.751,14.7511,14.7514,
Thu Apr 09 2020 04:03:37 GMT-0400 (Eastern Daylight Time)
14.753,14.753,14.753,14.753,14.7527,14.7524,14.7524,14.7533,14.7533,14.7533,14.753,14.753,14.7527,14.7527,14.7527,14.7527,14.7548,14.7548,14.7548,14.7548,14.7545,14.7542,14.7546,14.7553,14.7553,14.7544,14.7547,14.7553,14.7553,14.7556,14.7562,14.7562,14.7569,14.7569,14.7569,14.7569,14.7569,14.7563,14.7566,14.7568,14.7565,14.7582,14.7595,14.7597,14.7595,14.7595,14.7595,14.7586,14.7586,14.7584,14.7584,14.7577,14.7577,14.7577,14.7574,14.7577,14.7565,14.7561,14.7567,14.7561,
Thu Apr 09 2020 04:04:37 GMT-0400 (Eastern Daylight Time)
14.7551,14.7551,14.7546,14.7546,14.7543,14.7541,14.7533,14.7529,14.7522,14.752,14.752,14.7521,14.7518,14.7506,14.7507,14.7511,14.7506,14.7506,14.7506,14.75,14.75,14.7507,14.7507,14.7504,14.7504,14.7507,14.7504,14.7504,14.7506,14.7506,14.7506,14.7506,14.7506,14.7506,14.7504,14.7504,14.7504,14.7507,14.7505,14.7505,14.7501,14.7503,14.7499,14.7505,14.7505,14.7502,14.7502,14.7502,14.7499,14.7499,14.7508,14.7508,14.7503,14.75,14.7494,14.7494,14.7492,14.7492,14.7492,14.7487,
Thu Apr 09 2020 04:05:37 GMT-0400 (Eastern Daylight Time)
14.7487,14.7483,14.748,14.748,14.748,14.7463,14.7466,14.7468,14.7468,14.7449,14.7449,14.7453,14.7453,14.7453,14.7457,14.7457,14.7457,14.7453,14.7453,14.745,14.745,14.745,14.7447,14.7444,14.7448,14.7443,14.7443,14.7443,14.7443,14.7445,14.7451,14.7458,14.7455,14.7452,14.745,14.745,14.7453,14.7453,14.7453,14.7456,14.7456,14.7445,14.7448,14.7448,14.744,14.7431,14.7443,14.743,14.743,14.7432,14.7432,14.7432,14.7435,14.7441,14.7441,14.7441,14.7437,14.7439,14.7439,14.7439,
Thu Apr 09 2020 04:06:37 GMT-0400 (Eastern Daylight Time)
14.7449,14.7446,14.7448,14.7452,14.7452,14.7456,14.7456,14.7461,14.7456,14.7451,14.7451,14.7449,14.7452,14.7449,14.7449,14.7451,14.7451,14.7451,14.7448,14.7444,14.7444,14.7441,14.7435,14.7435,14.7433,14.7433,14.743,14.7405,14.741,14.741,14.7408,14.7415,14.7415,14.7409,14.7409,14.7409,14.7406,14.7406,14.7406,14.7406,14.7406,14.7429,14.7423,14.7418,14.7418,14.7425,14.743,14.743,14.743,14.7383,14.7379,14.7382,14.7382,14.7382,14.7387,14.7387,14.7387,14.7398,14.7398,14.7387,
Thu Apr 09 2020 04:07:37 GMT-0400 (Eastern Daylight Time)
14.7387,14.739,14.739,14.7388,14.7388,14.739,14.739,14.739,14.7392,14.7392,14.7392,14.7388,14.7396,14.7402,14.7402,14.7414,14.7414,14.7414,14.7387,14.7383,14.7383,14.7383,14.7383,14.7383,14.738,14.7391,14.7391,14.7396,14.7412,14.7414,14.7414,14.7414,14.7418,14.7394,14.7397,14.7388,14.7388,14.7388,14.7385,14.7385,14.7385,14.7371,14.7371,14.7368,14.737,14.737,14.7365,14.7367,14.7367,14.7367,14.7364,14.7375,14.7369,14.7364,14.7368,14.7368,14.7376,14.7382,14.7382,14.7378,
Thu Apr 09 2020 04:08:37 GMT-0400 (Eastern Daylight Time)
14.7378,14.7382,14.7392,14.7392,14.7385,14.7388,14.7386,14.7363,14.7363,14.7358,14.7377,14.7377,14.7375,14.7375,14.737,14.737,14.7372,14.737,14.7375,14.7371,14.7371,14.7374,14.7379,14.7379,14.7367,14.7367,14.7363,14.7363,14.7363,14.7357,14.7357,14.7357,14.7357,14.7348,14.7348,14.7348,14.7355,14.7355,14.7355,14.7355,14.7353,14.7344,14.7341,14.7347,14.7345,14.7348,14.7348,14.7348,14.7374,14.7379,14.7384,14.7371,14.7371,14.7366,14.7366,14.7363,14.7358,14.7358,14.7358,14.7354,
Thu Apr 09 2020 04:09:37 GMT-0400 (Eastern Daylight Time)
14.7357,14.7357,14.7363,14.7368,14.7371,14.7374,14.7372,14.7372,14.7385,14.7385,14.7385,14.7381,14.7385,14.7385,14.7406,14.7404,14.7404,14.7407,14.7407,14.741,14.741,14.7415,14.7415,14.7418,14.7421,14.741,14.7407,14.7407,14.7409,14.7415,14.7418,14.7418,14.7416,14.7417,14.7417,14.7417,14.7417,14.7411,14.7411,14.7411,14.7413,14.7413,14.7413,14.7411,14.7411,14.7413,14.7417,14.7421,14.7421,14.7416,14.742,14.7428,14.7428,14.7433,14.7433,14.7435,14.7437,14.7432,14.7449,14.7449,
Thu Apr 09 2020 04:10:38 GMT-0400 (Eastern Daylight Time)
14.7449,14.746,14.7457,14.7457,14.7443,14.7446,14.7442,14.7439,14.7437,14.7415,14.7411,14.7411,14.7423,14.7423,14.7423,14.7423,14.7423,14.7423,14.7423,14.742,14.7416,14.7421,14.7405,14.7405,14.7401,14.7394,14.7394,14.7399,14.7399,14.7393,14.7395,14.7385,14.7385,14.7385,14.7385,14.7385,14.7385,14.7392,14.7392,14.7395,14.7395,14.7395,14.7395,14.7391,14.7397,14.7397,14.7397,14.7397,14.74,14.7399,14.7396,14.74,14.7397,14.7402,14.7416,14.7416,14.7427,14.7427,14.7415,14.7415,
Thu Apr 09 2020 04:11:37 GMT-0400 (Eastern Daylight Time)
14.7415,14.7421,14.7424,14.7424,14.7428,14.7442,14.7433,14.7435,14.7435,14.744,14.7443,14.7443,14.7443,14.7464,14.7464,14.7464,14.7459,14.7459,14.746,14.7471,14.7467,14.7467,14.7469,14.7462,14.7465,14.7456,14.7456,14.7464,14.7463,14.7468,14.7468,14.7465,14.7465,14.7465,14.7468,14.7468,14.7468,14.7464,14.7464,14.7464,14.7469,14.7465,14.746,14.7453,14.7453,14.7451,14.7451,14.7451,14.7451,14.7436,14.743,14.743,14.743,14.7419,14.7419,14.7419,14.7414,14.7414,14.7419,14.7422,
Thu Apr 09 2020 04:12:37 GMT-0400 (Eastern Daylight Time)
14.7426,14.743,14.743,14.743,14.7423,14.7423,14.7423,14.7423,14.7427,14.7424,14.7424,14.7428,14.7425,14.7423,14.7423,14.7434,14.7434,14.7437,14.7434,14.7441,14.7441,14.7447,14.7447,14.7442,14.7442,14.7452,14.7452,14.7454,14.7454,14.7454,14.7457,14.7448,14.7448,14.7454,14.7454,14.7454,14.7449,14.7456,14.746,14.746,14.7457,14.7454,14.7449,14.7443,14.7436,14.7427,14.7431,14.7427,14.7427,14.7424,14.7424,14.7424,14.7424,14.7433,14.7429,14.7429,14.7433,14.7439,14.7439,14.7435,
Thu Apr 09 2020 04:13:38 GMT-0400 (Eastern Daylight Time)
14.7435,14.7435,14.7435,14.7431,14.7427,14.7424,14.7421,14.7424,14.7424,14.7427,14.7427,14.7427,14.7427,14.7421,14.7421,14.7421,14.7421,14.7414,14.7428,14.7428,14.7428,14.7433,14.7427,14.7427,14.7423,14.7411,14.7411,14.7405,14.7401,14.7408,14.7408,14.7408,14.7411,14.7422,14.7438,14.7432,14.7432,14.7466,14.7464,14.7464,14.7464,14.7461,14.7461,14.7464,14.7467,14.7458,14.7455,14.7455,14.7452,14.7455,14.7453,14.7448,14.7453,14.7449,14.7453,14.7453,14.7429,14.7426,14.7426,14.7426,
Thu Apr 09 2020 04:14:37 GMT-0400 (Eastern Daylight Time)
14.7419,14.7419,14.7409,14.7405,14.7409,14.7411,14.7407,14.7407,14.7407,14.7407,14.7407,14.7404,14.74,14.7394,14.7394,14.7394,14.7394,14.7389,14.7393,14.7387,14.7387,14.7385,14.7385,14.7385,14.7385,14.7359,14.7359,14.7359,14.7356,14.7347,14.7342,14.7349,14.7349,14.7352,14.7352,14.7367,14.7367,14.7366,14.7363,14.7359,14.7357,14.7357,14.7354,14.7354,14.7354,14.7354,14.7354,14.7354,14.7354,14.7357,14.7357,14.7357,14.7363,14.7366,14.7366,14.7366,14.738,14.7377,14.7384,14.7392,
Thu Apr 09 2020 04:15:37 GMT-0400 (Eastern Daylight Time)
14.7385,14.7401,14.7412,14.7412,14.7417,14.7413,14.7413,14.7413,14.7413,14.7413,14.7409,14.7407,14.7403,14.7403,14.7403,14.7408,14.7408,14.7401,14.7401,14.7401,14.7372,14.737,14.7373,14.7373,14.7349,14.7349,14.7349,14.7352,14.7354,14.7354,14.7351,14.7354,14.7358,14.7355,14.7341,14.7341,14.7352,14.7352,14.7355,14.7358,14.7358,14.7358,14.7361,14.7361,14.7361,14.7354,14.7343,14.7343,14.734,14.7337,14.7341,14.7344,14.7341,14.7341,14.7356,14.7356,14.7347,14.7361,14.7365,14.7365,
Thu Apr 09 2020 04:16:37 GMT-0400 (Eastern Daylight Time)
14.7365,14.7359,14.7344,14.7347,14.7347,14.7344,14.7341,14.7341,14.7341,14.7341,14.7346,14.7349,14.7349,14.7374,14.7374,14.7372,14.7377,14.7381,14.7381,14.7384,14.7384,14.7384,14.7387,14.7387,14.7391,14.7395,14.7397,14.7397,14.7397,14.7399,14.7402,14.7402,14.7402,14.74,14.74,14.7402,14.7405,14.7405,14.7417,14.7415,14.7415,14.7403,14.7403,14.7405,14.7403,14.7409,14.7409,14.7418,14.7418,14.7414,14.7396,14.7393,14.7393,14.7394,14.7391,14.7395,14.7395,14.7404,14.7404,14.7404,
Thu Apr 09 2020 04:17:37 GMT-0400 (Eastern Daylight Time)
14.7404,14.7404,14.7404,14.7408,14.7411,14.7408,14.7413,14.7413,14.741,14.7406,14.7411,14.7409,14.7406,14.7406,14.7406,14.7409,14.7384,14.7378,14.7381,14.7399,14.7395,14.74,14.7402,14.7405,14.7405,14.7405,14.7408,14.7402,14.7402,14.7405,14.7405,14.741,14.741,14.7422,14.7424,14.7421,14.7421,14.7423,14.7423,14.7421,14.7421,14.7415,14.7411,14.7405,14.7398,14.7395,14.7393,14.7392,14.7382,14.7374,14.7374,14.7371,14.7371,14.7371,14.7371,14.7371,14.7346,14.7352,14.7348,14.7322,
Thu Apr 09 2020 04:18:37 GMT-0400 (Eastern Daylight Time)
14.7324,14.7319,14.7319,14.7316,14.7316,14.7311,14.7314,14.7314,14.7314,14.7314,14.7311,14.7311,14.7316,14.7316,14.7305,14.7308,14.7311,14.7311,14.7315,14.7318,14.7321,14.7321,14.7321,14.7321,14.7327,14.7332,14.7326,14.7321,14.7321,14.7321,14.7327,14.7324,14.7324,14.7327,14.7333,14.7327,14.7336,14.7336,14.7336,14.7336,14.7336,14.7338,14.7338,14.7338,14.7341,14.7341,14.7352,14.7355,14.7355,14.7358,14.7364,14.7364,14.7356,14.7354,14.7357,14.7354,14.7354,14.7352,14.7355,14.7355,
Thu Apr 09 2020 04:19:37 GMT-0400 (Eastern Daylight Time)
14.7355,14.7358,14.7358,14.7355,14.7359,14.7359,14.7355,14.7355,14.7355,14.7353,14.7356,14.7358,14.7358,14.7366,14.7368,14.7368,14.7368,14.7371,14.7378,14.7382,14.7382,14.7382,14.7382,14.7385,14.7385,14.7382,14.7377,14.7385,14.7383,14.738,14.739,14.7393,14.7387,14.7387,14.7385,14.7385,14.7377,14.7371,14.7371,14.7371,14.7376,14.738,14.7384,14.7388,14.7388,14.7388,14.7388,14.7385,14.7401,14.7395,14.7407,14.7407,14.7411,14.7404,14.7411,14.7415,14.7415,14.7415,14.7422,14.7429,
Thu Apr 09 2020 04:20:38 GMT-0400 (Eastern Daylight Time)
14.7429,14.7429,14.7432,14.7432,14.7432,14.7432,14.7436,14.7436,14.7439,14.7439,14.7448,14.7448,14.7448,14.7448,14.7448,14.7448,14.7442,14.7442,14.7455,14.7455,14.7455,14.7455,14.7459,14.7463,14.7461,14.7461,14.7458,14.7453,14.7453,14.7453,14.7439,14.7439,14.7434,14.743,14.7425,14.7421,14.7424,14.7424,14.7426,14.7426,14.7426,14.7426,14.742,14.742,14.742,14.742,14.7417,14.7413,14.7413,14.741,14.741,14.7412,14.7399,14.7399,14.7396,14.7393,14.7395,14.7393,14.7401,14.7401,
Thu Apr 09 2020 04:21:37 GMT-0400 (Eastern Daylight Time)
14.7401,14.7394,14.7391,14.7389,14.7389,14.7392,14.74,14.74,14.74,14.7402,14.7424,14.7427,14.7427,14.7427,14.7429,14.7429,14.7424,14.7427,14.7434,14.743,14.743,14.7427,14.7425,14.7396,14.739,14.7386,14.7389,14.7381,14.7381,14.7383,14.7383,14.7388,14.739,14.74,14.74,14.74,14.74,14.74,14.7404,14.7401,14.7401,14.7387,14.7376,14.738,14.7377,14.7379,14.7384,14.7391,14.7391,14.739,14.7394,14.7394,14.7398,14.7396,14.7399,14.7401,14.7401,14.7401,14.7403,14.7403,
Thu Apr 09 2020 04:22:37 GMT-0400 (Eastern Daylight Time)
14.7405,14.7401,14.7401,14.7404,14.7404,14.7402,14.7402,14.7402,14.7402,14.7396,14.7384,14.7382,14.7384,14.739,14.7382,14.7374,14.7372,14.7372,14.7372,14.7376,14.7376,14.7376,14.7384,14.7381,14.7376,14.7379,14.7379,14.7376,14.7379,14.7379,14.7379,14.7382,14.7382,14.7382,14.7377,14.7377,14.7369,14.7369,14.7356,14.7351,14.7354,14.7345,14.734,14.7336,14.7336,14.7325,14.7328,14.7328,14.7328,14.7326,14.7319,14.7315,14.7318,14.734,14.7347,14.7347,14.7344,14.7344,14.7333,14.7345,
Thu Apr 09 2020 04:23:38 GMT-0400 (Eastern Daylight Time)
14.7345,14.7343,14.7343,14.7348,14.7348,14.7344,14.7345,14.7335,14.7335,14.7335,14.7345,14.7345,14.7345,14.7348,14.7357,14.7355,14.7352,14.7352,14.7348,14.7348,14.7348,14.7355,14.7346,14.7346,14.7346,14.7342,14.7342,14.7345,14.7345,14.7343,14.7335,14.7344,14.7344,14.7344,14.7334,14.7334,14.7334,14.7338,14.7338,14.7342,14.7345,14.7347,14.7346,14.7346,14.7351,14.7351,14.7359,14.7362,14.7365,14.7365,14.7364,14.7361,14.7361,14.7365,14.7365,14.7363,14.736,14.7357,14.7355,14.7355,
Thu Apr 09 2020 04:24:37 GMT-0400 (Eastern Daylight Time)
14.7362,14.7362,14.7362,14.7363,14.7367,14.7367,14.7363,14.7364,14.7364,14.7364,14.7369,14.7369,14.7376,14.7379,14.7375,14.7372,14.7375,14.7376,14.7367,14.7367,14.7367,14.7367,14.7364,14.7368,14.7371,14.7371,14.7366,14.7366,14.7359,14.7359,14.7355,14.7349,14.7349,14.7349,14.7349,14.7349,14.7349,14.7346,14.7357,14.7362,14.7372,14.7372,14.7366,14.736,14.7357,14.7357,14.736,14.7359,14.7364,14.738,14.738,14.7384,14.7379,14.7379,14.7379,14.7379,14.7379,14.7379,14.7379,14.7375,
Thu Apr 09 2020 04:25:37 GMT-0400 (Eastern Daylight Time)
14.7373,14.7373,14.7375,14.7378,14.7375,14.7375,14.7379,14.7379,14.7379,14.7397,14.7405,14.7405,14.7401,14.7401,14.7404,14.741,14.741,14.7405,14.7405,14.7405,14.7405,14.7409,14.7379,14.7379,14.7374,14.7374,14.7371,14.7371,14.7371,14.7371,14.7373,14.7373,14.7383,14.7383,14.7411,14.7401,14.7403,14.74,14.7391,14.7398,14.7398,14.7402,14.7405,14.7402,14.7402,14.7411,14.7412,14.7414,14.7414,14.7414,14.7409,14.7419,14.7419,14.7419,14.7422,14.7425,14.7428,14.7431,14.742,14.7416,
Thu Apr 09 2020 04:26:37 GMT-0400 (Eastern Daylight Time)
14.7416,14.7412,14.7428,14.7441,14.7441,14.7448,14.7437,14.7442,14.7442,14.7438,14.7438,14.7435,14.7435,14.743,14.7447,14.7458,14.7458,14.745,14.7446,14.7448,14.7448,14.7448,14.7448,14.7448,14.7454,14.7454,14.7454,14.7454,14.7462,14.7462,14.7449,14.7449,14.7449,14.7449,14.7449,14.7447,14.7447,14.7447,14.7451,14.7455,14.7459,14.7459,14.7468,14.7468,14.7468,14.7471,14.7471,14.7475,14.7463,14.7463,14.7467,14.747,14.747,14.7467,14.7472,14.7468,14.7471,14.7471,14.7474,14.7474,
Thu Apr 09 2020 04:27:38 GMT-0400 (Eastern Daylight Time)
14.7474,14.7477,14.7477,14.7477,14.7493,14.7491,14.7489,14.7492,14.749,14.7502,14.7497,14.75,14.75,14.75,14.7498,14.7494,14.7506,14.7509,14.7511,14.7506,14.7508,14.7508,14.7517,14.7517,14.752,14.752,14.752,14.752,14.752,14.752,14.7526,14.752,14.7517,14.7521,14.7518,14.7518,14.7508,14.7511,14.7509,14.7505,14.7508,14.7511,14.7515,14.7512,14.7512,14.7512,14.7515,14.7497,14.7497,14.7497,14.7497,14.75,14.75,14.75,14.7489,14.7486,14.7486,14.749,14.749,14.749,
Thu Apr 09 2020 04:28:37 GMT-0400 (Eastern Daylight Time)
14.7506,14.7506,14.7504,14.7504,14.7509,14.7499,14.7502,14.7502,14.7499,14.7499,14.7497,14.7493,14.7493,14.749,14.7487,14.7493,14.7491,14.7484,14.748,14.748,14.748,14.7475,14.7506,14.7506,14.7514,14.7511,14.7505,14.75,14.7496,14.7496,14.7496,14.7496,14.7489,14.7491,14.7496,14.7496,14.7496,14.7496,14.7496,14.7501,14.7501,14.7492,14.7495,14.7484,14.7484,14.7491,14.7485,14.7488,14.7486,14.7486,14.7503,14.7506,14.7506,14.7503,14.7506,14.7503,14.7519,14.7519,14.7519,14.7519,
Thu Apr 09 2020 04:29:37 GMT-0400 (Eastern Daylight Time)
14.7516,14.7516,14.7519,14.7519,14.7514,14.7514,14.7515,14.7511,14.7511,14.7511,14.7516,14.7523,14.7523,14.752,14.7523,14.7531,14.7533,14.7536,14.7536,14.7533,14.7533,14.7531,14.7534,14.7547,14.755,14.755,14.7539,14.7539,14.7541,14.7537,14.7537,14.7564,14.7564,14.7564,14.7567,14.7567,14.7571,14.7556,14.7556,14.7556,14.7556,14.7556,14.7553,14.7556,14.7564,14.7564,14.7533,14.7536,14.7536,14.753,14.7527,14.7532,14.7536,14.7536,14.7544,14.7548,14.7548,14.7548,14.7544,14.7549,
Thu Apr 09 2020 04:30:37 GMT-0400 (Eastern Daylight Time)
14.7546,14.7546,14.7533,14.753,14.7527,14.7524,14.7524,14.7521,14.7521,14.7521,14.7521,14.7527,14.7515,14.7515,14.7519,14.7516,14.7516,14.7516,14.7516,14.7519,14.7512,14.7508,14.751,14.7514,14.7522,14.7522,14.7519,14.7522,14.7522,14.7522,14.753,14.753,14.753,14.753,14.753,14.753,14.7527,14.753,14.753,14.7533,14.7533,14.7533,14.7533,14.7533,14.7533,14.7537,14.7537,14.7542,14.7552,14.7552,14.755,14.755,14.7547,14.7547,14.7547,14.7547,14.7547,14.7542,14.754,14.7534,
Thu Apr 09 2020 04:31:37 GMT-0400 (Eastern Daylight Time)
14.7527,14.7527,14.7527,14.7531,14.7535,14.7534,14.7534,14.7534,14.7537,14.7541,14.7542,14.7542,14.7542,14.7547,14.755,14.755,14.7548,14.7563,14.7559,14.7559,14.7562,14.7562,14.756,14.7567,14.7594,14.7594,14.7581,14.7577,14.7585,14.7585,14.7591,14.7591,14.7594,14.7594,14.7608,14.7608,14.7608,14.761,14.7603,14.7603,14.76,14.76,14.76,14.76,14.76,14.7596,14.7596,14.7596,14.7594,14.7598,14.76,14.76,14.7591,14.7591,14.7595,14.7587,14.7587,14.7587,14.7585,14.7585,
Thu Apr 09 2020 04:32:38 GMT-0400 (Eastern Daylight Time)
14.7592,14.7604,14.7606,14.7606,14.7606,14.7603,14.7603,14.7603,14.7603,14.7603,14.7599,14.7599,14.7599,14.7599,14.7599,14.7599,14.7602,14.7599,14.7596,14.76,14.76,14.76,14.7591,14.7591,14.7588,14.7585,14.7589,14.7591,14.7595,14.7595,14.7609,14.7604,14.7604,14.7607,14.7614,14.7621,14.7621,14.7623,14.7623,14.7629,14.7629,14.7623,14.7623,14.7623,14.7619,14.7624,14.7624,14.7624,14.7624,14.7624,14.7626,14.7626,14.7622,14.7622,14.7624,14.7624,14.7624,14.7621,14.7628,14.7628,
Thu Apr 09 2020 04:33:37 GMT-0400 (Eastern Daylight Time)
14.7628,14.7631,14.7631,14.7627,14.763,14.763,14.7641,14.7635,14.7631,14.7635,14.7623,14.7634,14.7633,14.7633,14.7633,14.7633,14.7633,14.7633,14.7633,14.7631,14.7639,14.7639,14.7639,14.7643,14.7643,14.7641,14.7638,14.7632,14.7632,14.7637,14.7646,14.7646,14.7644,14.7646,14.7649,14.7647,14.7647,14.7647,14.7647,14.7642,14.7642,14.7645,14.7645,14.7655,14.7655,14.7658,14.7658,14.7658,14.7658,14.7658,14.7658,14.7663,14.7654,14.765,14.7654,14.7631,14.762,14.762,14.7617,14.7614,
Thu Apr 09 2020 04:34:38 GMT-0400 (Eastern Daylight Time)
14.7614,14.7618,14.7618,14.7615,14.7615,14.7618,14.7618,14.7628,14.7628,14.7628,14.7628,14.7625,14.7625,14.7597,14.7597,14.7602,14.7602,14.7602,14.7602,14.7606,14.7606,14.7606,14.7608,14.7629,14.7629,14.7629,14.7636,14.7633,14.7635,14.764,14.764,14.764,14.764,14.764,14.7644,14.7642,14.764,14.764,14.7642,14.7642,14.7652,14.7646,14.765,14.7672,14.7672,14.7681,14.7686,14.7692,14.7689,14.7689,14.7664,14.7659,14.7664,14.7661,14.7661,14.7661,14.7636,14.7639,14.7634,14.7633,
Thu Apr 09 2020 04:35:37 GMT-0400 (Eastern Daylight Time)
14.7627,14.7627,14.7627,14.7629,14.7629,14.7625,14.7625,14.7625,14.7625,14.7628,14.7628,14.7637,14.7631,14.7634,14.7634,14.7629,14.7629,14.7629,14.7629,14.7619,14.7619,14.7622,14.7622,14.7645,14.7645,14.7648,14.7642,14.7636,14.7636,14.7636,14.763,14.7635,14.7635,14.7643,14.7643,14.7643,14.7643,14.7649,14.7649,14.7661,14.7655,14.7658,14.7658,14.7661,14.7661,14.7656,14.7653,14.7655,14.7655,14.7655,14.7658,14.7654,14.7654,14.7649,14.7646,14.7645,14.7645,14.7638,14.7627,14.7617,
Thu Apr 09 2020 04:36:37 GMT-0400 (Eastern Daylight Time)
14.7615,14.7612,14.7609,14.7603,14.7609,14.7611,14.7626,14.7635,14.7635,14.7635,14.7655,14.7655,14.7658,14.766,14.7657,14.7664,14.7669,14.7669,14.7669,14.7664,14.7664,14.767,14.767,14.7673,14.7667,14.7658,14.7658,14.7662,14.7662,14.7662,14.766,14.7658,14.7646,14.7646,14.7646,14.7648,14.7648,14.7652,14.7654,14.7646,14.765,14.765,14.7653,14.7659,14.7659,14.7668,14.7668,14.766,14.766,14.766,14.766,14.766,14.766,14.766,14.7664,14.7661,14.7661,14.7661,14.764,14.764,
Thu Apr 09 2020 04:37:38 GMT-0400 (Eastern Daylight Time)
14.764,14.7648,14.7651,14.7652,14.7652,14.7657,14.7662,14.7659,14.7661,14.7689,14.7689,14.7697,14.7697,14.7707,14.7707,14.7707,14.7707,14.7714,14.7714,14.7717,14.7715,14.7715,14.7709,14.771,14.771,14.7708,14.7706,14.7706,14.7704,14.7707,14.771,14.7736,14.7736,14.7733,14.7737,14.774,14.774,14.7745,14.7745,14.7748,14.7748,14.775,14.7757,14.7752,14.7742,14.7746,14.7754,14.7752,14.7752,14.7752,14.7752,14.7752,14.7752,14.7752,14.7742,14.7742,14.774,14.7738,14.7738,14.7732,
Thu Apr 09 2020 04:38:37 GMT-0400 (Eastern Daylight Time)
14.7729,14.7729,14.7729,14.7723,14.7723,14.7719,14.7722,14.7719,14.7719,14.7719,14.7719,14.7716,14.7706,14.7706,14.7703,14.7703,14.7699,14.7697,14.7701,14.7698,14.7689,14.7686,14.7686,14.7695,14.7695,14.7692,14.7692,14.7687,14.7687,14.7687,14.7687,14.7689,14.7695,14.7695,14.7696,14.77,14.77,14.7693,14.7693,14.7698,14.7698,14.771,14.7706,14.7706,14.771,14.7717,14.7705,14.7696,14.7696,14.7693,14.7693,14.7702,14.7699,14.7699,14.7699,14.7696,14.7696,14.7691,14.7691,14.7688,
Thu Apr 09 2020 04:39:37 GMT-0400 (Eastern Daylight Time)
14.7688,14.7688,14.7688,14.7691,14.7691,14.7694,14.7694,14.769,14.769,14.769,14.7688,14.7688,14.7705,14.7705,14.7707,14.7704,14.7704,14.7706,14.7706,14.7708,14.7708,14.7705,14.7705,14.77,14.7703,14.7705,14.7705,14.7708,14.7711,14.7714,14.7717,14.772,14.772,14.772,14.772,14.772,14.7722,14.7726,14.7726,14.7731,14.7731,14.7731,14.7735,14.7742,14.7733,14.7727,14.7725,14.7729,14.7729,14.7733,14.7733,14.7733,14.7728,14.773,14.773,14.773,14.7727,14.7712,14.7708,14.7704,
Thu Apr 09 2020 04:40:37 GMT-0400 (Eastern Daylight Time)
14.7699,14.7696,14.7698,14.7695,14.7692,14.7697,14.7697,14.7697,14.7697,14.7697,14.7697,14.769,14.769,14.7697,14.7668,14.7668,14.7668,14.7659,14.7659,14.7666,14.767,14.7668,14.764,14.7642,14.7647,14.7644,14.7641,14.7663,14.7663,14.7661,14.7658,14.7658,14.7661,14.7659,14.7659,14.7666,14.7664,14.7657,14.7652,14.7652,14.7658,14.7658,14.7658,14.7658,14.7658,14.7658,14.7658,14.7658,14.7655,14.7655,14.7655,14.7655,14.7655,14.7655,14.7649,14.7633,14.7636,14.7636,14.7628,14.7628,
Thu Apr 09 2020 04:42:38 GMT-0400 (Eastern Daylight Time)
14.7628,14.7623,14.7623,14.7614,14.7614,14.7617,14.769,14.769,14.769,14.769,14.769,14.7685,14.7615,14.7688,14.7692,14.7686,14.769,14.7693,14.7685,14.7685,14.7685,14.7688,14.7691,14.7697,14.7697,14.7697,14.7708,14.7708,14.7708,14.7708,14.7708,14.77,14.7709,14.7709,14.7715,14.7718,14.7721,14.7721,14.7721,14.7721,14.7721,14.7721,14.7721,14.7723,14.7715,14.7715,14.7715,14.7724,14.7724,14.7724,14.772,14.7723,14.772,14.772,14.7711,14.7709,14.7712,14.7712,14.7712,14.7712,
Thu Apr 09 2020 04:43:38 GMT-0400 (Eastern Daylight Time)
14.7708,14.7698,14.7698,14.7694,14.7696,14.7723,14.7726,14.773,14.773,14.7727,14.7727,14.7729,14.7727,14.7727,14.7727,14.7729,14.7727,14.7727,14.7733,14.7741,14.7741,14.7741,14.7745,14.7739,14.7739,14.7739,14.7739,14.7736,14.7736,14.7736,14.7736,14.7715,14.7712,14.7712,14.7717,14.7717,14.7714,14.7714,14.7719,14.7707,14.7707,14.7714,14.7714,14.7709,14.7699,14.7699,14.7694,14.7728,14.7716,14.7719,14.7719,14.7729,14.7729,14.7726,14.7726,14.7699,14.7699,14.7702,14.7702,14.7689,
Thu Apr 09 2020 04:45:37 GMT-0400 (Eastern Daylight Time)
14.7692,14.7692,14.769,14.7744,14.7747,14.7747,14.7747,14.7747,14.7752,14.7752,14.7752,14.775,14.775,14.775,14.775,14.7748,14.7748,14.7748,14.7748,14.7748,14.7751,14.7751,14.7745,14.7742,14.7739,14.7739,14.7736,14.7736,14.774,14.774,14.774,14.774,14.774,14.774,14.774,14.774,14.7732,14.7735,14.7731,14.7731,14.7729,14.7731,14.7738,14.7747,14.7742,14.7745,14.7745,14.7745,14.7751,14.7748,14.7748,14.7755,14.776,14.7764,14.7762,14.7762,14.7758,14.7758,14.7771,14.7783,
Thu Apr 09 2020 04:46:37 GMT-0400 (Eastern Daylight Time)
14.7783,14.7789,14.7789,14.7786,14.7786,14.7786,14.7804,14.7801,14.7794,14.7794,14.7794,14.7791,14.7795,14.7793,14.7789,14.7787,14.7781,14.7781,14.7772,14.7764,14.7761,14.7758,14.7758,14.7758,14.7753,14.7744,14.7741,14.7744,14.774,14.774,14.7743,14.7743,14.7747,14.7747,14.7742,14.7743,14.7739,14.7728,14.7732,14.7732,14.773,14.7735,14.7735,14.7735,14.7745,14.7745,14.7745,14.7745,14.7746,14.7742,14.7742,14.7742,14.7733,14.7731,14.7734,14.7734,14.7734,14.7731,14.7735,14.7735,
Thu Apr 09 2020 04:47:38 GMT-0400 (Eastern Daylight Time)
14.7738,14.7743,14.7741,14.7746,14.775,14.775,14.7754,14.7758,14.7755,14.7747,14.7744,14.7738,14.7748,14.7748,14.777,14.7772,14.7768,14.7772,14.7772,14.7768,14.7788,14.7781,14.7794,14.7794,14.779,14.779,14.7794,14.7794,14.78,14.78,14.7792,14.7788,14.7788,14.7795,14.7795,14.7795,14.7801,14.7807,14.7814,14.781,14.7822,14.7822,14.7822,14.7809,14.7801,14.7803,14.7803,14.7803,14.7797,14.7797,14.7797,14.7797,14.7801,14.7801,14.7806,14.7806,14.7804,14.7801,14.7798,14.7798,
Thu Apr 09 2020 04:48:37 GMT-0400 (Eastern Daylight Time)
14.779,14.779,14.779,14.7784,14.7784,14.7784,14.778,14.7778,14.7781,14.7778,14.7769,14.7769,14.7766,14.7766,14.7766,14.7769,14.7751,14.7748,14.7743,14.7743,14.7745,14.7745,14.7737,14.7737,14.7734,14.7736,14.7739,14.7746,14.7759,14.7757,14.7752,14.7752,14.7752,14.7755,14.7755,14.776,14.776,14.7767,14.7769,14.7769,14.7775,14.7788,14.7788,14.7786,14.7783,14.7785,14.7785,14.7785,14.778,14.779,14.7794,14.7794,14.7798,14.7802,14.7806,14.7809,14.7799,14.7803,14.7806,14.7806,
Thu Apr 09 2020 04:49:37 GMT-0400 (Eastern Daylight Time)
14.7807,14.7812,14.782,14.782,14.7817,14.7819,14.7819,14.7813,14.7824,14.7821,14.7827,14.7836,14.7839,14.7848,14.7848,14.7838,14.7847,14.7844,14.7847,14.7845,14.7843,14.7825,14.7818,14.7818,14.7807,14.7813,14.7816,14.782,14.7817,14.7812,14.7804,14.7797,14.7799,14.7797,14.78,14.7799,14.7798,14.7801,14.7798,14.7804,14.7792,14.7793,14.7772,14.7772,14.7765,14.7765,14.7771,14.7771,14.7771,14.7775,14.7772,14.7767,14.7767,14.7767,14.7762,14.7762,14.7762,14.7762,14.7765,14.7762,
Thu Apr 09 2020 04:50:38 GMT-0400 (Eastern Daylight Time)
14.7753,14.7751,14.7754,14.7765,14.7755,14.7755,14.7755,14.7759,14.7762,14.7762,14.7765,14.7765,14.7765,14.776,14.776,14.776,14.7777,14.7773,14.7773,14.7777,14.7777,14.7781,14.7783,14.7779,14.7774,14.7774,14.7784,14.7781,14.7765,14.7765,14.7765,14.7768,14.7764,14.7764,14.7764,14.777,14.7769,14.7769,14.7769,14.7762,14.7762,14.7765,14.777,14.777,14.7766,14.7766,14.7766,14.7766,14.7768,14.7765,14.7765,14.7769,14.7769,14.7772,14.7776,14.7771,14.7768,14.7772,14.7772,14.7775,
Thu Apr 09 2020 04:51:38 GMT-0400 (Eastern Daylight Time)
14.7769,14.7764,14.7764,14.7766,14.7766,14.7763,14.7767,14.7762,14.7762,14.7762,14.7765,14.7768,14.7768,14.7765,14.7769,14.7769,14.7775,14.7778,14.7778,14.7781,14.7784,14.7787,14.779,14.7798,14.7803,14.7798,14.7798,14.7794,14.7794,14.7794,14.7794,14.7794,14.779,14.779,14.7786,14.7786,14.7791,14.7791,14.7788,14.7788,14.7796,14.7796,14.7799,14.7804,14.7804,14.78,14.78,14.78,14.7795,14.7795,14.7795,14.7801,14.7806,14.7804,14.7804,14.7798,14.7793,14.7793,14.7796,14.7799,
Thu Apr 09 2020 04:52:37 GMT-0400 (Eastern Daylight Time)
14.7799,14.7797,14.7797,14.7797,14.7793,14.7793,14.7793,14.7799,14.7796,14.7796,14.7796,14.7796,14.7806,14.781,14.7812,14.7812,14.7814,14.7814,14.781,14.781,14.781,14.7814,14.7814,14.7814,14.781,14.781,14.781,14.781,14.781,14.7814,14.7814,14.7814,14.7808,14.7817,14.7811,14.7811,14.7816,14.7816,14.7816,14.7816,14.7821,14.7821,14.7821,14.7823,14.7823,14.7828,14.7828,14.7828,14.7828,14.7831,14.7835,14.7835,14.7821,14.7821,14.7821,14.7821,14.7825,14.7825,14.7821,14.7821,
Thu Apr 09 2020 04:53:39 GMT-0400 (Eastern Daylight Time)
14.7821,14.7821,14.7816,14.7816,14.7812,14.7793,14.7793,14.7789,14.7789,14.7791,14.7791,14.7796,14.7792,14.7795,14.7795,14.7795,14.7773,14.7768,14.7768,14.7777,14.7771,14.7762,14.7762,14.7768,14.7764,14.7767,14.7767,14.7761,14.7764,14.7764,14.7764,14.7758,14.7758,14.7758,14.7765,14.7765,14.7765,14.7765,14.7765,14.7765,14.7762,14.7762,14.7762,14.776,14.776,14.776,14.776,14.776,14.7747,14.7747,14.7739,14.7737,14.7734,14.7734,14.7736,14.7736,14.7734,14.7734,14.7734,14.7734,
Thu Apr 09 2020 04:54:39 GMT-0400 (Eastern Daylight Time)
14.7734,14.7734,14.7734,14.7734,14.7734,14.7734,14.7739,14.7739,14.7733,14.7733,14.7728,14.7728,14.7728,14.7718,14.7718,14.7722,14.7726,14.7726,14.7724,14.7715,14.7719,14.7722,14.7722,14.7722,14.7722,14.7722,14.7724,14.7717,14.772,14.7715,14.7715,14.7715,14.7715,14.7715,14.7715,14.7709,14.7709,14.7709,14.7714,14.772,14.7732,14.7727,14.7727,14.7724,14.7724,14.7721,14.7714,14.7714,14.7708,14.7706,14.7703,14.7702,14.7697,14.769,14.769,14.7686,14.7678,14.7678,14.7678,14.7678,
Thu Apr 09 2020 04:55:37 GMT-0400 (Eastern Daylight Time)
14.7681,14.7681,14.7687,14.7687,14.7683,14.7683,14.7683,14.7683,14.7683,14.7683,14.7666,14.7666,14.7669,14.7669,14.7669,14.7667,14.7678,14.7678,14.768,14.7677,14.7673,14.7665,14.7665,14.7665,14.7665,14.7665,14.7665,14.7657,14.7647,14.7647,14.7647,14.7645,14.7648,14.7648,14.7648,14.7651,14.7651,14.7649,14.7649,14.7649,14.7651,14.7654,14.7654,14.7651,14.7656,14.7656,14.7653,14.7653,14.7646,14.7639,14.7632,14.7632,14.7636,14.7639,14.7639,14.7632,14.7628,14.762,14.762,14.7617,
Thu Apr 09 2020 04:56:38 GMT-0400 (Eastern Daylight Time)
14.7615,14.7619,14.7616,14.7616,14.7613,14.762,14.7623,14.7619,14.7631,14.7634,14.7634,14.7636,14.7632,14.7632,14.7632,14.7632,14.7638,14.7631,14.7631,14.7611,14.7611,14.7609,14.7605,14.7605,14.7605,14.7602,14.7602,14.7614,14.7618,14.7629,14.7626,14.763,14.7635,14.7635,14.7632,14.7631,14.7625,14.7628,14.7621,14.7621,14.7619,14.7615,14.7618,14.7618,14.7621,14.7618,14.7615,14.7621,14.7616,14.7623,14.7623,14.7623,14.7619,14.7617,14.7617,14.7607,14.7612,14.7601,14.7598,14.7594,
Thu Apr 09 2020 04:57:37 GMT-0400 (Eastern Daylight Time)
14.7594,14.7594,14.7599,14.7599,14.7599,14.7599,14.7599,14.7595,14.7588,14.7588,14.7584,14.7584,14.7581,14.7581,14.7585,14.7594,14.7594,14.7592,14.7592,14.7598,14.7598,14.7606,14.7604,14.7597,14.7597,14.7591,14.7591,14.7594,14.7594,14.7591,14.7591,14.7585,14.7581,14.7581,14.7581,14.7581,14.7581,14.7582,14.7582,14.7579,14.7579,14.7588,14.7588,14.7591,14.7587,14.7608,14.7608,14.7611,14.7614,14.7614,14.7619,14.7619,14.763,14.7645,14.7641,14.7641,14.7641,14.7635,14.7631,14.7618,
Thu Apr 09 2020 04:58:37 GMT-0400 (Eastern Daylight Time)
14.7623,14.7632,14.7627,14.7627,14.7631,14.7636,14.7636,14.7636,14.7636,14.7639,14.7639,14.7667,14.7665,14.7668,14.7668,14.7664,14.7654,14.763,14.763,14.7626,14.7626,14.7633,14.7633,14.7641,14.7645,14.7643,14.7643,14.7643,14.7638,14.7638,14.7638,14.7632,14.7632,14.7627,14.7627,14.763,14.763,14.7627,14.7625,14.7609,14.7606,14.7604,14.7602,14.7605,14.7605,14.7608,14.7619,14.7621,14.7633,14.7633,14.763,14.763,14.763,14.7637,14.7631,14.7633,14.7623,14.7623,14.762,14.7639,
Thu Apr 09 2020 04:59:37 GMT-0400 (Eastern Daylight Time)
14.7639,14.7637,14.7642,14.7639,14.7624,14.7624,14.7627,14.7631,14.7629,14.7629,14.7629,14.7622,14.7624,14.7631,14.7635,14.7642,14.7642,14.7644,14.7644,14.7653,14.7653,14.7653,14.7653,14.7653,14.7653,14.7658,14.7658,14.7661,14.7672,14.7672,14.7672,14.7672,14.7672,14.7675,14.7675,14.7679,14.7679,14.7686,14.7686,14.7691,14.7697,14.7698,14.7698,14.7701,14.7701,14.7717,14.7717,14.7714,14.7715,14.771,14.7707,14.7707,14.7709,14.7705,14.7704,14.7704,14.7697,14.7697,14.7702,14.7699,
Thu Apr 09 2020 05:00:38 GMT-0400 (Eastern Daylight Time)
14.7699,14.7696,14.7696,14.7696,14.7714,14.7719,14.7728,14.7728,14.7728,14.7714,14.7714,14.7714,14.7714,14.7716,14.7718,14.7717,14.7717,14.7712,14.7712,14.7714,14.7714,14.7715,14.7719,14.7722,14.7722,14.7722,14.7725,14.7725,14.7708,14.7711,14.7713,14.771,14.771,14.7718,14.7715,14.7713,14.7723,14.7723,14.7723,14.7718,14.7725,14.7738,14.7738,14.7738,14.7764,14.777,14.7774,14.7775,14.7778,14.7782,14.7775,14.7772,14.7768,14.7753,14.7758,14.7758,14.7751,14.7751,14.7749,14.7746,
Thu Apr 09 2020 05:01:37 GMT-0400 (Eastern Daylight Time)
14.7748,14.7748,14.7748,14.7752,14.7758,14.7758,14.7758,14.7758,14.7758,14.7756,14.7754,14.7754,14.7754,14.7757,14.7757,14.776,14.7754,14.7734,14.7734,14.7739,14.7733,14.774,14.7746,14.7746,14.7742,14.7742,14.7742,14.7742,14.7742,14.7742,14.7739,14.7736,14.7751,14.7751,14.7751,14.7751,14.7761,14.7761,14.7764,14.7757,14.7757,14.7757,14.7764,14.7764,14.7764,14.7767,14.7764,14.7764,14.7762,14.7762,14.7759,14.7759,14.7759,14.7763,14.7761,14.7766,14.7766,14.7766,14.7776,14.7769,
Thu Apr 09 2020 05:02:37 GMT-0400 (Eastern Daylight Time)
14.7776,14.7771,14.7774,14.7777,14.779,14.779,14.7787,14.7787,14.778,14.7779,14.7779,14.7774,14.7774,14.7777,14.7773,14.7767,14.7762,14.778,14.7778,14.7771,14.7771,14.7777,14.7777,14.7777,14.7781,14.7781,14.7781,14.7781,14.7778,14.7778,14.7773,14.7773,14.7757,14.7759,14.7755,14.7755,14.7753,14.7753,14.7753,14.7753,14.7753,14.7757,14.7755,14.7752,14.7759,14.7761,14.7761,14.7761,14.7761,14.7761,14.7761,14.7764,14.776,14.7762,14.7766,14.7769,14.7758,14.7766,14.7762,14.7772,
Thu Apr 09 2020 05:03:38 GMT-0400 (Eastern Daylight Time)
14.7774,14.7781,14.7777,14.7777,14.7775,14.7773,14.7771,14.7772,14.7772,14.7775,14.7775,14.7779,14.7779,14.7771,14.7773,14.7783,14.7772,14.7775,14.7775,14.7775,14.7781,14.7773,14.777,14.7772,14.7772,14.7745,14.7745,14.7742,14.7739,14.7739,14.7731,14.7731,14.7731,14.7732,14.7732,14.7732,14.7735,14.7753,14.7753,14.7758,14.7758,14.776,14.776,14.775,14.7754,14.7759,14.7762,14.7762,14.7759,14.7747,14.7745,14.7713,14.7713,14.7707,14.7707,14.7702,14.7707,14.7707,14.7707,14.7707,
Thu Apr 09 2020 05:04:37 GMT-0400 (Eastern Daylight Time)
14.7709,14.7713,14.7716,14.7716,14.772,14.772,14.7715,14.7708,14.7704,14.7704,14.7701,14.7701,14.7696,14.7696,14.7693,14.7695,14.7695,14.7703,14.7693,14.7689,14.7684,14.7679,14.7679,14.7679,14.7674,14.768,14.768,14.7677,14.7683,14.7694,14.769,14.7677,14.7684,14.768,14.7677,14.768,14.7686,14.7707,14.7723,14.7726,14.7726,14.7721,14.7719,14.7725,14.7723,14.7723,14.7723,14.7723,14.7706,14.7713,14.7709,14.7706,14.7706,14.7703,14.7703,14.7703,14.7712,14.7715,14.7715,14.7712,
Thu Apr 09 2020 05:05:38 GMT-0400 (Eastern Daylight Time)
14.7712,14.7712,14.7704,14.7702,14.7704,14.7696,14.7696,14.7706,14.7708,14.7703,14.7698,14.7687,14.7689,14.7685,14.7692,14.7688,14.7688,14.7684,14.7694,14.7694,14.7688,14.7683,14.7683,14.7681,14.7681,14.7683,14.768,14.768,14.7664,14.7668,14.7662,14.7662,14.7662,14.7654,14.7654,14.7654,14.7645,14.7645,14.7642,14.7635,14.7639,14.7645,14.7645,14.7649,14.7669,14.7664,14.7664,14.7667,14.7677,14.7677,14.7665,14.7677,14.7681,14.7678,14.7678,14.7687,14.7684,14.7695,14.7695,14.7695,
Thu Apr 09 2020 05:06:37 GMT-0400 (Eastern Daylight Time)
14.7696,14.7695,14.7701,14.7705,14.7705,14.7705,14.7705,14.7702,14.7704,14.7696,14.7693,14.7689,14.7683,14.7683,14.7683,14.7711,14.7711,14.7715,14.7715,14.7711,14.7715,14.7707,14.7707,14.7703,14.7703,14.77,14.7701,14.7698,14.7708,14.7697,14.7697,14.7695,14.7688,14.7692,14.7692,14.7692,14.77,14.7694,14.7694,14.7691,14.7687,14.7678,14.7681,14.7684,14.7684,14.7687,14.7687,14.7687,14.7687,14.7684,14.7684,14.7665,14.7653,14.7653,14.7653,14.7657,14.766,14.766,14.766,14.766,
Thu Apr 09 2020 05:07:37 GMT-0400 (Eastern Daylight Time)
14.766,14.7663,14.7665,14.7665,14.7663,14.7656,14.765,14.7645,14.7645,14.7615,14.7612,14.7606,14.7606,14.7608,14.7608,14.7615,14.7615,14.7607,14.7607,14.7607,14.7601,14.7601,14.7601,14.7607,14.7596,14.7596,14.7596,14.7596,14.7589,14.7589,14.7583,14.7586,14.7586,14.7587,14.7587,14.759,14.759,14.7593,14.7606,14.7609,14.7609,14.7614,14.7618,14.7618,14.7618,14.7622,14.7622,14.7619,14.7614,14.7614,14.7616,14.7616,14.762,14.762,14.762,14.7626,14.7623,14.7608,14.7606,14.7606,
Thu Apr 09 2020 05:08:37 GMT-0400 (Eastern Daylight Time)
14.7604,14.7608,14.7608,14.7616,14.7619,14.7619,14.7621,14.7636,14.764,14.7657,14.7657,14.7657,14.7657,14.7657,14.7661,14.766,14.7648,14.7648,14.7651,14.7654,14.7658,14.7662,14.7662,14.7656,14.7656,14.7651,14.7649,14.7653,14.764,14.764,14.7635,14.762,14.7617,14.7615,14.7621,14.7624,14.7619,14.7619,14.7614,14.7614,14.7614,14.7611,14.7619,14.7619,14.7619,14.7613,14.7611,14.7614,14.7623,14.7623,14.7617,14.7617,14.7614,14.7617,14.762,14.762,14.7618,14.7618,14.7624,14.7624,
Thu Apr 09 2020 05:09:38 GMT-0400 (Eastern Daylight Time)
14.7629,14.7632,14.7632,14.7632,14.7632,14.7634,14.7625,14.7616,14.7616,14.7616,14.7616,14.762,14.7624,14.7624,14.7621,14.7621,14.7621,14.7624,14.7628,14.7626,14.7626,14.7626,14.7627,14.7624,14.762,14.7627,14.7626,14.7626,14.7623,14.7627,14.7625,14.7628,14.7628,14.7628,14.7626,14.7626,14.7623,14.7623,14.7617,14.7617,14.7615,14.7615,14.7612,14.7616,14.7616,14.7616,14.7615,14.7615,14.7613,14.7616,14.7619,14.7619,14.7626,14.7626,14.7623,14.7612,14.7615,14.7612,14.7612,14.7614,
Thu Apr 09 2020 05:10:37 GMT-0400 (Eastern Daylight Time)
14.7616,14.762,14.7616,14.7616,14.7616,14.7616,14.7616,14.7616,14.7636,14.7636,14.7636,14.7632,14.7624,14.7627,14.7622,14.7622,14.7621,14.7618,14.7618,14.7618,14.7629,14.7629,14.7637,14.7637,14.7637,14.7637,14.7637,14.7637,14.7637,14.7641,14.7663,14.7663,14.7668,14.7668,14.767,14.767,14.767,14.767,14.7675,14.768,14.7677,14.7677,14.7677,14.7656,14.7656,14.7658,14.7676,14.7671,14.7668,14.7672,14.7672,14.7672,14.7672,14.7675,14.7675,14.7675,14.7672,14.7645,14.7645,14.7643,
Thu Apr 09 2020 05:11:37 GMT-0400 (Eastern Daylight Time)
14.7636,14.7636,14.7641,14.7644,14.7644,14.7644,14.7649,14.7649,14.7643,14.7643,14.7641,14.7641,14.7641,14.7645,14.7647,14.7652,14.7654,14.7654,14.7658,14.7658,14.7661,14.7661,14.7658,14.7658,14.7662,14.7662,14.7665,14.7661,14.7661,14.7661,14.7661,14.7666,14.7668,14.7668,14.7668,14.7672,14.767,14.7664,14.7664,14.7664,14.7677,14.7677,14.7677,14.768,14.7682,14.7682,14.7679,14.7674,14.7672,14.7672,14.7672,14.7672,14.7678,14.7675,14.7675,14.7675,14.7671,14.7671,14.7674,14.768,
Thu Apr 09 2020 05:12:37 GMT-0400 (Eastern Daylight Time)
14.7676,14.7676,14.7676,14.7676,14.7676,14.7676,14.7675,14.7675,14.7675,14.7653,14.765,14.765,14.7645,14.7652,14.7656,14.7651,14.7646,14.7653,14.7648,14.7645,14.7645,14.7645,14.764,14.764,14.7638,14.7642,14.7642,14.7646,14.7646,14.765,14.7654,14.7652,14.7652,14.7652,14.7655,14.7651,14.7651,14.7654,14.7649,14.7649,14.7653,14.7651,14.7655,14.7657,14.766,14.766,14.7661,14.7655,14.7658,14.7655,14.7659,14.7659,14.7662,14.7673,14.7667,14.7676,14.768,14.7694,14.7694,14.7691,
Thu Apr 09 2020 05:13:37 GMT-0400 (Eastern Daylight Time)
14.7693,14.7693,14.7693,14.7699,14.7699,14.7699,14.7705,14.7705,14.771,14.771,14.7723,14.7723,14.7727,14.7724,14.7724,14.7721,14.7715,14.7713,14.7711,14.7713,14.7715,14.7715,14.7717,14.7717,14.7717,14.7717,14.7721,14.7721,14.7714,14.7714,14.7712,14.7712,14.7708,14.7706,14.7706,14.7706,14.7703,14.7706,14.7713,14.7713,14.771,14.771,14.771,14.7714,14.7717,14.7717,14.7716,14.7716,14.7709,14.7709,14.7685,14.7688,14.7682,14.7682,14.7685,14.7674,14.7674,14.7678,14.7683,14.7683,
Thu Apr 09 2020 05:14:38 GMT-0400 (Eastern Daylight Time)
14.768,14.7685,14.7676,14.7674,14.7674,14.7674,14.7674,14.7678,14.7678,14.7678,14.7673,14.7673,14.7666,14.7666,14.7666,14.7662,14.7662,14.7662,14.7673,14.7673,14.7673,14.7673,14.7684,14.7688,14.7684,14.7674,14.7674,14.7664,14.7664,14.7665,14.7665,14.767,14.767,14.767,14.767,14.767,14.7673,14.767,14.767,14.767,14.7662,14.7662,14.7686,14.7686,14.7688,14.7691,14.77,14.7702,14.7702,14.7704,14.7704,14.7704,14.7707,14.7703,14.7686,14.7689,14.7696,14.7685,14.7688,14.7683,
Thu Apr 09 2020 05:15:38 GMT-0400 (Eastern Daylight Time)
14.7683,14.7683,14.7685,14.7685,14.7685,14.7687,14.7683,14.7683,14.769,14.769,14.7693,14.7711,14.7711,14.7706,14.7696,14.77,14.77,14.7715,14.7721,14.7718,14.774,14.774,14.7737,14.7737,14.7737,14.7737,14.7742,14.7739,14.7743,14.7743,14.7746,14.7746,14.7746,14.7742,14.7746,14.7746,14.7746,14.7743,14.7743,14.7743,14.7743,14.7743,14.7746,14.7746,14.7746,14.7741,14.7741,14.7741,14.7741,14.7741,14.7744,14.7739,14.7736,14.7736,14.7739,14.7735,14.7735,14.775,14.7742,14.7742,
Thu Apr 09 2020 05:16:37 GMT-0400 (Eastern Daylight Time)
14.7747,14.7747,14.7739,14.7739,14.7736,14.774,14.7743,14.7746,14.7746,14.7749,14.7752,14.7777,14.7763,14.7763,14.7758,14.7762,14.7762,14.7762,14.7759,14.7759,14.7756,14.7749,14.7746,14.7768,14.7768,14.7768,14.7771,14.7771,14.7771,14.7771,14.7775,14.7772,14.7769,14.7769,14.7769,14.7781,14.7781,14.7775,14.7775,14.7775,14.7775,14.7779,14.7783,14.7783,14.7762,14.7762,14.7765,14.777,14.7777,14.7774,14.7774,14.7777,14.7777,14.7773,14.7769,14.7776,14.7779,14.7783,14.7782,14.7784,
Thu Apr 09 2020 05:17:38 GMT-0400 (Eastern Daylight Time)
14.7778,14.7785,14.7783,14.7783,14.7789,14.7773,14.7782,14.7784,14.7784,14.778,14.7783,14.7779,14.7772,14.7768,14.7772,14.7764,14.7769,14.7769,14.7769,14.7772,14.7776,14.7776,14.7768,14.7768,14.7763,14.777,14.7773,14.7773,14.7768,14.7765,14.7769,14.7766,14.7766,14.7771,14.7768,14.7772,14.7772,14.7776,14.7772,14.7768,14.7773,14.7773,14.7766,14.7769,14.7766,14.7766,14.7762,14.7765,14.776,14.7751,14.7754,14.7754,14.7754,14.7754,14.7749,14.7755,14.7755,14.7755,14.7755,14.7757,
Thu Apr 09 2020 05:18:37 GMT-0400 (Eastern Daylight Time)
14.7757,14.7757,14.7753,14.7763,14.7753,14.7753,14.7753,14.7753,14.7753,14.775,14.7767,14.7767,14.7767,14.7767,14.7776,14.7776,14.7776,14.7776,14.7776,14.7776,14.7776,14.7776,14.7779,14.7774,14.7779,14.7779,14.7767,14.7762,14.7772,14.7772,14.7775,14.7786,14.7786,14.7786,14.7776,14.7776,14.7784,14.7785,14.7785,14.7785,14.7797,14.7797,14.7797,14.7797,14.78,14.78,14.7796,14.7791,14.7789,14.7793,14.7788,14.7775,14.7775,14.7777,14.7777,14.7781,14.7786,14.7786,14.7782,14.7782,
Thu Apr 09 2020 05:19:37 GMT-0400 (Eastern Daylight Time)
14.7774,14.7774,14.7774,14.7772,14.7772,14.7772,14.7779,14.7779,14.7779,14.7779,14.7772,14.776,14.7757,14.7762,14.7769,14.7769,14.7772,14.7772,14.7772,14.7772,14.7769,14.7771,14.7768,14.7774,14.7774,14.7774,14.776,14.7741,14.7739,14.7739,14.7739,14.7737,14.774,14.774,14.7738,14.7741,14.7747,14.7747,14.7747,14.7751,14.7768,14.7771,14.7776,14.7778,14.7778,14.7788,14.7788,14.7783,14.778,14.7797,14.78,14.78,14.78,14.78,14.78,14.78,14.7803,14.7803,14.7803,14.7806,
Thu Apr 09 2020 05:20:37 GMT-0400 (Eastern Daylight Time)
14.7809,14.7809,14.7802,14.7804,14.7799,14.7797,14.7797,14.7796,14.7789,14.7785,14.7785,14.7788,14.7788,14.7788,14.7791,14.7793,14.7793,14.7796,14.78,14.78,14.78,14.7802,14.7802,14.7802,14.78,14.7795,14.7795,14.7813,14.7813,14.7813,14.7821,14.7818,14.7815,14.7815,14.7815,14.7821,14.7821,14.7818,14.7815,14.782,14.7822,14.7822,14.7822,14.7822,14.7822,14.7822,14.7825,14.7823,14.7823,14.7819,14.7819,14.7808,14.7803,14.7803,14.7801,14.781,14.7813,14.7809,14.7809,14.7808,
Thu Apr 09 2020 05:21:37 GMT-0400 (Eastern Daylight Time)
14.7808,14.7814,14.7814,14.7811,14.7811,14.7811,14.7806,14.7806,14.7806,14.7806,14.7806,14.7808,14.7808,14.7808,14.7815,14.7833,14.7829,14.7828,14.7828,14.7826,14.7829,14.7825,14.7826,14.7819,14.7811,14.7811,14.7818,14.7814,14.7822,14.7815,14.7815,14.7812,14.7812,14.7815,14.7815,14.7815,14.7815,14.7811,14.7815,14.7815,14.7815,14.7821,14.7831,14.7828,14.7832,14.7836,14.7836,14.7835,14.7833,14.7833,14.7833,14.7837,14.7837,14.7837,14.7832,14.7832,14.7836,14.7836,14.7836,14.7843,
Thu Apr 09 2020 05:22:38 GMT-0400 (Eastern Daylight Time)
14.785,14.7855,14.7859,14.7862,14.7857,14.7857,14.7853,14.7851,14.7851,14.7851,14.7857,14.7854,14.7854,14.7857,14.7864,14.7871,14.7875,14.7878,14.7861,14.7861,14.7861,14.7863,14.7863,14.7863,14.7863,14.7863,14.7863,14.7863,14.7863,14.7885,14.7885,14.7879,14.7879,14.7873,14.7873,14.7877,14.7877,14.7871,14.7871,14.7871,14.7871,14.7869,14.7869,14.7866,14.789,14.789,14.7885,14.7877,14.788,14.788,14.788,14.788,14.788,14.788,14.788,14.7896,14.7902,14.7902,14.7905,14.7899,
Thu Apr 09 2020 05:23:38 GMT-0400 (Eastern Daylight Time)
14.7897,14.7897,14.789,14.7896,14.7896,14.7899,14.7899,14.7892,14.7906,14.7903,14.7903,14.79,14.79,14.79,14.79,14.7884,14.7884,14.7882,14.7882,14.7882,14.7874,14.7874,14.7874,14.7874,14.7877,14.7877,14.7874,14.7855,14.7836,14.784,14.784,14.784,14.784,14.7845,14.7841,14.7837,14.7827,14.7827,14.7824,14.7821,14.7821,14.7821,14.7815,14.7813,14.7813,14.7813,14.7815,14.7803,14.7803,14.78,14.78,14.7794,14.7794,14.7794,14.7794,14.7804,14.7804,14.7804,14.7804,14.7804,
Thu Apr 09 2020 05:24:38 GMT-0400 (Eastern Daylight Time)
14.7804,14.7804,14.7788,14.7793,14.7796,14.7793,14.7771,14.7768,14.7771,14.7771,14.7771,14.7771,14.7771,14.7768,14.7771,14.7771,14.7769,14.7769,14.7756,14.7747,14.7747,14.7728,14.7728,14.7728,14.7728,14.7728,14.7728,14.7731,14.7731,14.7731,14.7734,14.7743,14.7743,14.7745,14.7745,14.7745,14.775,14.7747,14.7747,14.7743,14.7743,14.7739,14.7736,14.7736,14.7732,14.7734,14.7739,14.7734,14.7734,14.7734,14.7734,14.7732,14.7723,14.772,14.772,14.7718,14.7722,14.7727,14.773,14.7752,
Thu Apr 09 2020 05:25:38 GMT-0400 (Eastern Daylight Time)
14.7756,14.7756,14.7756,14.7752,14.7752,14.7752,14.7752,14.7743,14.7733,14.7737,14.7737,14.7737,14.7742,14.7746,14.7743,14.7731,14.7731,14.7735,14.7719,14.7724,14.7724,14.7724,14.7714,14.7706,14.7703,14.7703,14.7714,14.7718,14.7718,14.7727,14.7724,14.7728,14.7726,14.7726,14.7732,14.7732,14.7729,14.7734,14.7734,14.7722,14.7722,14.7722,14.7725,14.7722,14.7729,14.7723,14.7723,14.7725,14.7721,14.7715,14.7718,14.7715,14.7715,14.7715,14.7712,14.7709,14.7705,14.7702,14.7702,14.7701,
Thu Apr 09 2020 05:26:38 GMT-0400 (Eastern Daylight Time)
14.7693,14.7693,14.7698,14.7708,14.7702,14.7703,14.7703,14.77,14.77,14.7697,14.7707,14.7722,14.7729,14.7729,14.7729,14.7727,14.7727,14.7727,14.7727,14.7731,14.7731,14.7733,14.7733,14.7738,14.7738,14.7738,14.7741,14.7741,14.7741,14.7741,14.7741,14.7741,14.7741,14.7741,14.7749,14.7746,14.7749,14.7746,14.7752,14.7748,14.7748,14.7748,14.7743,14.7743,14.7743,14.7747,14.7741,14.7741,14.7741,14.7745,14.7745,14.7748,14.7741,14.7744,14.7739,14.7739,14.7739,14.7739,14.7738,14.7738,
Thu Apr 09 2020 05:27:37 GMT-0400 (Eastern Daylight Time)
14.7741,14.7741,14.7741,14.7738,14.7738,14.7736,14.7747,14.7744,14.7748,14.7748,14.7751,14.7745,14.7745,14.7745,14.7745,14.7745,14.7745,14.7741,14.7744,14.7723,14.7723,14.7726,14.7726,14.7729,14.7736,14.7736,14.7732,14.7735,14.7735,14.7742,14.7737,14.7735,14.7728,14.7728,14.7732,14.7732,14.7734,14.7732,14.7732,14.7732,14.7736,14.7736,14.7734,14.7726,14.7729,14.7732,14.7732,14.7732,14.7732,14.7732,14.7732,14.7732,14.7727,14.7727,14.7727,14.7727,14.7727,14.7727,14.7723,14.7726,
Thu Apr 09 2020 05:28:37 GMT-0400 (Eastern Daylight Time)
14.7723,14.7714,14.7699,14.7703,14.7703,14.7706,14.7695,14.7701,14.7701,14.7696,14.7696,14.7693,14.7696,14.7691,14.769,14.769,14.7686,14.7686,14.7681,14.7681,14.7685,14.768,14.7676,14.7673,14.7673,14.7684,14.7684,14.7684,14.7678,14.7678,14.7685,14.7677,14.7677,14.7677,14.7674,14.7671,14.7669,14.7672,14.7676,14.7684,14.7677,14.7677,14.7668,14.7676,14.7676,14.7675,14.7675,14.7675,14.7672,14.7672,14.7672,14.7672,14.7672,14.7672,14.7672,14.7672,14.7672,14.7672,14.7672,14.7674,
Thu Apr 09 2020 05:29:38 GMT-0400 (Eastern Daylight Time)
14.7674,14.7677,14.7677,14.7669,14.7663,14.7663,14.766,14.7652,14.7652,14.7645,14.7648,14.7644,14.7644,14.7644,14.7644,14.7641,14.7641,14.7639,14.7639,14.7633,14.7633,14.7635,14.7635,14.7641,14.7638,14.7638,14.7638,14.766,14.766,14.7665,14.7663,14.766,14.7666,14.7666,14.7666,14.7666,14.7666,14.767,14.767,14.7674,14.7674,14.7674,14.7674,14.7674,14.7684,14.7684,14.7684,14.7684,14.7684,14.7687,14.7687,14.7684,14.7684,14.7684,14.7678,14.7681,14.7681,14.7677,14.7677,14.7677,
Thu Apr 09 2020 05:30:38 GMT-0400 (Eastern Daylight Time)
14.767,14.7673,14.7673,14.7674,14.7681,14.7681,14.7679,14.7679,14.7679,14.7679,14.7679,14.7679,14.7679,14.7677,14.7677,14.768,14.768,14.7683,14.7667,14.767,14.767,14.7667,14.7671,14.7664,14.7664,14.7668,14.7665,14.7673,14.7677,14.7677,14.768,14.768,14.768,14.7677,14.7677,14.7677,14.768,14.768,14.768,14.7677,14.7677,14.7677,14.7677,14.7668,14.7668,14.7663,14.7663,14.7664,14.7664,14.7664,14.7664,14.7664,14.7664,14.7666,14.7671,14.7676,14.7676,14.7676,14.7675,14.7675,
Thu Apr 09 2020 05:31:37 GMT-0400 (Eastern Daylight Time)
14.7675,14.7675,14.7675,14.7675,14.7675,14.7669,14.7669,14.7669,14.7674,14.7674,14.7674,14.7679,14.7679,14.7679,14.7676,14.7672,14.7672,14.7677,14.7677,14.7689,14.7689,14.7689,14.7692,14.7692,14.7692,14.7692,14.7695,14.7695,14.7695,14.7698,14.7695,14.7695,14.7697,14.7694,14.7694,14.7699,14.7699,14.7699,14.7699,14.7699,14.7699,14.7699,14.7696,14.7693,14.7691,14.7691,14.7686,14.7682,14.769,14.769,14.769,14.7691,14.7691,14.7691,14.7691,14.7693,14.769,14.7693,14.769,14.769,
Thu Apr 09 2020 05:32:37 GMT-0400 (Eastern Daylight Time)
14.7699,14.7699,14.7699,14.7699,14.7699,14.7703,14.7703,14.7703,14.7699,14.7699,14.7696,14.7698,14.7698,14.7702,14.7702,14.7699,14.7695,14.7695,14.7695,14.7695,14.7695,14.7695,14.7695,14.7695,14.7695,14.7699,14.7699,14.7699,14.7703,14.7703,14.7703,14.7703,14.7706,14.7706,14.7703,14.7703,14.7715,14.7702,14.7698,14.7698,14.7698,14.7698,14.77,14.7698,14.7695,14.7691,14.7697,14.77,14.7701,14.7704,14.7704,14.7702,14.7702,14.7699,14.7699,14.7702,14.7698,14.7698,14.7696,14.7696,
Thu Apr 09 2020 05:33:37 GMT-0400 (Eastern Daylight Time)
14.7696,14.7696,14.7696,14.77,14.7705,14.7705,14.7694,14.7694,14.7689,14.7703,14.7703,14.7696,14.7693,14.7695,14.7695,14.7692,14.7692,14.7699,14.7699,14.7686,14.7692,14.7692,14.7694,14.7694,14.77,14.77,14.7704,14.7704,14.771,14.7705,14.7708,14.7681,14.7686,14.7692,14.7695,14.7695,14.769,14.7698,14.7698,14.7695,14.7695,14.7693,14.7693,14.7693,14.7693,14.7693,14.7693,14.7693,14.7693,14.769,14.769,14.7685,14.7689,14.7689,14.7689,14.7689,14.7676,14.7673,14.7673,14.7673,
Thu Apr 09 2020 05:34:37 GMT-0400 (Eastern Daylight Time)
14.7673,14.7669,14.7669,14.7669,14.7669,14.7666,14.7666,14.7669,14.7671,14.7671,14.7675,14.7675,14.7683,14.7678,14.7682,14.7668,14.7668,14.7668,14.7664,14.7664,14.7654,14.7654,14.7654,14.7654,14.7654,14.7654,14.7654,14.7659,14.7664,14.7664,14.7661,14.7644,14.7658,14.7658,14.7658,14.7666,14.7665,14.7665,14.7665,14.7663,14.7661,14.7661,14.7666,14.7666,14.7666,14.7668,14.7682,14.7682,14.7684,14.7684,14.7673,14.7673,14.7676,14.7676,14.767,14.767,14.7676,14.7681,14.7681,14.7683,
Thu Apr 09 2020 05:35:38 GMT-0400 (Eastern Daylight Time)
14.7684,14.7687,14.7687,14.7678,14.7675,14.7672,14.7666,14.7666,14.7673,14.7673,14.7673,14.7673,14.7653,14.7656,14.7656,14.7648,14.7648,14.7644,14.7644,14.7644,14.7651,14.7643,14.7643,14.7643,14.7623,14.7623,14.7623,14.7621,14.7625,14.7625,14.763,14.763,14.763,14.763,14.763,14.763,14.7629,14.7629,14.7629,14.7632,14.7632,14.763,14.763,14.7621,14.7617,14.7619,14.7619,14.7619,14.7625,14.7621,14.7621,14.7621,14.7621,14.7621,14.7615,14.7615,14.7615,14.7625,14.7625,14.7622,
Thu Apr 09 2020 05:36:38 GMT-0400 (Eastern Daylight Time)
14.7622,14.7614,14.7617,14.7617,14.7617,14.762,14.762,14.762,14.7632,14.7632,14.7635,14.7638,14.764,14.7646,14.7652,14.7652,14.7652,14.7654,14.7654,14.7649,14.766,14.7666,14.767,14.7673,14.7674,14.7685,14.7685,14.7688,14.7688,14.7688,14.7688,14.7682,14.7682,14.767,14.7661,14.7661,14.7666,14.767,14.7672,14.7664,14.7656,14.7662,14.7666,14.7666,14.7664,14.7664,14.7664,14.765,14.763,14.763,14.7625,14.7627,14.7633,14.7633,14.7633,14.7633,14.7623,14.7615,14.7615,14.7615,
Thu Apr 09 2020 05:37:37 GMT-0400 (Eastern Daylight Time)
14.7618,14.7614,14.7614,14.7618,14.7596,14.7596,14.7593,14.7593,14.7596,14.7596,14.7592,14.7592,14.7601,14.7601,14.7601,14.7601,14.7583,14.7583,14.7583,14.7586,14.7583,14.7587,14.7587,14.7584,14.7604,14.7602,14.7594,14.7594,14.7593,14.7593,14.7596,14.7596,14.7599,14.7605,14.7607,14.7611,14.7608,14.7611,14.7614,14.761,14.7615,14.7626,14.7629,14.7629,14.7637,14.7637,14.7641,14.7646,14.7632,14.7632,14.7632,14.7639,14.7635,14.7635,14.7637,14.7635,14.7635,14.7635,14.7635,14.7635,
Thu Apr 09 2020 05:38:38 GMT-0400 (Eastern Daylight Time)
14.7637,14.7634,14.763,14.7627,14.7622,14.7622,14.7625,14.7625,14.7628,14.7628,14.7616,14.7622,14.7616,14.7603,14.7603,14.7603,14.7613,14.7613,14.7613,14.762,14.762,14.762,14.7624,14.7621,14.7616,14.762,14.7643,14.7643,14.7647,14.7651,14.7651,14.766,14.7637,14.7641,14.7641,14.7641,14.7644,14.7641,14.7641,14.7636,14.7636,14.7636,14.7636,14.7636,14.7633,14.7633,14.7633,14.7637,14.7637,14.764,14.7643,14.764,14.7644,14.7644,14.7644,14.7644,14.7637,14.7637,14.7637,14.7637,
Thu Apr 09 2020 05:39:38 GMT-0400 (Eastern Daylight Time)
14.7645,14.7669,14.7669,14.7669,14.7681,14.7681,14.7681,14.7681,14.7684,14.7684,14.7681,14.7679,14.769,14.769,14.7687,14.7683,14.7686,14.7672,14.7672,14.7672,14.766,14.766,14.766,14.766,14.7663,14.7659,14.7663,14.7666,14.7663,14.7663,14.7663,14.7663,14.7657,14.7664,14.7664,14.7664,14.7668,14.7665,14.7668,14.7671,14.7667,14.7667,14.767,14.767,14.7664,14.7666,14.7666,14.7666,14.7665,14.7665,14.7661,14.7661,14.7661,14.7661,14.7664,14.7664,14.7664,14.7667,14.7667,14.7663,
Thu Apr 09 2020 05:40:38 GMT-0400 (Eastern Daylight Time)
14.7657,14.7654,14.7654,14.7651,14.7654,14.7654,14.765,14.765,14.7642,14.7645,14.7645,14.7645,14.7639,14.7637,14.7634,14.7634,14.7638,14.7638,14.7627,14.7632,14.7632,14.7636,14.7636,14.7636,14.7639,14.7642,14.7642,14.7642,14.7646,14.7649,14.7649,14.7646,14.7654,14.7652,14.7652,14.7652,14.7654,14.7654,14.7654,14.7654,14.7657,14.7666,14.7666,14.7666,14.7666,14.7666,14.7669,14.7669,14.7687,14.7684,14.7684,14.7684,14.7699,14.7697,14.7697,14.7697,14.7697,14.769,14.7693,14.7693,
Thu Apr 09 2020 05:41:38 GMT-0400 (Eastern Daylight Time)
14.7696,14.7696,14.7696,14.769,14.7701,14.7701,14.7701,14.7701,14.7711,14.7711,14.7708,14.7698,14.7698,14.7698,14.7698,14.7698,14.771,14.771,14.7713,14.7713,14.7709,14.7709,14.7717,14.7717,14.7715,14.7715,14.7717,14.7724,14.7719,14.7715,14.7715,14.7718,14.7725,14.7716,14.7716,14.7716,14.7716,14.7714,14.7714,14.7719,14.7719,14.7719,14.7719,14.7719,14.7716,14.7713,14.772,14.7723,14.7718,14.7725,14.7729,14.7727,14.7727,14.7727,14.7727,14.7727,14.7727,14.7727,14.7727,14.7727,
Thu Apr 09 2020 05:42:38 GMT-0400 (Eastern Daylight Time)
14.772,14.7717,14.7717,14.7714,14.7707,14.7713,14.7707,14.7707,14.7707,14.7712,14.7708,14.7708,14.7711,14.7711,14.7711,14.7711,14.7711,14.7711,14.7711,14.7711,14.7707,14.7707,14.7707,14.7707,14.7723,14.7723,14.7723,14.7716,14.7705,14.7705,14.771,14.771,14.7703,14.7703,14.7699,14.7699,14.7699,14.7702,14.7702,14.7704,14.7704,14.7704,14.7704,14.7708,14.7704,14.771,14.771,14.7712,14.7703,14.7703,14.7701,14.7698,14.7715,14.7715,14.7711,14.7711,14.7706,14.7701,14.7701,14.7703,
Thu Apr 09 2020 05:43:38 GMT-0400 (Eastern Daylight Time)
14.7707,14.7707,14.7707,14.7707,14.7703,14.7703,14.7706,14.7703,14.7703,14.77,14.77,14.7696,14.7696,14.7699,14.7699,14.7699,14.7699,14.7703,14.7706,14.7717,14.7717,14.7717,14.7717,14.7717,14.772,14.772,14.772,14.7723,14.7723,14.7723,14.7723,14.7723,14.772,14.7725,14.7725,14.7721,14.7725,14.7723,14.7727,14.7727,14.7729,14.7729,14.7729,14.7729,14.7723,14.7723,14.7726,14.7721,14.7721,14.7721,14.7723,14.7723,14.7717,14.7715,14.7712,14.7716,14.7716,14.7718,14.7718,14.7695,
Thu Apr 09 2020 05:44:37 GMT-0400 (Eastern Daylight Time)
14.769,14.769,14.769,14.7692,14.7695,14.7698,14.7698,14.7698,14.7705,14.77,14.77,14.7705,14.7705,14.7705,14.7705,14.7705,14.7702,14.7704,14.7704,14.7704,14.7706,14.7703,14.7706,14.7706,14.7706,14.7706,14.7706,14.7706,14.7706,14.7709,14.7709,14.7701,14.7701,14.7695,14.7695,14.7695,14.7695,14.7686,14.7686,14.7686,14.7686,14.7686,14.7686,14.7698,14.7698,14.7693,14.7693,14.7693,14.7696,14.7707,14.7707,14.7698,14.7698,14.7698,14.7698,14.7701,14.7701,14.7703,14.7701,14.7701,
Thu Apr 09 2020 05:45:37 GMT-0400 (Eastern Daylight Time)
14.7698,14.7702,14.7702,14.7699,14.7699,14.7695,14.7695,14.7712,14.7712,14.7712,14.7701,14.7701,14.7701,14.7703,14.7703,14.7703,14.7706,14.7706,14.7706,14.7706,14.7706,14.7706,14.7706,14.7706,14.7712,14.7712,14.7723,14.772,14.772,14.7718,14.7718,14.7718,14.771,14.7714,14.7711,14.7704,14.7704,14.7708,14.7706,14.7706,14.7711,14.7714,14.7712,14.7706,14.7706,14.7701,14.7704,14.7699,14.7696,14.7696,14.7692,14.7692,14.7692,14.769,14.769,14.7683,14.7687,14.7684,14.768,14.768,
Thu Apr 09 2020 05:46:37 GMT-0400 (Eastern Daylight Time)
14.768,14.7676,14.7672,14.7674,14.7672,14.7672,14.768,14.7704,14.7704,14.7709,14.7709,14.7713,14.7715,14.7715,14.7718,14.7718,14.7718,14.7723,14.772,14.7724,14.772,14.772,14.7724,14.7727,14.7723,14.7727,14.7724,14.7721,14.7717,14.7726,14.7724,14.7726,14.773,14.7727,14.7729,14.7725,14.772,14.7725,14.7717,14.7717,14.7714,14.7726,14.7719,14.7715,14.7715,14.7711,14.7716,14.772,14.772,14.7715,14.7714,14.7714,14.7711,14.7711,14.7719,14.7719,14.7716,14.7719,14.7719,14.7719,
Thu Apr 09 2020 05:47:37 GMT-0400 (Eastern Daylight Time)
14.7715,14.7708,14.7705,14.7703,14.7703,14.77,14.77,14.77,14.77,14.7706,14.7709,14.7709,14.7712,14.7713,14.7719,14.7725,14.7729,14.7718,14.7718,14.7715,14.7718,14.7713,14.7713,14.7716,14.7716,14.772,14.7723,14.7725,14.773,14.773,14.773,14.773,14.771,14.7707,14.7707,14.7707,14.7722,14.7721,14.7721,14.7725,14.7725,14.7726,14.7734,14.7744,14.7744,14.7747,14.7747,14.7747,14.7744,14.7741,14.7733,14.7733,14.7733,14.7729,14.7723,14.7726,14.7735,14.7728,14.7728,14.7728,
Thu Apr 09 2020 05:48:37 GMT-0400 (Eastern Daylight Time)
14.7724,14.7727,14.7725,14.7725,14.7725,14.7729,14.7729,14.7727,14.773,14.7734,14.7734,14.7734,14.7734,14.7734,14.7714,14.7712,14.7709,14.7706,14.7706,14.7706,14.7703,14.7703,14.7695,14.7698,14.7705,14.7713,14.7713,14.7713,14.7713,14.7713,14.7713,14.7717,14.772,14.7707,14.7704,14.7704,14.7704,14.7706,14.7709,14.7709,14.7712,14.7712,14.7715,14.7713,14.7713,14.7713,14.7713,14.7719,14.7719,14.7726,14.7726,14.7726,14.7726,14.7739,14.7742,14.7742,14.7742,14.7742,14.7742,14.7742,
Thu Apr 09 2020 05:49:37 GMT-0400 (Eastern Daylight Time)
14.7748,14.7757,14.7757,14.7757,14.7748,14.7753,14.7758,14.7758,14.775,14.7746,14.7731,14.7735,14.774,14.7735,14.7725,14.7725,14.7732,14.7732,14.7732,14.773,14.773,14.7733,14.7731,14.7731,14.7729,14.7723,14.7723,14.7723,14.7719,14.7727,14.7727,14.7731,14.7731,14.7739,14.7739,14.7739,14.7739,14.7732,14.7729,14.7729,14.7729,14.7729,14.7729,14.7732,14.7732,14.7732,14.7727,14.7727,14.7727,14.7721,14.7712,14.7709,14.7709,14.7709,14.7714,14.7722,14.7722,14.7722,14.7722,14.7722,
Thu Apr 09 2020 05:50:37 GMT-0400 (Eastern Daylight Time)
14.7722,14.7729,14.7729,14.7729,14.7729,14.7738,14.7723,14.7723,14.7723,14.772,14.7724,14.7716,14.7716,14.7722,14.7722,14.7726,14.7726,14.7726,14.7726,14.7726,14.7723,14.7727,14.7727,14.7727,14.7724,14.775,14.7743,14.7743,14.7743,14.7743,14.774,14.7743,14.7737,14.7736,14.7734,14.7731,14.7731,14.7742,14.7758,14.7761,14.7762,14.7777,14.7779,14.7783,14.7783,14.7775,14.7775,14.7778,14.7778,14.7791,14.7791,14.7798,14.7795,14.7798,14.7785,14.7791,14.7784,14.7784,14.7789,14.7789,
Thu Apr 09 2020 05:51:37 GMT-0400 (Eastern Daylight Time)
14.7789,14.7793,14.779,14.779,14.781,14.7814,14.7818,14.7827,14.7827,14.7832,14.7821,14.7821,14.7821,14.7824,14.7816,14.782,14.7817,14.7817,14.7812,14.7814,14.7814,14.7818,14.7818,14.7818,14.7818,14.7814,14.7814,14.7814,14.7814,14.7808,14.7808,14.7808,14.7815,14.7807,14.7807,14.7811,14.7808,14.7805,14.7805,14.7805,14.7802,14.7802,14.7806,14.7806,14.7804,14.7804,14.7804,14.7798,14.7795,14.779,14.7786,14.7782,14.7782,14.7782,14.7785,14.7785,14.779,14.779,14.7787,14.7802,
Thu Apr 09 2020 05:52:37 GMT-0400 (Eastern Daylight Time)
14.7802,14.7818,14.7824,14.7818,14.7816,14.7796,14.7802,14.7797,14.7797,14.7801,14.7801,14.7801,14.7799,14.7794,14.7799,14.7799,14.7795,14.78,14.7797,14.7802,14.7802,14.7799,14.7799,14.7816,14.7838,14.7835,14.786,14.7853,14.785,14.785,14.785,14.785,14.7854,14.7856,14.7861,14.7861,14.7861,14.7857,14.7857,14.7857,14.7857,14.7854,14.7854,14.7854,14.7854,14.7849,14.7846,14.785,14.785,14.7845,14.7845,14.7845,14.7837,14.7833,14.7836,14.7836,14.7836,14.7836,14.7833,14.7833,
Thu Apr 09 2020 05:53:37 GMT-0400 (Eastern Daylight Time)
14.7833,14.7829,14.7824,14.7827,14.7827,14.7832,14.7832,14.7835,14.7841,14.7839,14.7839,14.7844,14.7848,14.7848,14.7839,14.7839,14.7831,14.7822,14.7815,14.7818,14.7822,14.7828,14.7826,14.7826,14.7819,14.7816,14.7811,14.7819,14.7819,14.7819,14.7819,14.7816,14.7819,14.7823,14.7823,14.7817,14.7814,14.7817,14.7817,14.7812,14.7831,14.7839,14.7823,14.7823,14.7835,14.7824,14.7827,14.783,14.7835,14.7835,14.7845,14.7845,14.7862,14.7856,14.7861,14.7869,14.7869,14.7868,14.7868,14.7868,
Thu Apr 09 2020 05:54:37 GMT-0400 (Eastern Daylight Time)
14.7872,14.7877,14.788,14.7882,14.7874,14.7874,14.7874,14.7874,14.7874,14.7873,14.7875,14.7875,14.7872,14.7879,14.7903,14.7895,14.7895,14.7895,14.7902,14.7901,14.7902,14.7898,14.7894,14.7894,14.7894,14.7892,14.7892,14.7888,14.7888,14.789,14.7886,14.7886,14.7886,14.7888,14.7892,14.7897,14.7894,14.79,14.791,14.791,14.7916,14.7913,14.7913,14.7904,14.7897,14.7896,14.7896,14.7896,14.7896,14.7896,14.7896,14.7896,14.7892,14.7896,14.79,14.7904,14.7902,14.7899,14.7899,14.7898,
Thu Apr 09 2020 05:55:37 GMT-0400 (Eastern Daylight Time)
14.7898,14.7901,14.7892,14.789,14.7881,14.7881,14.7879,14.7879,14.7879,14.7872,14.7872,14.7866,14.7866,14.7872,14.7875,14.7875,14.7877,14.7877,14.7874,14.7874,14.7877,14.7879,14.7883,14.7883,14.7883,14.7879,14.7877,14.7867,14.7875,14.7865,14.7859,14.7859,14.7855,14.7855,14.7861,14.7861,14.7861,14.7858,14.7858,14.7858,14.7863,14.7863,14.7869,14.7869,14.7866,14.7866,14.7864,14.7864,14.7861,14.7861,14.7861,14.7868,14.7863,14.7863,14.7858,14.7858,14.7854,14.7857,14.7857,14.7862,
Thu Apr 09 2020 05:56:37 GMT-0400 (Eastern Daylight Time)
14.7865,14.7865,14.7871,14.7848,14.7846,14.7849,14.7846,14.7842,14.7847,14.7847,14.7847,14.7853,14.7856,14.7856,14.7843,14.7843,14.784,14.7835,14.7835,14.7835,14.7821,14.7821,14.7822,14.7822,14.7822,14.7811,14.7814,14.7814,14.7821,14.7818,14.7814,14.7814,14.7817,14.7817,14.7813,14.7813,14.7813,14.7813,14.7813,14.7834,14.7834,14.7834,14.7818,14.7821,14.7826,14.7823,14.7823,14.7823,14.7823,14.7826,14.7826,14.7826,14.7826,14.7826,14.7826,14.7811,14.7806,14.7806,14.7802,14.7794,
Thu Apr 09 2020 05:59:38 GMT-0400 (Eastern Daylight Time)
14.7794,14.7878,14.7878,14.7878,14.7873,14.7879,14.7879,14.7873,14.7873,14.7873,14.7886,14.7893,14.79,14.79,14.7896,14.7896,14.7901,14.7901,14.7893,14.7893,14.7893,14.7893,14.7899,14.7899,14.7908,14.791,14.7919,14.7916,14.7916,14.7916,14.7908,14.7912,14.7916,14.7911,14.7908,14.7908,14.7905,14.7905,14.7905,14.7905,14.7905,14.7926,14.7932,14.7928,14.7928,14.7923,14.7923,14.7923,14.7923,14.7928,14.7922,14.7911,14.7908,14.7905,14.7902,14.7904,14.79,14.7905,14.791,14.7894,
Thu Apr 09 2020 06:00:37 GMT-0400 (Eastern Daylight Time)
14.7894,14.7888,14.7881,14.7881,14.7881,14.7883,14.7879,14.7876,14.7872,14.7872,14.7871,14.7871,14.7871,14.7874,14.7867,14.7867,14.7867,14.7859,14.7859,14.7859,14.7859,14.7859,14.7853,14.7846,14.7846,14.7849,14.7842,14.7845,14.7845,14.7845,14.7842,14.784,14.7843,14.7873,14.7876,14.7878,14.7878,14.7894,14.789,14.7892,14.7892,14.7896,14.7896,14.7891,14.7893,14.7899,14.7904,14.791,14.791,14.7907,14.7912,14.7917,14.7912,14.7912,14.7915,14.7918,14.7918,14.7918,14.7924,14.7924,
Thu Apr 09 2020 06:01:37 GMT-0400 (Eastern Daylight Time)
14.7924,14.7924,14.7921,14.7921,14.7921,14.7921,14.7924,14.7924,14.7924,14.7917,14.7917,14.7917,14.7917,14.7922,14.7922,14.7922,14.7922,14.7919,14.7919,14.7919,14.7916,14.7916,14.7916,14.7916,14.7916,14.7913,14.7913,14.7913,14.7913,14.7913,14.7904,14.7904,14.7896,14.79,14.79,14.79,14.79,14.7903,14.7903,14.7906,14.7906,14.7911,14.7913,14.7913,14.7905,14.7909,14.7909,14.7909,14.79,14.79,14.7893,14.7896,14.7896,14.7899,14.7903,14.7907,14.7899,14.7899,14.7895,14.7895,
Thu Apr 09 2020 06:02:37 GMT-0400 (Eastern Daylight Time)
14.7886,14.7886,14.7878,14.7878,14.7871,14.7873,14.7884,14.7882,14.7882,14.7875,14.787,14.7866,14.7872,14.7869,14.7871,14.7868,14.7871,14.7871,14.7859,14.7833,14.7833,14.783,14.7834,14.7834,14.7839,14.7839,14.7833,14.7834,14.7839,14.7839,14.783,14.7829,14.7834,14.7834,14.7834,14.7831,14.7831,14.7831,14.7818,14.7812,14.7812,14.7812,14.7821,14.7829,14.7825,14.7821,14.7815,14.782,14.7818,14.7818,14.782,14.7815,14.7817,14.7817,14.7807,14.7811,14.7811,14.7811,14.7809,14.7804,
Thu Apr 09 2020 06:03:38 GMT-0400 (Eastern Daylight Time)
14.7798,14.7803,14.7803,14.7806,14.7803,14.78,14.779,14.7784,14.7779,14.7779,14.7776,14.7776,14.7779,14.7776,14.7771,14.7771,14.7774,14.778,14.7786,14.7786,14.7784,14.7784,14.7778,14.7776,14.7776,14.7804,14.781,14.7814,14.7814,14.7804,14.7822,14.7819,14.781,14.781,14.7828,14.7832,14.7832,14.7832,14.7823,14.7853,14.7853,14.786,14.7866,14.7869,14.7871,14.7874,14.7856,14.7856,14.786,14.7863,14.7863,14.7861,14.7858,14.7863,14.7865,14.7865,14.7857,14.7847,14.785,14.7849,
Thu Apr 09 2020 06:04:38 GMT-0400 (Eastern Daylight Time)
14.7841,14.7841,14.7841,14.7841,14.7841,14.7838,14.7838,14.7829,14.7826,14.783,14.7826,14.7831,14.7831,14.7833,14.783,14.783,14.783,14.783,14.7826,14.7823,14.7823,14.7814,14.7814,14.782,14.782,14.7817,14.7817,14.7817,14.7817,14.781,14.7803,14.7803,14.781,14.7814,14.7814,14.7816,14.7816,14.7816,14.7831,14.7834,14.7838,14.7832,14.783,14.783,14.7834,14.7834,14.7845,14.7845,14.7842,14.7852,14.7835,14.7854,14.7854,14.7849,14.7842,14.7834,14.783,14.7827,14.7821,14.7821,
Thu Apr 09 2020 06:05:37 GMT-0400 (Eastern Daylight Time)
14.7824,14.7821,14.7816,14.7819,14.7819,14.7819,14.7823,14.7823,14.7823,14.7827,14.7831,14.7831,14.7827,14.783,14.7827,14.7827,14.7827,14.783,14.7834,14.7829,14.7834,14.784,14.7837,14.7844,14.7839,14.7839,14.7838,14.7834,14.7831,14.7831,14.7835,14.7834,14.7834,14.7831,14.7837,14.7837,14.7839,14.7839,14.7842,14.7842,14.7845,14.7836,14.7833,14.7821,14.7821,14.7829,14.7839,14.7848,14.785,14.7845,14.7845,14.7845,14.784,14.7829,14.783,14.783,14.782,14.7814,14.7813,14.781,
Thu Apr 09 2020 06:06:37 GMT-0400 (Eastern Daylight Time)
14.7805,14.7811,14.7803,14.7803,14.7794,14.7798,14.781,14.7799,14.7794,14.7804,14.7804,14.7803,14.7794,14.7794,14.7801,14.7798,14.7798,14.7796,14.7802,14.7798,14.7798,14.7798,14.7801,14.7801,14.7798,14.7802,14.7793,14.7793,14.7789,14.7789,14.7797,14.7797,14.7797,14.7795,14.779,14.7788,14.7788,14.7788,14.7782,14.778,14.7777,14.7777,14.7763,14.7771,14.7765,14.7769,14.7764,14.7758,14.7761,14.7757,14.7763,14.7763,14.7767,14.777,14.7764,14.7758,14.7751,14.7751,14.7751,14.7755,
Thu Apr 09 2020 06:07:37 GMT-0400 (Eastern Daylight Time)
14.7752,14.7752,14.7748,14.7748,14.7748,14.7754,14.7758,14.7755,14.7732,14.7732,14.774,14.7737,14.7737,14.7737,14.7736,14.7739,14.7732,14.7732,14.7722,14.7722,14.7725,14.7725,14.7725,14.7725,14.7719,14.7723,14.7723,14.7719,14.7716,14.7716,14.7713,14.7713,14.7713,14.7713,14.771,14.771,14.7717,14.773,14.7733,14.7727,14.7699,14.7702,14.7702,14.7702,14.7699,14.7699,14.7703,14.7703,14.7703,14.7703,14.7703,14.7703,14.77,14.7694,14.7689,14.7689,14.7689,14.7696,14.7705,14.7706,
Thu Apr 09 2020 06:08:37 GMT-0400 (Eastern Daylight Time)
14.7709,14.7709,14.7703,14.7703,14.7705,14.7708,14.7703,14.7706,14.7706,14.7706,14.7702,14.7705,14.7705,14.7701,14.7695,14.7698,14.7698,14.7693,14.7691,14.77,14.77,14.77,14.77,14.7697,14.7697,14.7693,14.7687,14.77,14.77,14.7698,14.7698,14.7698,14.7701,14.7701,14.7695,14.7695,14.7698,14.7693,14.7693,14.7697,14.77,14.7692,14.769,14.7694,14.7697,14.7693,14.7717,14.7717,14.7717,14.7717,14.7708,14.7711,14.7712,14.7719,14.7719,14.7719,14.7716,14.7713,14.7713,14.7709,
Thu Apr 09 2020 06:09:38 GMT-0400 (Eastern Daylight Time)
14.7713,14.7713,14.7704,14.7704,14.7704,14.7704,14.7704,14.7704,14.7701,14.7701,14.7701,14.7703,14.7701,14.7701,14.7701,14.7701,14.7701,14.7703,14.7707,14.7707,14.7707,14.7713,14.7713,14.7708,14.7704,14.7704,14.7699,14.7706,14.7706,14.7701,14.7701,14.7703,14.7703,14.7707,14.7707,14.7712,14.771,14.7705,14.7708,14.7708,14.7708,14.7708,14.7711,14.7711,14.7714,14.7716,14.7716,14.7716,14.7716,14.7724,14.7724,14.7735,14.7735,14.7735,14.7735,14.7735,14.7735,14.7732,14.7732,14.7726,
Thu Apr 09 2020 06:10:38 GMT-0400 (Eastern Daylight Time)
14.7726,14.7726,14.7726,14.7726,14.7726,14.7726,14.7726,14.7722,14.7722,14.7725,14.7728,14.7728,14.7728,14.7728,14.7728,14.7725,14.7739,14.7742,14.7739,14.7739,14.7739,14.7742,14.7733,14.7727,14.7727,14.7727,14.7723,14.7739,14.7731,14.7731,14.7731,14.7739,14.7739,14.7739,14.7745,14.7754,14.7754,14.7757,14.7759,14.7747,14.7747,14.7747,14.7742,14.7738,14.7738,14.774,14.774,14.7743,14.7738,14.7738,14.7746,14.774,14.7745,14.7745,14.7745,14.775,14.7745,14.7742,14.7742,14.7747,
Thu Apr 09 2020 06:11:38 GMT-0400 (Eastern Daylight Time)
14.7747,14.7744,14.7747,14.7747,14.7747,14.7742,14.7739,14.7742,14.7745,14.7745,14.7773,14.7769,14.7769,14.7769,14.7756,14.7747,14.7732,14.7732,14.7732,14.7729,14.7729,14.7729,14.7729,14.7731,14.7731,14.7725,14.7725,14.7744,14.7747,14.7749,14.7749,14.7743,14.7743,14.7746,14.7749,14.7749,14.7749,14.7752,14.7752,14.7754,14.7773,14.7773,14.7767,14.7766,14.7766,14.7769,14.7769,14.7776,14.7776,14.7773,14.7778,14.7773,14.7773,14.7776,14.778,14.7782,14.7786,14.7786,14.7789,14.78,
Thu Apr 09 2020 06:12:38 GMT-0400 (Eastern Daylight Time)
14.7794,14.7799,14.7804,14.7796,14.7796,14.7796,14.7796,14.7802,14.7808,14.7812,14.7826,14.7823,14.7832,14.7832,14.7835,14.7849,14.7854,14.7854,14.7854,14.7849,14.7849,14.7842,14.7847,14.7853,14.7853,14.7853,14.7853,14.7853,14.7853,14.7853,14.7853,14.7845,14.7839,14.7836,14.7825,14.7829,14.7826,14.7826,14.7838,14.7831,14.7825,14.7822,14.7825,14.7829,14.7829,14.7829,14.7835,14.7831,14.7829,14.7833,14.7836,14.7831,14.7831,14.7824,14.7821,14.7821,14.7824,14.7824,14.7824,14.7821,
Thu Apr 09 2020 06:13:38 GMT-0400 (Eastern Daylight Time)
14.7832,14.7829,14.7834,14.7831,14.7831,14.7823,14.7823,14.782,14.782,14.782,14.782,14.782,14.782,14.7814,14.7814,14.7814,14.7817,14.7817,14.7817,14.781,14.7806,14.7806,14.7806,14.7801,14.7801,14.7801,14.7801,14.7809,14.7812,14.7819,14.7819,14.7825,14.7828,14.7825,14.783,14.7826,14.7829,14.7829,14.7831,14.7827,14.7827,14.7835,14.7831,14.7834,14.7829,14.7829,14.7827,14.7822,14.7822,14.7824,14.7824,14.7824,14.7824,14.7824,14.7821,14.7821,14.7824,14.7824,14.7815,14.7815,
Thu Apr 09 2020 06:14:37 GMT-0400 (Eastern Daylight Time)
14.7815,14.7815,14.7815,14.782,14.7823,14.7823,14.7823,14.7826,14.783,14.7837,14.7837,14.7837,14.784,14.784,14.7834,14.7827,14.7827,14.7827,14.7832,14.7846,14.7856,14.7856,14.7856,14.7856,14.7859,14.7859,14.7859,14.7855,14.7862,14.7862,14.7872,14.7877,14.7894,14.789,14.789,14.7885,14.7885,14.7885,14.7881,14.7882,14.7878,14.7878,14.7874,14.7868,14.7871,14.7886,14.7886,14.7886,14.7875,14.7879,14.7874,14.787,14.7876,14.787,14.7886,14.7878,14.7878,14.7881,14.7875,14.7872,
Thu Apr 09 2020 06:15:38 GMT-0400 (Eastern Daylight Time)
14.7876,14.788,14.788,14.788,14.7878,14.7878,14.7878,14.7881,14.7881,14.7881,14.7881,14.7878,14.7875,14.7872,14.7882,14.788,14.788,14.7878,14.7882,14.7881,14.7882,14.7882,14.788,14.7881,14.7878,14.7878,14.7878,14.7881,14.7881,14.7879,14.7879,14.7896,14.7891,14.7901,14.7908,14.7908,14.7911,14.7893,14.7893,14.789,14.789,14.789,14.789,14.7893,14.7884,14.7886,14.7886,14.7879,14.7879,14.7879,14.7879,14.7883,14.7875,14.7875,14.7875,14.7871,14.7876,14.7876,14.7872,14.7873,
Thu Apr 09 2020 06:16:38 GMT-0400 (Eastern Daylight Time)
14.7873,14.7876,14.7876,14.7876,14.7882,14.7882,14.7877,14.7889,14.7889,14.7897,14.7897,14.7906,14.7906,14.7906,14.7906,14.7902,14.7902,14.7902,14.791,14.7921,14.7921,14.7921,14.7921,14.7929,14.7926,14.7937,14.7935,14.7935,14.7935,14.7944,14.7944,14.7944,14.7947,14.7944,14.794,14.7938,14.7938,14.7935,14.7935,14.7931,14.7928,14.7917,14.7914,14.7929,14.7929,14.7931,14.7931,14.794,14.794,14.794,14.7939,14.7939,14.7939,14.7939,14.7939,14.7941,14.7943,14.7943,14.7943,14.7943,
Thu Apr 09 2020 06:17:37 GMT-0400 (Eastern Daylight Time)
14.7943,14.7943,14.7943,14.7947,14.7947,14.7947,14.7951,14.7949,14.7952,14.7952,14.7952,14.7952,14.7952,14.7952,14.7952,14.7949,14.7949,14.7944,14.7944,14.7944,14.7944,14.7939,14.7939,14.7939,14.7939,14.7939,14.7939,14.7932,14.7932,14.7932,14.7936,14.794,14.7943,14.7929,14.7929,14.7929,14.7932,14.7929,14.7929,14.7923,14.7928,14.792,14.7913,14.7913,14.7908,14.7908,14.7908,14.7908,14.7908,14.7908,14.7901,14.794,14.794,14.794,14.794,14.7941,14.7941,14.7941,14.7943,14.7943,
