Sun Apr 19 2020 06:38:00 GMT-0400 (Eastern Daylight Time)
14.845,14.8453,14.8444,14.844,14.8443,14.8443,14.8443,14.8443,14.8438,14.844,14.844,14.8438,14.8458,14.8458,14.8458,14.847,14.8479,14.8474,14.8485,14.8478,14.8481,14.8478,14.848,14.8475,14.8477,14.8474,14.8476,14.8484,14.8484,14.8487,14.849,14.8493,14.8491,14.8498,14.8491,14.8496,14.85,14.8517,14.8524,14.8527,14.8527,14.8524,14.8524,14.8521,14.8512,14.8513,14.8516,14.852,14.8518,14.8518,14.8516,14.8513,14.8506,14.8508,14.8515,14.8511,14.8502,14.8499,14.851,14.8508,
Sun Apr 19 2020 06:38:59 GMT-0400 (Eastern Daylight Time)
14.8512,14.8506,14.8506,14.8509,14.8512,14.8505,14.8506,14.8511,14.8511,14.8511,14.8516,14.8516,14.8511,14.8513,14.8518,14.8504,14.8504,14.8499,14.8495,14.8498,14.8498,14.8498,14.8495,14.8485,14.8485,14.8493,14.8493,14.8503,14.8509,14.8492,14.8492,14.8485,14.8493,14.849,14.8493,14.8494,14.8494,14.8492,14.8494,14.85,14.8496,14.8498,14.8498,14.851,14.851,14.851,14.8537,14.8544,14.854,14.854,14.8524,14.8524,14.852,14.8522,14.8528,14.8528,14.8528,14.8528,14.8532,14.8537,
Sun Apr 19 2020 06:39:59 GMT-0400 (Eastern Daylight Time)
14.853,14.853,14.853,14.853,14.853,14.8512,14.8509,14.8509,14.8506,14.8492,14.8492,14.8489,14.8496,14.8498,14.8501,14.8509,14.8506,14.8503,14.8506,14.8481,14.8475,14.8505,14.8505,14.8522,14.8513,14.8513,14.8513,14.8502,14.8494,14.8502,14.8502,14.8499,14.8496,14.8503,14.8508,14.8492,14.8493,14.8493,14.8492,14.8485,14.8489,14.8485,14.8485,14.8485,14.8482,14.8477,14.848,14.8464,14.8461,14.8474,14.8474,14.8472,14.8467,14.848,14.8477,14.8489,14.8493,14.8496,14.8497,14.8495,
Sun Apr 19 2020 06:40:59 GMT-0400 (Eastern Daylight Time)
14.8501,14.8526,14.8526,14.8526,14.8512,14.8512,14.8507,14.8514,14.8509,14.8507,14.8507,14.8516,14.8534,14.8525,14.8528,14.8525,14.8534,14.8536,14.8534,14.853,14.8547,14.8539,14.8539,14.8538,14.8538,14.8541,14.8525,14.8525,14.8525,14.8525,14.8527,14.8531,14.8533,14.8527,14.8527,14.8517,14.8517,14.8521,14.8521,14.8519,14.8522,14.8525,14.8521,14.8516,14.8522,14.8519,14.8523,14.8525,14.8525,14.8522,14.8534,14.8545,14.8545,14.855,14.8557,14.8546,14.8542,14.8546,14.8551,14.8559,
Sun Apr 19 2020 06:42:00 GMT-0400 (Eastern Daylight Time)
14.8559,14.8561,14.8558,14.8558,14.8558,14.8561,14.8558,14.8561,14.8558,14.8555,14.8548,14.8538,14.8538,14.8542,14.8543,14.8548,14.8552,14.8555,14.8558,14.8554,14.8552,14.8553,14.855,14.854,14.8537,14.8542,14.8537,14.8548,14.8541,14.8542,14.8538,14.8538,14.8535,14.8532,14.8532,14.8519,14.8525,14.8516,14.8523,14.8519,14.8516,14.8513,14.851,14.8507,14.8511,14.8505,14.8493,14.8496,14.8482,14.8477,14.8482,14.8485,14.848,14.8499,14.8495,14.8483,14.8483,14.849,14.849,14.849,
Sun Apr 19 2020 06:43:00 GMT-0400 (Eastern Daylight Time)
14.849,14.8486,14.8486,14.8501,14.8501,14.8508,14.8508,14.8496,14.8496,14.8499,14.8504,14.8509,14.8506,14.8503,14.8494,14.8485,14.8485,14.8493,14.8489,14.8483,14.847,14.8473,14.8477,14.848,14.8477,14.8475,14.8488,14.8486,14.8488,14.8494,14.8494,14.8502,14.8498,14.8495,14.8495,14.8485,14.8493,14.8492,14.849,14.849,14.85,14.8497,14.8497,14.8497,14.85,14.8506,14.8506,14.8502,14.8503,14.8503,14.8501,14.8496,14.8496,14.8499,14.8496,14.8496,14.8496,14.8493,14.8483,14.8484,
Sun Apr 19 2020 06:43:59 GMT-0400 (Eastern Daylight Time)
14.8484,14.847,14.8484,14.8485,14.8486,14.8486,14.8489,14.8494,14.8499,14.8495,14.849,14.849,14.8486,14.8472,14.8472,14.847,14.847,14.8474,14.8475,14.8478,14.8477,14.8474,14.8471,14.8477,14.8473,14.8471,14.8471,14.8478,14.8481,14.8481,14.8478,14.8477,14.8477,14.8474,14.8477,14.845,14.8448,14.8445,14.8425,14.8427,14.843,14.8422,14.8422,14.8417,14.8422,14.8444,14.8451,14.8454,14.8451,14.8447,14.8447,14.8453,14.845,14.8443,14.8443,14.8445,14.8443,14.8447,14.845,14.8453,
Sun Apr 19 2020 06:44:59 GMT-0400 (Eastern Daylight Time)
14.8456,14.8459,14.8484,14.8482,14.8482,14.8477,14.8483,14.8479,14.8476,14.8479,14.8483,14.8481,14.849,14.8495,14.8497,14.8488,14.8483,14.8462,14.8462,14.8462,14.8457,14.8462,14.8463,14.8465,14.8465,14.8465,14.845,14.8462,14.846,14.8457,14.8455,14.8452,14.8449,14.8438,14.8439,14.8439,14.8439,14.8438,14.8442,14.8446,14.8439,14.8439,14.8439,14.8439,14.8433,14.8429,14.844,14.844,14.8435,14.8437,14.8437,14.8433,14.8433,14.8433,14.8435,14.8437,14.8424,14.8422,14.8422,14.8422,
Sun Apr 19 2020 06:46:00 GMT-0400 (Eastern Daylight Time)
14.8421,14.8425,14.8425,14.8425,14.8425,14.8441,14.8437,14.8433,14.8438,14.8432,14.8435,14.8439,14.8437,14.8441,14.8424,14.8434,14.8431,14.8424,14.8409,14.8409,14.8406,14.84,14.84,14.84,14.8399,14.8405,14.8409,14.8409,14.8388,14.8378,14.8375,14.8378,14.8371,14.8383,14.8383,14.8383,14.8375,14.8379,14.8384,14.8384,14.8383,14.838,14.8377,14.838,14.8373,14.8378,14.8371,14.8374,14.8374,14.8373,14.8366,14.8359,14.8366,14.8364,14.8367,14.8367,14.8369,14.8375,14.8372,14.8374,
Sun Apr 19 2020 06:47:00 GMT-0400 (Eastern Daylight Time)
14.8383,14.838,14.8383,14.8384,14.8384,14.8384,14.8389,14.8384,14.839,14.8386,14.8386,14.8372,14.8371,14.8367,14.835,14.8348,14.8361,14.8361,14.8365,14.8381,14.8376,14.8378,14.8386,14.8389,14.8408,14.8398,14.8391,14.8397,14.8404,14.8406,14.8404,14.8399,14.8391,14.8386,14.8379,14.8379,14.8371,14.837,14.8368,14.8368,14.8371,14.8424,14.8424,14.8431,14.8435,14.8435,14.8432,14.8432,14.8432,14.8432,14.8427,14.8421,14.8419,14.8419,14.8419,14.8419,14.8419,14.8419,14.8414,14.8414,
Sun Apr 19 2020 06:47:59 GMT-0400 (Eastern Daylight Time)
14.8418,14.8421,14.8421,14.8411,14.8416,14.8416,14.8413,14.8413,14.8419,14.8419,14.8416,14.8416,14.84,14.8396,14.8398,14.84,14.8397,14.8397,14.8397,14.8394,14.8388,14.8392,14.8392,14.8399,14.8399,14.8401,14.8395,14.8397,14.8401,14.8398,14.84,14.84,14.8422,14.8418,14.842,14.842,14.842,14.8424,14.8426,14.8405,14.84,14.8404,14.8414,14.8414,14.839,14.8383,14.838,14.8384,14.8391,14.8391,14.8378,14.8363,14.8353,14.8357,14.8357,14.8364,14.8367,14.8364,14.8353,14.8349,
Sun Apr 19 2020 06:49:00 GMT-0400 (Eastern Daylight Time)
14.8346,14.8348,14.8348,14.8348,14.8348,14.8335,14.8323,14.8326,14.8328,14.8326,14.8336,14.8331,14.8325,14.8326,14.8324,14.8331,14.8345,14.8355,14.8346,14.8338,14.8338,14.834,14.833,14.8334,14.8338,14.8342,14.8339,14.8339,14.8344,14.8344,14.8344,14.8343,14.8343,14.8354,14.8354,14.8364,14.8357,14.8357,14.8357,14.8352,14.8355,14.8349,14.8344,14.8342,14.834,14.8343,14.8363,14.8356,14.8369,14.8369,14.8369,14.8366,14.8372,14.8374,14.8378,14.8375,14.8367,14.8359,14.8362,14.8352,
Sun Apr 19 2020 06:50:00 GMT-0400 (Eastern Daylight Time)
14.8349,14.8358,14.8358,14.8345,14.8332,14.8332,14.8354,14.8354,14.8367,14.8364,14.8364,14.8363,14.836,14.836,14.8324,14.8338,14.8338,14.8342,14.8336,14.8336,14.8326,14.831,14.8307,14.8305,14.8299,14.831,14.831,14.8308,14.8299,14.8301,14.831,14.8316,14.8333,14.8329,14.8329,14.8334,14.8345,14.8343,14.8343,14.8346,14.834,14.833,14.833,14.8341,14.8335,14.8339,14.8342,14.8342,14.8349,14.8355,14.8344,14.8344,14.8353,14.834,14.834,14.8343,14.833,14.833,14.8326,14.8323,
Sun Apr 19 2020 06:50:59 GMT-0400 (Eastern Daylight Time)
14.8323,14.8323,14.832,14.832,14.832,14.8303,14.8298,14.8294,14.8298,14.8298,14.8302,14.8304,14.8301,14.8296,14.8288,14.8296,14.8305,14.8305,14.8295,14.8299,14.8302,14.8316,14.8327,14.8329,14.8333,14.8343,14.834,14.834,14.8349,14.8349,14.8346,14.8349,14.8349,14.8346,14.8342,14.8344,14.8344,14.8356,14.8345,14.8343,14.8343,14.8351,14.8356,14.8356,14.8355,14.836,14.8369,14.8369,14.8365,14.8366,14.8336,14.8336,14.8336,14.8326,14.8318,14.8318,14.8314,14.8312,14.8315,14.8315,
Sun Apr 19 2020 06:51:59 GMT-0400 (Eastern Daylight Time)
14.8315,14.8282,14.8282,14.8282,14.8273,14.8283,14.8285,14.8285,14.8285,14.8282,14.8275,14.8285,14.8288,14.8276,14.8276,14.828,14.828,14.8267,14.8271,14.828,14.8289,14.8289,14.8294,14.8284,14.8284,14.8311,14.8305,14.8297,14.8292,14.8297,14.8297,14.8293,14.8302,14.8357,14.8357,14.8357,14.8362,14.8363,14.836,14.8356,14.8361,14.8356,14.8362,14.837,14.837,14.837,14.8386,14.838,14.8384,14.8392,14.8392,14.8392,14.8392,14.8396,14.8399,14.8399,14.8399,14.8399,14.8403,14.8399,
Sun Apr 19 2020 06:52:59 GMT-0400 (Eastern Daylight Time)
14.8402,14.8406,14.8404,14.8404,14.8404,14.841,14.8414,14.8439,14.8436,14.8443,14.8471,14.8481,14.8481,14.8482,14.848,14.8486,14.8486,14.8483,14.8475,14.8472,14.8475,14.8475,14.8471,14.8474,14.8476,14.8481,14.8478,14.8473,14.8473,14.849,14.8487,14.8514,14.8522,14.8524,14.8529,14.8542,14.8538,14.8542,14.8553,14.8556,14.8559,14.8565,14.8563,14.8563,14.8566,14.856,14.8557,14.8556,14.8553,14.8549,14.855,14.855,14.855,14.855,14.8552,14.8552,14.8576,14.8576,14.8576,14.8562,
Sun Apr 19 2020 06:54:00 GMT-0400 (Eastern Daylight Time)
14.8562,14.8557,14.8554,14.8547,14.8545,14.8542,14.8542,14.8539,14.8539,14.8542,14.8545,14.8554,14.856,14.856,14.8544,14.8544,14.8552,14.8567,14.8549,14.8546,14.8551,14.8551,14.8557,14.8553,14.8562,14.8559,14.8566,14.856,14.8557,14.8555,14.8549,14.8544,14.8544,14.8548,14.8544,14.8536,14.8546,14.8543,14.8543,14.8547,14.8545,14.8559,14.855,14.8553,14.8555,14.8555,14.8544,14.8544,14.8547,14.8547,14.8549,14.8542,14.8526,14.8526,14.8533,14.8535,14.853,14.8523,14.8533,14.8529,
Sun Apr 19 2020 06:54:59 GMT-0400 (Eastern Daylight Time)
14.8522,14.8522,14.8525,14.8525,14.8518,14.8518,14.8525,14.8526,14.8523,14.8523,14.8529,14.8529,14.8529,14.8529,14.8526,14.8521,14.8518,14.8518,14.8518,14.8518,14.8522,14.8507,14.8508,14.8501,14.8498,14.8503,14.8508,14.851,14.8508,14.8505,14.8512,14.8509,14.8506,14.851,14.8504,14.8508,14.8532,14.8529,14.8526,14.8526,14.8523,14.8523,14.8498,14.8504,14.8506,14.8503,14.8507,14.8504,14.851,14.8511,14.8508,14.8516,14.852,14.852,14.8522,14.8518,14.8493,14.849,14.8476,14.8463,
Sun Apr 19 2020 06:56:59 GMT-0400 (Eastern Daylight Time)
14.8461,14.8466,14.8489,14.8492,14.8502,14.8488,14.8504,14.8501,14.8507,14.8504,14.8469,14.8466,14.8464,14.8462,14.847,14.8463,14.8471,14.8464,14.8459,14.8447,14.844,14.8432,14.8436,14.8441,14.8433,14.8433,14.843,14.843,14.843,14.843,14.8422,14.8426,14.8418,14.8418,14.8425,14.8425,14.8425,14.843,14.8422,14.8425,14.8424,14.8424,14.843,14.8435,14.8435,14.8435,14.8438,14.8433,14.8433,14.8424,14.8425,14.8425,14.8425,14.844,14.8429,14.8425,14.8425,14.8423,14.8424,14.8424,
Sun Apr 19 2020 06:57:59 GMT-0400 (Eastern Daylight Time)
14.8427,14.8432,14.8432,14.8437,14.8437,14.8436,14.844,14.8443,14.8441,14.8438,14.8441,14.8436,14.8441,14.8443,14.844,14.844,14.8432,14.8436,14.8435,14.8433,14.8438,14.8435,14.8414,14.8414,14.8414,14.842,14.8451,14.844,14.844,14.8444,14.8448,14.8448,14.8444,14.8441,14.8446,14.8464,14.8466,14.847,14.848,14.8486,14.8483,14.8476,14.8476,14.8474,14.8484,14.8481,14.8491,14.8491,14.8494,14.8496,14.8494,14.8492,14.8496,14.8493,14.8493,14.8493,14.8484,14.8487,14.8487,14.8483,
Sun Apr 19 2020 06:58:59 GMT-0400 (Eastern Daylight Time)
14.8492,14.8497,14.8497,14.8508,14.8504,14.8504,14.8498,14.8513,14.8547,14.8551,14.8551,14.8551,14.8541,14.8547,14.8549,14.8546,14.8545,14.8541,14.8535,14.8541,14.8544,14.8544,14.8541,14.854,14.8546,14.8546,14.8546,14.8557,14.8554,14.8552,14.855,14.855,14.8546,14.8546,14.8546,14.854,14.8524,14.8524,14.8521,14.8518,14.8515,14.8507,14.8507,14.8506,14.8506,14.8504,14.8504,14.8502,14.8498,14.8496,14.8486,14.848,14.8482,14.8489,14.8487,14.8503,14.85,14.85,14.85,14.8527,
Sun Apr 19 2020 06:59:59 GMT-0400 (Eastern Daylight Time)
14.8527,14.8522,14.8519,14.8513,14.8511,14.8515,14.8505,14.8509,14.8509,14.8514,14.8514,14.8501,14.8507,14.8504,14.8498,14.8493,14.8474,14.847,14.847,14.8476,14.8474,14.8477,14.8477,14.8486,14.8486,14.8488,14.8486,14.849,14.8501,14.8498,14.8502,14.8495,14.8498,14.8513,14.8513,14.8521,14.8525,14.8523,14.8517,14.853,14.8532,14.8528,14.8521,14.8521,14.8524,14.8526,14.8543,14.8543,14.8539,14.8546,14.8552,14.8537,14.8537,14.8537,14.8543,14.8528,14.8532,14.8529,14.8526,14.8526,
Sun Apr 19 2020 07:00:59 GMT-0400 (Eastern Daylight Time)
14.8529,14.8535,14.8519,14.8519,14.8519,14.8519,14.8519,14.8515,14.852,14.8521,14.8516,14.8516,14.8518,14.8528,14.8523,14.85,14.85,14.8502,14.8504,14.8507,14.8499,14.8501,14.8504,14.8509,14.8506,14.85,14.8494,14.8492,14.8498,14.8498,14.8498,14.8499,14.8506,14.8499,14.8505,14.8521,14.8519,14.8519,14.8512,14.8507,14.8509,14.8503,14.8498,14.85,14.85,14.8495,14.8498,14.8507,14.8521,14.8533,14.8533,14.8538,14.8541,14.8544,14.8547,14.8544,14.854,14.8536,14.854,14.8543,
Sun Apr 19 2020 07:01:59 GMT-0400 (Eastern Daylight Time)
14.8529,14.8531,14.8531,14.852,14.8518,14.8518,14.8518,14.8511,14.8511,14.8504,14.8504,14.85,14.8496,14.8503,14.8506,14.8501,14.8506,14.8503,14.8503,14.8507,14.8507,14.8507,14.8511,14.8524,14.8517,14.8517,14.8519,14.8519,14.8519,14.8514,14.8506,14.8502,14.8493,14.8496,14.849,14.8493,14.8503,14.8503,14.851,14.8509,14.8509,14.8503,14.8499,14.8495,14.8496,14.8491,14.8493,14.8484,14.8489,14.8486,14.8483,14.8479,14.8479,14.8484,14.8486,14.848,14.847,14.8472,14.8472,14.8472,
Sun Apr 19 2020 07:02:59 GMT-0400 (Eastern Daylight Time)
14.8473,14.8471,14.847,14.847,14.8472,14.847,14.8458,14.8463,14.8457,14.8462,14.8462,14.8449,14.8443,14.8439,14.8442,14.844,14.8444,14.8447,14.8446,14.8454,14.8462,14.8459,14.8456,14.8462,14.8464,14.8455,14.8458,14.8451,14.8458,14.8458,14.8458,14.8464,14.8467,14.8438,14.8435,14.8444,14.843,14.8422,14.8422,14.8418,14.8418,14.8414,14.8414,14.8411,14.8414,14.8393,14.839,14.8403,14.8406,14.8413,14.8413,14.841,14.8412,14.8405,14.8396,14.8396,14.8396,14.8393,14.8402,14.8402,
Sun Apr 19 2020 07:03:59 GMT-0400 (Eastern Daylight Time)
14.8409,14.8412,14.8422,14.8422,14.8422,14.8422,14.8434,14.8431,14.8431,14.843,14.843,14.8437,14.8434,14.8434,14.8431,14.8434,14.8426,14.8429,14.8429,14.8429,14.8435,14.8435,14.8435,14.8425,14.8417,14.8417,14.8406,14.8409,14.8414,14.8411,14.8406,14.8409,14.8408,14.8408,14.8398,14.838,14.8382,14.8376,14.8379,14.8376,14.838,14.838,14.8395,14.839,14.8394,14.8405,14.8402,14.8394,14.8394,14.8395,14.84,14.8403,14.839,14.8387,14.8387,14.8391,14.8388,14.8407,14.842,14.8417,
Sun Apr 19 2020 07:05:00 GMT-0400 (Eastern Daylight Time)
14.8442,14.845,14.845,14.8455,14.8448,14.8445,14.8452,14.8458,14.8453,14.8446,14.8443,14.8447,14.845,14.845,14.8453,14.8462,14.8459,14.8456,14.8457,14.8454,14.8464,14.8464,14.8465,14.8464,14.8454,14.8461,14.846,14.8463,14.8465,14.8465,14.8465,14.8455,14.8448,14.8448,14.8449,14.845,14.8449,14.8449,14.8449,14.8445,14.8441,14.8441,14.845,14.8451,14.8448,14.8444,14.8444,14.8446,14.8446,14.8443,14.8455,14.8455,14.8461,14.8467,14.8461,14.8455,14.8454,14.8445,14.8445,14.8446,
Sun Apr 19 2020 07:07:00 GMT-0400 (Eastern Daylight Time)
14.845,14.8368,14.8387,14.8421,14.8421,14.8386,14.8386,14.8393,14.8419,14.8423,14.8426,14.844,14.8446,14.8441,14.8447,14.8447,14.8444,14.8444,14.8453,14.8456,14.8456,14.8446,14.8448,14.8448,14.8456,14.8453,14.8449,14.8457,14.8438,14.8435,14.8435,14.8439,14.8441,14.8421,14.843,14.8427,14.8431,14.8431,14.8427,14.8427,14.8427,14.8431,14.8428,14.8434,14.8429,14.8419,14.8419,14.8417,14.8428,14.843,14.843,14.8439,14.8435,14.8427,14.843,14.843,14.8435,14.8438,14.8438,14.844,
Sun Apr 19 2020 07:07:59 GMT-0400 (Eastern Daylight Time)
14.8447,14.8445,14.8445,14.8445,14.8443,14.8443,14.8438,14.8433,14.8428,14.8424,14.8427,14.8425,14.8416,14.8413,14.8413,14.8417,14.842,14.8421,14.8418,14.8402,14.8413,14.8426,14.8422,14.8434,14.8434,14.8434,14.8438,14.8448,14.8451,14.8444,14.8447,14.8447,14.8454,14.8454,14.8451,14.8447,14.8447,14.8439,14.8444,14.8444,14.843,14.843,14.8429,14.8403,14.8409,14.8403,14.8407,14.8407,14.842,14.8417,14.8443,14.8443,14.8444,14.8444,14.8439,14.8442,14.8445,14.8445,14.8449,14.8443,
Sun Apr 19 2020 07:09:00 GMT-0400 (Eastern Daylight Time)
14.8448,14.8448,14.8457,14.8457,14.8437,14.8437,14.8441,14.8458,14.8454,14.8451,14.8451,14.8447,14.8447,14.8447,14.845,14.8449,14.8455,14.8449,14.8445,14.8449,14.8447,14.845,14.8454,14.8458,14.8465,14.8461,14.8459,14.8459,14.8459,14.8459,14.8459,14.8466,14.8463,14.8452,14.844,14.8435,14.8435,14.8428,14.843,14.8424,14.8424,14.8425,14.8421,14.8415,14.8415,14.8412,14.8409,14.8412,14.8398,14.84,14.8402,14.8398,14.8397,14.8397,14.8392,14.8392,14.839,14.8399,14.8398,14.8402,
Sun Apr 19 2020 07:10:00 GMT-0400 (Eastern Daylight Time)
14.8401,14.8419,14.8419,14.8422,14.8433,14.8423,14.8423,14.8423,14.8423,14.8413,14.8413,14.8421,14.8421,14.8425,14.8425,14.8425,14.8429,14.8429,14.8459,14.845,14.8454,14.8454,14.8458,14.8468,14.8464,14.8461,14.8464,14.8461,14.8458,14.8452,14.8452,14.8446,14.8453,14.8454,14.8461,14.8461,14.8457,14.8457,14.8451,14.8442,14.8436,14.8432,14.8432,14.8435,14.8435,14.8435,14.8428,14.8428,14.8427,14.8441,14.8445,14.8441,14.8436,14.8443,14.8439,14.845,14.8438,14.8436,14.8436,14.8434,
Sun Apr 19 2020 07:11:00 GMT-0400 (Eastern Daylight Time)
14.8428,14.8432,14.8429,14.8429,14.8434,14.8427,14.8427,14.8424,14.8407,14.8394,14.8394,14.8394,14.8392,14.8396,14.8396,14.8396,14.84,14.8403,14.8399,14.8394,14.8397,14.8384,14.8384,14.838,14.8379,14.8382,14.8382,14.8382,14.8384,14.838,14.8385,14.8388,14.8385,14.8383,14.8386,14.8387,14.8381,14.8385,14.8388,14.8392,14.8392,14.8377,14.8382,14.8382,14.8377,14.8375,14.8372,14.8369,14.8371,14.8369,14.8371,14.8371,14.837,14.8373,14.837,14.8357,14.8354,14.8352,14.835,14.8347,
Sun Apr 19 2020 07:11:59 GMT-0400 (Eastern Daylight Time)
14.8355,14.8355,14.8351,14.8351,14.8346,14.8351,14.8348,14.834,14.8355,14.8362,14.8362,14.8362,14.8353,14.8351,14.8347,14.8347,14.8345,14.8348,14.8353,14.8353,14.8359,14.8356,14.8372,14.8388,14.8388,14.8383,14.838,14.8384,14.8384,14.8378,14.8378,14.8382,14.8382,14.8386,14.8386,14.8377,14.8377,14.8382,14.8384,14.8384,14.8381,14.8379,14.8373,14.8389,14.8396,14.8384,14.8377,14.8362,14.8356,14.8359,14.8368,14.8366,14.8364,14.8381,14.8373,14.8375,14.8387,14.8404,14.8407,14.8403,
Sun Apr 19 2020 07:12:59 GMT-0400 (Eastern Daylight Time)
14.84,14.8396,14.8394,14.8394,14.8404,14.8404,14.8407,14.8403,14.8402,14.84,14.8405,14.8401,14.8399,14.8399,14.8399,14.8393,14.8401,14.8399,14.8402,14.8409,14.8421,14.8432,14.8432,14.8434,14.8438,14.8432,14.8439,14.8446,14.8448,14.8447,14.8447,14.8447,14.8443,14.8443,14.8443,14.8414,14.8411,14.8387,14.8385,14.8385,14.8385,14.8386,14.8391,14.8397,14.8397,14.84,14.8392,14.8392,14.8392,14.839,14.839,14.8393,14.8393,14.8398,14.8398,14.8398,14.8403,14.8399,14.8407,14.8417,
Sun Apr 19 2020 07:14:01 GMT-0400 (Eastern Daylight Time)
14.8419,14.8424,14.8437,14.8437,14.8437,14.8452,14.8453,14.8453,14.8476,14.8473,14.8472,14.8476,14.8476,14.8476,14.8467,14.8462,14.8467,14.8464,14.8458,14.8466,14.8466,14.846,14.8463,14.8466,14.847,14.8462,14.8466,14.8468,14.8468,14.8471,14.8462,14.8455,14.8455,14.8458,14.8458,14.845,14.8453,14.8443,14.8443,14.8441,14.8438,14.8446,14.8446,14.8441,14.8451,14.8452,14.8452,14.8452,14.8454,14.8441,14.8441,14.842,14.842,14.8423,14.8424,14.841,14.8413,14.8424,14.8421,14.8421,
Sun Apr 19 2020 07:15:00 GMT-0400 (Eastern Daylight Time)
14.8416,14.8416,14.8419,14.8433,14.8433,14.8436,14.844,14.8435,14.8435,14.8432,14.8432,14.8427,14.8431,14.8416,14.8414,14.8413,14.8413,14.8404,14.8399,14.8376,14.8373,14.8372,14.8387,14.8391,14.8387,14.8384,14.8384,14.8379,14.8379,14.8376,14.8383,14.8383,14.8389,14.8372,14.8372,14.8377,14.8377,14.8383,14.8388,14.8385,14.8376,14.8376,14.8378,14.8378,14.8391,14.8394,14.8394,14.8397,14.8397,14.8406,14.841,14.8396,14.8396,14.8398,14.8405,14.8403,14.84,14.84,14.8398,14.8404,
Sun Apr 19 2020 07:15:59 GMT-0400 (Eastern Daylight Time)
14.8396,14.8392,14.8392,14.8392,14.8397,14.8397,14.8399,14.8393,14.8376,14.8372,14.8372,14.8376,14.8387,14.8379,14.8373,14.8373,14.8373,14.8373,14.8373,14.837,14.837,14.8374,14.8371,14.8377,14.8381,14.8386,14.8378,14.8359,14.8359,14.8357,14.8357,14.8358,14.8377,14.8383,14.8386,14.84,14.8396,14.8394,14.8394,14.8381,14.8382,14.8375,14.8377,14.8385,14.8389,14.8384,14.8414,14.8411,14.8405,14.8412,14.8409,14.8409,14.8417,14.8408,14.8411,14.8415,14.8415,14.8406,14.8397,14.8387,
Sun Apr 19 2020 07:16:59 GMT-0400 (Eastern Daylight Time)
14.8387,14.8395,14.8392,14.8392,14.8387,14.8374,14.8376,14.8376,14.8378,14.8381,14.8386,14.839,14.839,14.8392,14.8392,14.8389,14.8392,14.8381,14.8377,14.8376,14.8376,14.8365,14.8377,14.8371,14.8369,14.8363,14.8366,14.8366,14.837,14.8373,14.8371,14.8371,14.8377,14.8377,14.8371,14.8376,14.8373,14.8392,14.8395,14.8397,14.8388,14.8387,14.8391,14.84,14.8397,14.8384,14.839,14.8388,14.8397,14.8416,14.8433,14.8429,14.8435,14.8444,14.844,14.8435,14.8435,14.8449,14.845,14.845,
Sun Apr 19 2020 07:18:59 GMT-0400 (Eastern Daylight Time)
14.8452,14.842,14.842,14.8458,14.8458,14.8409,14.8409,14.8409,14.8409,14.8419,14.8418,14.8418,14.8418,14.8437,14.844,14.844,14.8441,14.8438,14.8439,14.8443,14.8436,14.8429,14.8435,14.8429,14.8431,14.8434,14.8452,14.8433,14.8436,14.8429,14.8423,14.8428,14.8436,14.8439,14.8432,14.8435,14.8435,14.8438,14.8438,14.8434,14.8434,14.8439,14.8436,14.8438,14.8422,14.8422,14.8439,14.8435,14.843,14.843,14.843,14.8422,14.8436,14.8433,14.8436,14.8443,14.8443,14.8452,14.8455,14.8447,
Sun Apr 19 2020 07:19:59 GMT-0400 (Eastern Daylight Time)
14.8444,14.8441,14.8445,14.8445,14.8451,14.8457,14.8449,14.8443,14.844,14.844,14.8432,14.8429,14.8433,14.8433,14.8442,14.8438,14.8445,14.8445,14.8442,14.8439,14.8443,14.8427,14.8426,14.8433,14.8433,14.8433,14.843,14.8434,14.8434,14.846,14.8462,14.8464,14.8463,14.8463,14.8462,14.8466,14.8469,14.8474,14.8474,14.8475,14.8472,14.8478,14.8489,14.8493,14.8491,14.8496,14.8479,14.8479,14.8482,14.8486,14.8487,14.8483,14.8483,14.849,14.8487,14.8489,14.8489,14.8487,14.8479,14.8479,
Sun Apr 19 2020 07:20:59 GMT-0400 (Eastern Daylight Time)
14.8476,14.848,14.8477,14.8477,14.8478,14.8494,14.849,14.8501,14.8506,14.8506,14.8507,14.8504,14.8504,14.8498,14.8488,14.8484,14.8482,14.8482,14.8483,14.8485,14.8485,14.8487,14.8478,14.8478,14.8473,14.8471,14.8471,14.8471,14.8471,14.8476,14.8485,14.8488,14.8485,14.8496,14.8493,14.8497,14.8484,14.849,14.849,14.8494,14.8492,14.8498,14.8496,14.8503,14.8503,14.8503,14.8501,14.8499,14.8502,14.8521,14.8518,14.8516,14.8524,14.8529,14.8532,14.8532,14.8518,14.852,14.8523,14.8532,
Sun Apr 19 2020 07:21:59 GMT-0400 (Eastern Daylight Time)
14.8532,14.8536,14.8536,14.8536,14.8529,14.8529,14.8524,14.8524,14.8521,14.8524,14.8527,14.8527,14.8532,14.8532,14.8525,14.8508,14.8493,14.8488,14.8485,14.8482,14.8482,14.8479,14.8484,14.8481,14.8489,14.8493,14.8502,14.8506,14.8506,14.8506,14.8485,14.8489,14.8492,14.8492,14.8492,14.8492,14.8493,14.8487,14.8497,14.8497,14.8504,14.8504,14.8502,14.8502,14.8493,14.8502,14.851,14.851,14.851,14.8517,14.8517,14.8514,14.8517,14.8511,14.8516,14.8513,14.8521,14.8521,14.8523,14.8517,
Sun Apr 19 2020 07:23:00 GMT-0400 (Eastern Daylight Time)
14.8513,14.8513,14.8513,14.8511,14.8511,14.8511,14.8508,14.8505,14.8502,14.85,14.8474,14.8466,14.8466,14.8471,14.8468,14.8465,14.8465,14.8468,14.8455,14.8449,14.8451,14.8447,14.8447,14.846,14.8457,14.8457,14.8455,14.8455,14.8455,14.8459,14.8434,14.8437,14.8435,14.8435,14.8438,14.8435,14.8435,14.8439,14.845,14.845,14.8456,14.8454,14.8452,14.8448,14.8441,14.845,14.8471,14.848,14.8478,14.8477,14.8483,14.8486,14.8481,14.8493,14.8488,14.8492,14.8497,14.8509,14.8487,14.8484,
Sun Apr 19 2020 07:23:59 GMT-0400 (Eastern Daylight Time)
14.8489,14.8486,14.8486,14.8486,14.8486,14.8488,14.8494,14.8502,14.8505,14.85,14.8492,14.8489,14.8481,14.8481,14.8469,14.8469,14.8469,14.8474,14.8473,14.8476,14.8482,14.8482,14.8492,14.8488,14.8494,14.8508,14.8508,14.8508,14.8515,14.8518,14.8521,14.8521,14.8515,14.8513,14.8517,14.8521,14.8518,14.8523,14.8518,14.8514,14.8514,14.8511,14.8503,14.8501,14.8504,14.8504,14.8505,14.8505,14.8533,14.8541,14.8547,14.8545,14.8551,14.8551,14.8551,14.8548,14.8558,14.8574,14.8577,14.8572,
Sun Apr 19 2020 07:25:00 GMT-0400 (Eastern Daylight Time)
14.8566,14.8566,14.8566,14.8566,14.8566,14.8559,14.8562,14.8565,14.8539,14.8542,14.8536,14.8538,14.8539,14.8533,14.8525,14.8514,14.8514,14.8514,14.8514,14.8511,14.8511,14.8516,14.8513,14.851,14.851,14.8511,14.8509,14.8505,14.8508,14.852,14.8521,14.8518,14.852,14.8526,14.8526,14.8521,14.8525,14.8523,14.8522,14.8526,14.8523,14.8523,14.852,14.852,14.852,14.8521,14.8526,14.8526,14.8538,14.8538,14.8531,14.8531,14.8538,14.8541,14.8547,14.8541,14.8536,14.8536,14.8526,14.853,
Sun Apr 19 2020 07:25:59 GMT-0400 (Eastern Daylight Time)
14.8532,14.8532,14.8524,14.8524,14.8524,14.8524,14.8524,14.8524,14.8524,14.8524,14.8524,14.8518,14.8515,14.8515,14.851,14.8509,14.8506,14.8506,14.8508,14.85,14.8497,14.85,14.85,14.8497,14.8491,14.8508,14.8517,14.8501,14.8501,14.8501,14.8505,14.8521,14.8508,14.8508,14.8506,14.8506,14.8502,14.8506,14.8499,14.8509,14.8507,14.8509,14.8514,14.8535,14.8526,14.8523,14.8518,14.8495,14.8488,14.8486,14.8483,14.8484,14.8488,14.8485,14.849,14.8496,14.8493,14.8491,14.8482,14.8468,
Sun Apr 19 2020 07:26:59 GMT-0400 (Eastern Daylight Time)
14.8462,14.8462,14.8478,14.8476,14.8473,14.8477,14.847,14.8465,14.8472,14.8453,14.8447,14.8454,14.8456,14.8456,14.8464,14.8468,14.847,14.8476,14.8479,14.8483,14.8489,14.8489,14.8487,14.849,14.8495,14.8493,14.8493,14.8487,14.849,14.8488,14.8488,14.8492,14.8492,14.8478,14.8483,14.8487,14.8492,14.8492,14.8492,14.8485,14.8485,14.8487,14.8489,14.8483,14.8483,14.8483,14.8477,14.848,14.8471,14.8476,14.848,14.848,14.8467,14.8472,14.8478,14.8467,14.8471,14.8475,14.8473,14.8472,
Sun Apr 19 2020 07:28:59 GMT-0400 (Eastern Daylight Time)
14.8475,14.8484,14.8487,14.849,14.8508,14.8505,14.8502,14.8505,14.8502,14.8502,14.8472,14.8465,14.8463,14.8463,14.8457,14.8495,14.8495,14.8495,14.8499,14.8496,14.8488,14.8488,14.8485,14.8458,14.8455,14.8467,14.8463,14.8446,14.8446,14.845,14.8455,14.8468,14.8468,14.8467,14.8467,14.846,14.846,14.8456,14.845,14.8456,14.846,14.8457,14.8457,14.845,14.8446,14.845,14.8453,14.8463,14.8458,14.8461,14.8461,14.8458,14.8451,14.8451,14.8449,14.845,14.8447,14.8444,14.8458,14.8452,
Sun Apr 19 2020 07:30:00 GMT-0400 (Eastern Daylight Time)
14.8449,14.8444,14.8444,14.8416,14.8413,14.8394,14.8392,14.8392,14.8392,14.8396,14.8401,14.8401,14.8398,14.8398,14.8395,14.838,14.8377,14.8374,14.8371,14.8366,14.8362,14.8362,14.836,14.8354,14.8356,14.8358,14.8362,14.8364,14.8354,14.8347,14.8359,14.8364,14.8363,14.8377,14.8377,14.8386,14.8382,14.8379,14.8385,14.837,14.8373,14.8373,14.8376,14.8382,14.8379,14.8378,14.8357,14.8364,14.836,14.8364,14.8351,14.8355,14.8344,14.8344,14.8358,14.8355,14.8355,14.8359,14.8364,14.8371,
Sun Apr 19 2020 07:31:00 GMT-0400 (Eastern Daylight Time)
14.8363,14.8376,14.8376,14.8376,14.8373,14.8379,14.8376,14.8369,14.8369,14.8366,14.8366,14.835,14.8357,14.8357,14.8357,14.8349,14.8353,14.8353,14.8348,14.8351,14.8347,14.8346,14.8337,14.8339,14.8333,14.833,14.8334,14.8346,14.8343,14.8333,14.8333,14.8333,14.8333,14.8333,14.833,14.8312,14.8312,14.8312,14.8308,14.8317,14.8323,14.832,14.832,14.8309,14.8309,14.8309,14.8314,14.8311,14.8311,14.8304,14.8313,14.8337,14.8341,14.8344,14.8347,14.8344,14.8352,14.8355,14.8355,14.8351,
Sun Apr 19 2020 07:31:59 GMT-0400 (Eastern Daylight Time)
14.8343,14.8333,14.8333,14.832,14.832,14.8326,14.8329,14.8336,14.8336,14.833,14.8345,14.8332,14.8337,14.8342,14.8342,14.835,14.8352,14.8348,14.8351,14.8361,14.8358,14.8368,14.8361,14.8361,14.837,14.8367,14.8358,14.8353,14.8365,14.8368,14.8375,14.8373,14.8389,14.8382,14.8389,14.8389,14.8389,14.8386,14.8383,14.8388,14.8382,14.8377,14.8377,14.8377,14.8382,14.8377,14.839,14.8374,14.8367,14.8357,14.8354,14.8358,14.8363,14.8365,14.8365,14.8367,14.8372,14.8366,14.837,14.8366,
Sun Apr 19 2020 07:33:00 GMT-0400 (Eastern Daylight Time)
14.8374,14.8376,14.8379,14.8379,14.8392,14.8392,14.839,14.8388,14.8391,14.8407,14.8409,14.8409,14.8404,14.8404,14.8409,14.8412,14.8406,14.842,14.844,14.8437,14.8433,14.8437,14.8433,14.8436,14.8436,14.8432,14.8432,14.8435,14.8439,14.8463,14.8459,14.8459,14.847,14.8466,14.8466,14.8466,14.8469,14.847,14.8472,14.8477,14.8477,14.8477,14.8483,14.8486,14.8497,14.8503,14.8506,14.8508,14.8509,14.8492,14.8489,14.8489,14.8496,14.8496,14.8491,14.8491,14.8489,14.8487,14.8486,14.8495,
Sun Apr 19 2020 07:33:59 GMT-0400 (Eastern Daylight Time)
14.849,14.849,14.849,14.8493,14.8493,14.8493,14.8493,14.8489,14.8503,14.8503,14.8498,14.8509,14.8494,14.8498,14.8498,14.8495,14.8489,14.8492,14.8492,14.8488,14.8506,14.8506,14.85,14.8508,14.8504,14.8507,14.851,14.851,14.8517,14.8511,14.8509,14.8513,14.852,14.8525,14.8514,14.8514,14.8509,14.8509,14.8512,14.8512,14.8512,14.8516,14.8513,14.8508,14.8504,14.8505,14.8503,14.8506,14.8513,14.8516,14.8516,14.8519,14.8515,14.8518,14.8514,14.8514,14.8514,14.8517,14.8513,14.8503,
Sun Apr 19 2020 07:35:00 GMT-0400 (Eastern Daylight Time)
14.8503,14.8512,14.8512,14.8517,14.8529,14.8533,14.8533,14.8532,14.8532,14.8529,14.8529,14.8516,14.8515,14.8508,14.8515,14.8511,14.8515,14.8515,14.8511,14.8507,14.8503,14.8503,14.85,14.8509,14.8502,14.8505,14.8503,14.8506,14.8504,14.851,14.851,14.8507,14.849,14.8493,14.8491,14.8481,14.8491,14.8499,14.8499,14.8502,14.8487,14.8487,14.8484,14.8484,14.8482,14.8479,14.8471,14.8478,14.8474,14.8473,14.8473,14.8476,14.8466,14.8446,14.8422,14.842,14.8423,14.8417,14.8419,14.8423,
Sun Apr 19 2020 07:36:00 GMT-0400 (Eastern Daylight Time)
14.8429,14.843,14.843,14.8427,14.8438,14.8438,14.8441,14.8441,14.8444,14.8446,14.8446,14.8446,14.8446,14.8449,14.8447,14.8446,14.8443,14.844,14.844,14.844,14.8429,14.8429,14.8429,14.8428,14.8424,14.8433,14.842,14.842,14.8418,14.8414,14.8416,14.8414,14.8421,14.8419,14.8415,14.8407,14.8408,14.8408,14.8408,14.8408,14.8404,14.8409,14.8409,14.8407,14.8404,14.8402,14.8399,14.8403,14.8396,14.8399,14.8396,14.8393,14.8389,14.8387,14.8396,14.8388,14.8382,14.8371,14.8366,14.8382,
Sun Apr 19 2020 07:36:59 GMT-0400 (Eastern Daylight Time)
14.8382,14.838,14.838,14.838,14.8361,14.8365,14.8365,14.8365,14.8379,14.8379,14.8379,14.8384,14.8381,14.8376,14.8379,14.8375,14.8366,14.8374,14.837,14.837,14.8379,14.8371,14.8344,14.8347,14.8346,14.8343,14.8355,14.8355,14.8368,14.8368,14.8371,14.8371,14.8377,14.8377,14.8391,14.8397,14.8409,14.8409,14.8419,14.8419,14.8411,14.8411,14.841,14.841,14.8394,14.8397,14.8384,14.8386,14.839,14.8394,14.8387,14.8381,14.8388,14.8392,14.8389,14.8389,14.8382,14.8377,14.8362,14.8364,
Sun Apr 19 2020 07:37:59 GMT-0400 (Eastern Daylight Time)
14.8356,14.8354,14.8354,14.8356,14.8356,14.8352,14.8343,14.8346,14.8335,14.8322,14.8335,14.8331,14.833,14.8339,14.8339,14.8337,14.8321,14.8318,14.8322,14.8318,14.8314,14.8312,14.8314,14.831,14.831,14.831,14.8308,14.831,14.8309,14.8304,14.8299,14.8286,14.8289,14.8289,14.8289,14.8292,14.8299,14.8295,14.8292,14.8282,14.828,14.8286,14.8299,14.8292,14.8292,14.8295,14.8292,14.8288,14.8293,14.8299,14.8321,14.8321,14.8319,14.8319,14.8326,14.8323,14.8325,14.8325,14.8333,14.8333,
Sun Apr 19 2020 07:38:59 GMT-0400 (Eastern Daylight Time)
14.8319,14.8311,14.8311,14.8308,14.8319,14.8318,14.8318,14.8332,14.8327,14.8336,14.8336,14.8342,14.834,14.8336,14.8333,14.8335,14.8365,14.8368,14.8372,14.8372,14.8369,14.8366,14.8372,14.8375,14.8373,14.8367,14.8367,14.8368,14.8368,14.837,14.8373,14.8376,14.8379,14.8379,14.8379,14.8379,14.8376,14.838,14.8368,14.8371,14.8371,14.8361,14.8361,14.8354,14.8351,14.8341,14.8337,14.8337,14.8339,14.8346,14.8342,14.8349,14.8353,14.8369,14.8379,14.8383,14.8387,14.8378,14.8373,14.8373,
Sun Apr 19 2020 07:39:59 GMT-0400 (Eastern Daylight Time)
14.8375,14.8367,14.8367,14.8369,14.8355,14.8358,14.8362,14.8362,14.8372,14.8372,14.8375,14.8378,14.8378,14.8365,14.8382,14.8385,14.8385,14.838,14.838,14.8378,14.8383,14.8382,14.8376,14.8371,14.8369,14.8364,14.8364,14.8357,14.836,14.8352,14.8348,14.8336,14.8322,14.8325,14.832,14.832,14.8325,14.8328,14.8337,14.8325,14.8322,14.8325,14.833,14.833,14.8333,14.8326,14.8337,14.8335,14.8339,14.8335,14.8332,14.8363,14.8363,14.8357,14.8351,14.8368,14.8366,14.8373,14.8373,14.8368,
Sun Apr 19 2020 07:40:59 GMT-0400 (Eastern Daylight Time)
14.8367,14.8373,14.8369,14.8369,14.8366,14.8366,14.8364,14.8372,14.8368,14.8366,14.837,14.8373,14.8372,14.8373,14.837,14.8368,14.8353,14.8346,14.8346,14.8344,14.8347,14.835,14.835,14.8359,14.8359,14.8335,14.8336,14.834,14.834,14.8346,14.8346,14.8362,14.8358,14.8355,14.836,14.836,14.8357,14.8357,14.8359,14.8364,14.8364,14.836,14.8368,14.8368,14.8388,14.8372,14.8381,14.8377,14.8382,14.8378,14.8386,14.838,14.8383,14.8377,14.838,14.8395,14.8392,14.8391,14.8381,14.8381,
Sun Apr 19 2020 07:41:59 GMT-0400 (Eastern Daylight Time)
14.8383,14.8393,14.8393,14.8393,14.8393,14.8386,14.8393,14.8395,14.8417,14.8414,14.8402,14.8399,14.8404,14.8398,14.8398,14.8398,14.8402,14.8376,14.84,14.84,14.84,14.8393,14.8393,14.8427,14.8408,14.8407,14.8402,14.8402,14.8402,14.8406,14.8394,14.8386,14.8386,14.8386,14.8381,14.8386,14.8399,14.8388,14.8388,14.8389,14.8386,14.8391,14.8394,14.8394,14.8391,14.8391,14.8395,14.8399,14.841,14.841,14.8414,14.841,14.8406,14.8398,14.8401,14.8404,14.8399,14.8406,14.8411,14.8406,
Sun Apr 19 2020 07:42:59 GMT-0400 (Eastern Daylight Time)
14.8426,14.8422,14.8422,14.8422,14.8421,14.8416,14.8416,14.8416,14.8413,14.8397,14.8397,14.8397,14.84,14.84,14.8397,14.8401,14.8401,14.8404,14.8404,14.8408,14.8388,14.8384,14.8384,14.8387,14.8395,14.8407,14.8412,14.8415,14.8412,14.8411,14.8404,14.84,14.8409,14.8411,14.8412,14.8412,14.8416,14.8413,14.8404,14.8403,14.8403,14.8407,14.8405,14.8398,14.8398,14.8399,14.8401,14.8386,14.8392,14.838,14.8385,14.8385,14.8405,14.8398,14.8408,14.8403,14.8395,14.8401,14.8406,14.8406,
Sun Apr 19 2020 07:44:59 GMT-0400 (Eastern Daylight Time)
14.84,14.8432,14.8436,14.8436,14.8433,14.8435,14.8439,14.8443,14.8437,14.8433,14.8407,14.8432,14.8432,14.8422,14.8422,14.8419,14.8419,14.8414,14.8414,14.8417,14.8403,14.8403,14.8406,14.8409,14.8409,14.842,14.8414,14.8414,14.8416,14.8408,14.8408,14.8403,14.8399,14.84,14.8397,14.839,14.839,14.8396,14.8396,14.8399,14.8401,14.8408,14.8412,14.8429,14.8429,14.8435,14.8442,14.8442,14.8451,14.8443,14.8438,14.8438,14.8443,14.8448,14.845,14.8456,14.8456,14.8453,14.846,14.846,
Sun Apr 19 2020 07:45:59 GMT-0400 (Eastern Daylight Time)
14.8462,14.8462,14.8463,14.8463,14.8463,14.8459,14.8453,14.8453,14.8448,14.8453,14.8454,14.8454,14.8459,14.8462,14.8463,14.847,14.8475,14.8473,14.8479,14.8479,14.8476,14.8492,14.8493,14.8495,14.8492,14.8492,14.8517,14.852,14.8522,14.8522,14.8512,14.8507,14.8503,14.8508,14.8503,14.8507,14.8511,14.8511,14.8504,14.8513,14.8513,14.8506,14.8506,14.8501,14.8507,14.8496,14.8499,14.8493,14.8497,14.8494,14.8494,14.8491,14.8507,14.8507,14.8504,14.8504,14.8497,14.8486,14.848,14.848,
Sun Apr 19 2020 07:47:59 GMT-0400 (Eastern Daylight Time)
14.8485,14.8453,14.8437,14.8437,14.844,14.8442,14.8452,14.8455,14.8455,14.8452,14.8447,14.8436,14.8442,14.844,14.8443,14.8448,14.8448,14.8453,14.8459,14.8459,14.8456,14.8446,14.8431,14.8431,14.843,14.8441,14.8421,14.8418,14.8418,14.8412,14.8425,14.8418,14.8418,14.8421,14.8419,14.842,14.8417,14.8408,14.8412,14.8409,14.8409,14.8409,14.8401,14.84,14.84,14.84,14.8408,14.8405,14.8403,14.8396,14.8393,14.8387,14.8379,14.839,14.8392,14.8396,14.8396,14.8396,14.8396,14.8399,
Sun Apr 19 2020 07:49:00 GMT-0400 (Eastern Daylight Time)
14.8399,14.839,14.839,14.8396,14.8396,14.8395,14.8395,14.8386,14.8386,14.8395,14.8398,14.84,14.8405,14.8395,14.8383,14.8383,14.8378,14.8378,14.8387,14.8401,14.8406,14.8401,14.8398,14.8398,14.838,14.8386,14.839,14.8387,14.8382,14.8382,14.8393,14.8393,14.8393,14.8396,14.8385,14.8379,14.8379,14.8382,14.8386,14.8395,14.8398,14.8398,14.8391,14.8401,14.8397,14.8397,14.8396,14.8396,14.8396,14.8393,14.8388,14.8388,14.8396,14.8402,14.8413,14.8416,14.8414,14.8412,14.841,14.8413,
Sun Apr 19 2020 07:49:59 GMT-0400 (Eastern Daylight Time)
14.8416,14.8416,14.8418,14.8418,14.8418,14.8412,14.8405,14.8405,14.8398,14.8398,14.8389,14.8389,14.8367,14.837,14.8364,14.8364,14.8355,14.836,14.8366,14.8366,14.8363,14.8363,14.836,14.836,14.8356,14.8376,14.8389,14.8393,14.8393,14.8396,14.8391,14.8394,14.8399,14.8405,14.8416,14.8411,14.8407,14.8407,14.8399,14.8395,14.8398,14.8396,14.8396,14.8396,14.84,14.8395,14.839,14.839,14.8379,14.8387,14.8394,14.8391,14.8397,14.8395,14.8386,14.8383,14.8389,14.8389,14.8391,14.8388,
Sun Apr 19 2020 07:50:59 GMT-0400 (Eastern Daylight Time)
14.8391,14.8394,14.8398,14.8398,14.8397,14.8397,14.8397,14.8399,14.8409,14.8413,14.8417,14.8417,14.8408,14.841,14.8412,14.8416,14.8416,14.8416,14.8408,14.8404,14.8401,14.8401,14.8408,14.8408,14.8403,14.8403,14.84,14.8396,14.8396,14.8387,14.8384,14.8387,14.8388,14.8386,14.8382,14.8387,14.8387,14.8383,14.8386,14.84,14.84,14.8407,14.8407,14.842,14.8429,14.8426,14.8423,14.8427,14.8427,14.8426,14.8418,14.8421,14.8424,14.8424,14.8423,14.8423,14.8423,14.8423,14.8423,14.8426,
Sun Apr 19 2020 07:52:00 GMT-0400 (Eastern Daylight Time)
14.8424,14.8424,14.8426,14.8426,14.8443,14.8443,14.8447,14.8447,14.8442,14.8446,14.8455,14.8464,14.8461,14.8467,14.8467,14.8467,14.8465,14.8465,14.8487,14.8491,14.8488,14.8487,14.8482,14.8479,14.8479,14.8479,14.8487,14.8474,14.8472,14.8484,14.8484,14.8498,14.8495,14.8497,14.8501,14.8505,14.8475,14.847,14.8462,14.844,14.8442,14.8447,14.8447,14.8442,14.8444,14.8444,14.8449,14.8449,14.8445,14.8442,14.8442,14.8457,14.8453,14.8447,14.8447,14.846,14.846,14.8457,14.8465,14.8469,
Sun Apr 19 2020 07:53:00 GMT-0400 (Eastern Daylight Time)
14.8469,14.8469,14.8466,14.8471,14.8485,14.8485,14.848,14.8495,14.8488,14.851,14.851,14.8513,14.8516,14.8513,14.8524,14.852,14.8519,14.8515,14.8515,14.8507,14.8503,14.8503,14.8503,14.8501,14.8499,14.8508,14.8513,14.851,14.8508,14.8515,14.8519,14.8519,14.8522,14.8522,14.8528,14.8528,14.8524,14.8521,14.8521,14.8521,14.8524,14.8524,14.8526,14.8521,14.8521,14.8514,14.8524,14.852,14.852,14.8524,14.8529,14.8529,14.8529,14.8527,14.8527,14.853,14.8527,14.8525,14.8508,14.8504,
Sun Apr 19 2020 07:53:59 GMT-0400 (Eastern Daylight Time)
14.8504,14.8504,14.85,14.8502,14.8502,14.8502,14.8502,14.8503,14.8512,14.8512,14.8512,14.8513,14.8507,14.8501,14.8501,14.8501,14.8508,14.8511,14.8502,14.8499,14.8504,14.8509,14.8503,14.8503,14.8506,14.8511,14.8514,14.8514,14.8514,14.851,14.851,14.8513,14.8504,14.8504,14.8499,14.8493,14.8493,14.8493,14.8474,14.8475,14.8473,14.848,14.8484,14.8477,14.849,14.848,14.8509,14.8504,14.8505,14.8508,14.8511,14.8518,14.8515,14.8515,14.8527,14.8516,14.8509,14.8506,14.8496,14.8496,
Sun Apr 19 2020 07:54:59 GMT-0400 (Eastern Daylight Time)
14.8499,14.8499,14.8498,14.8498,14.8502,14.8502,14.8502,14.8514,14.8534,14.8537,14.8537,14.8537,14.8525,14.8525,14.8525,14.8521,14.8518,14.8518,14.85,14.8504,14.8501,14.8497,14.8494,14.8494,14.8494,14.8492,14.8496,14.8489,14.8482,14.8496,14.8499,14.8502,14.8497,14.8496,14.8494,14.8497,14.8502,14.8505,14.8498,14.8495,14.8495,14.8495,14.8495,14.8488,14.8488,14.8486,14.8483,14.8495,14.8502,14.8499,14.8495,14.8487,14.8467,14.8467,14.8469,14.8475,14.8475,14.8465,14.8465,14.8462,
Sun Apr 19 2020 07:56:00 GMT-0400 (Eastern Daylight Time)
14.8456,14.8447,14.845,14.845,14.845,14.8427,14.8425,14.8432,14.8428,14.8428,14.8419,14.8419,14.8416,14.8418,14.8415,14.841,14.8413,14.8416,14.8416,14.8416,14.8419,14.8415,14.8415,14.842,14.8405,14.8408,14.8415,14.8415,14.8415,14.8418,14.8415,14.8405,14.8405,14.8405,14.8405,14.8416,14.8417,14.8417,14.8414,14.8422,14.8419,14.8416,14.8416,14.8409,14.8403,14.8401,14.8404,14.8417,14.8417,14.8412,14.8412,14.8414,14.8419,14.8416,14.8424,14.8431,14.8431,14.8444,14.8441,14.8423,
Sun Apr 19 2020 07:56:59 GMT-0400 (Eastern Daylight Time)
14.8414,14.841,14.8404,14.8408,14.8408,14.8408,14.8417,14.8414,14.8414,14.8413,14.8408,14.842,14.8408,14.8406,14.8406,14.8401,14.8407,14.8391,14.8382,14.8375,14.837,14.8366,14.8363,14.838,14.838,14.8388,14.8388,14.8391,14.8388,14.8379,14.8386,14.8383,14.8378,14.8378,14.8375,14.8384,14.8381,14.8378,14.8374,14.8351,14.8351,14.8353,14.8355,14.835,14.8346,14.8346,14.8347,14.8351,14.8355,14.8362,14.8356,14.835,14.8357,14.8357,14.8348,14.8351,14.8343,14.834,14.834,14.834,
Sun Apr 19 2020 07:58:00 GMT-0400 (Eastern Daylight Time)
14.834,14.8343,14.8348,14.8348,14.8348,14.8348,14.8337,14.8341,14.8341,14.8344,14.8344,14.8328,14.8319,14.8314,14.8314,14.832,14.8317,14.8325,14.8325,14.8321,14.8317,14.8316,14.8306,14.8306,14.8306,14.8291,14.8287,14.8282,14.8282,14.8288,14.8283,14.8312,14.8312,14.8315,14.8315,14.8325,14.8319,14.8312,14.8312,14.8317,14.8317,14.8328,14.8325,14.8319,14.8328,14.8322,14.8324,14.8333,14.8328,14.8326,14.8326,14.833,14.8337,14.834,14.8348,14.834,14.836,14.836,14.8356,14.8361,
Sun Apr 19 2020 07:59:01 GMT-0400 (Eastern Daylight Time)
14.8354,14.8351,14.8351,14.8355,14.8359,14.8338,14.8328,14.8309,14.8309,14.8312,14.8307,14.8299,14.8307,14.8312,14.8318,14.8327,14.8322,14.8322,14.8327,14.8327,14.8347,14.8354,14.8354,14.8354,14.8351,14.836,14.8362,14.8364,14.8358,14.8358,14.8358,14.8348,14.8327,14.8328,14.8332,14.8337,14.8337,14.8337,14.8337,14.834,14.8338,14.8342,14.8342,14.8345,14.8341,14.831,14.8324,14.8324,14.8331,14.8335,14.8345,14.8347,14.8371,14.8368,14.8368,14.8328,14.832,14.832,14.8317,14.8326,
Sun Apr 19 2020 07:59:59 GMT-0400 (Eastern Daylight Time)
14.8326,14.8326,14.8326,14.8321,14.8321,14.8321,14.8321,14.8305,14.8307,14.831,14.8306,14.8308,14.8308,14.8308,14.8301,14.8293,14.8295,14.8299,14.8299,14.8299,14.8293,14.8293,14.8293,14.8296,14.8287,14.8292,14.8292,14.8287,14.8298,14.8296,14.83,14.8298,14.8298,14.8296,14.8299,14.8306,14.83,14.8297,14.8303,14.8308,14.8303,14.8303,14.8299,14.8298,14.8295,14.8295,14.8281,14.8277,14.8272,14.8272,14.8272,14.8262,14.8272,14.8273,14.8273,14.8273,14.8256,14.8272,14.8272,14.8272,
Sun Apr 19 2020 08:02:00 GMT-0400 (Eastern Daylight Time)
14.8274,14.8414,14.8409,14.8409,14.8409,14.8409,14.8409,14.8411,14.8425,14.8425,14.8428,14.8435,14.8432,14.8432,14.8429,14.8438,14.8429,14.8423,14.8421,14.8417,14.8414,14.8414,14.8414,14.8412,14.8414,14.8419,14.8421,14.8421,14.8422,14.8394,14.8394,14.8394,14.8394,14.8404,14.8404,14.8404,14.8406,14.8408,14.841,14.8406,14.8401,14.8405,14.8399,14.8383,14.8393,14.8393,14.8397,14.8386,14.8391,14.8391,14.8391,14.8398,14.8402,14.8398,14.8405,14.8411,14.8419,14.8408,14.8412,14.8403,
Sun Apr 19 2020 08:02:59 GMT-0400 (Eastern Daylight Time)
14.8396,14.8396,14.8396,14.8388,14.8388,14.8388,14.8388,14.8388,14.8399,14.8399,14.8402,14.8399,14.8399,14.8403,14.84,14.84,14.8407,14.8405,14.8401,14.8401,14.8394,14.8398,14.84,14.84,14.8393,14.8389,14.8387,14.8387,14.8389,14.8384,14.8389,14.8406,14.8408,14.8411,14.8405,14.8405,14.8405,14.8397,14.8393,14.8394,14.8401,14.8403,14.8396,14.8391,14.839,14.8387,14.8387,14.8377,14.8383,14.8383,14.8386,14.8376,14.8367,14.8363,14.8368,14.8372,14.8381,14.8381,14.8381,14.8379,
Sun Apr 19 2020 08:03:59 GMT-0400 (Eastern Daylight Time)
14.838,14.8372,14.8368,14.8368,14.8368,14.8375,14.8375,14.8382,14.8403,14.8378,14.8378,14.8378,14.8378,14.8372,14.8383,14.8384,14.8384,14.839,14.841,14.8408,14.8404,14.8401,14.8406,14.8406,14.8391,14.8388,14.8383,14.8394,14.8394,14.839,14.8393,14.8391,14.8394,14.8394,14.8387,14.8392,14.8384,14.8369,14.8367,14.8371,14.8368,14.8367,14.8367,14.8367,14.8387,14.8403,14.8399,14.8397,14.8391,14.8388,14.8391,14.8388,14.8387,14.8382,14.838,14.8372,14.8372,14.8377,14.8377,14.8373,
Sun Apr 19 2020 08:04:59 GMT-0400 (Eastern Daylight Time)
14.8386,14.8384,14.8377,14.8383,14.8386,14.839,14.839,14.8384,14.839,14.8379,14.8375,14.8375,14.8375,14.8377,14.8379,14.8383,14.8392,14.8385,14.8385,14.8388,14.8391,14.84,14.8403,14.8415,14.8419,14.8441,14.8444,14.8444,14.8444,14.8442,14.8442,14.8442,14.8445,14.8448,14.8448,14.8445,14.8451,14.8451,14.8454,14.8454,14.8455,14.8457,14.8457,14.846,14.8453,14.8456,14.8452,14.8444,14.8433,14.8436,14.8441,14.8445,14.8441,14.8443,14.8443,14.8435,14.8432,14.8426,14.8439,14.8452,
Sun Apr 19 2020 08:05:59 GMT-0400 (Eastern Daylight Time)
14.8449,14.8442,14.8442,14.8442,14.8447,14.8443,14.8443,14.8443,14.844,14.8433,14.8442,14.845,14.845,14.845,14.8454,14.8451,14.8451,14.8445,14.8447,14.8447,14.8434,14.8429,14.8423,14.8418,14.8418,14.8418,14.8405,14.8408,14.8408,14.841,14.8417,14.8414,14.8414,14.8417,14.8413,14.8405,14.8405,14.8407,14.841,14.8412,14.8414,14.8406,14.8383,14.838,14.8361,14.8361,14.8372,14.8375,14.8371,14.8358,14.8358,14.837,14.8368,14.8369,14.8365,14.8365,14.8362,14.8363,14.8369,14.8366,
Sun Apr 19 2020 08:06:59 GMT-0400 (Eastern Daylight Time)
14.8366,14.8363,14.8363,14.8363,14.8373,14.8364,14.8368,14.8368,14.8368,14.8369,14.8379,14.8376,14.8369,14.8372,14.8372,14.8372,14.8372,14.8375,14.8378,14.8372,14.8372,14.8361,14.8355,14.8358,14.8355,14.837,14.8372,14.837,14.837,14.8363,14.8363,14.8359,14.8352,14.8352,14.8363,14.8385,14.8382,14.8383,14.8381,14.8352,14.8352,14.8359,14.8361,14.8366,14.8369,14.8377,14.8377,14.8373,14.8373,14.8373,14.8364,14.8362,14.8362,14.8363,14.8364,14.8364,14.837,14.8367,14.8369,14.8366,
Sun Apr 19 2020 08:07:59 GMT-0400 (Eastern Daylight Time)
14.8356,14.8364,14.8364,14.8358,14.8358,14.8364,14.8364,14.8363,14.8363,14.8386,14.8386,14.8386,14.8384,14.8389,14.8389,14.8396,14.8396,14.8396,14.84,14.839,14.839,14.8371,14.8371,14.8371,14.8365,14.8368,14.8368,14.8368,14.8368,14.8376,14.8379,14.8372,14.8372,14.8376,14.8389,14.8385,14.8382,14.8371,14.8368,14.8366,14.8366,14.8358,14.8354,14.8358,14.8354,14.8346,14.8352,14.8339,14.8339,14.8343,14.834,14.8336,14.8342,14.8356,14.8359,14.8363,14.835,14.8357,14.8359,14.8359,
Sun Apr 19 2020 08:08:59 GMT-0400 (Eastern Daylight Time)
14.8353,14.8352,14.835,14.8343,14.8343,14.8349,14.8336,14.8342,14.8345,14.8341,14.8341,14.8334,14.8326,14.8317,14.8317,14.8317,14.8322,14.8317,14.8283,14.8283,14.8286,14.8292,14.8321,14.8314,14.8314,14.8329,14.8329,14.8333,14.8335,14.8341,14.8341,14.8341,14.8336,14.8337,14.834,14.8337,14.834,14.834,14.834,14.8349,14.8347,14.8358,14.8363,14.8363,14.8363,14.8358,14.8363,14.8363,14.836,14.8355,14.8364,14.8361,14.836,14.836,14.8357,14.8354,14.8351,14.8354,14.8354,14.8354,
Sun Apr 19 2020 08:09:59 GMT-0400 (Eastern Daylight Time)
14.8354,14.8357,14.8357,14.8357,14.8346,14.8346,14.8363,14.8365,14.8348,14.8343,14.8343,14.8341,14.8342,14.8345,14.8344,14.8351,14.8355,14.835,14.8339,14.8346,14.8346,14.8328,14.8334,14.8334,14.8332,14.8332,14.8338,14.8338,14.8342,14.8342,14.8342,14.8341,14.8339,14.833,14.8333,14.8331,14.834,14.8348,14.8352,14.8349,14.8346,14.8349,14.8346,14.8342,14.834,14.834,14.8343,14.8352,14.8348,14.8352,14.8354,14.8351,14.8348,14.8357,14.8354,14.8354,14.8351,14.8335,14.8333,14.8315,
Sun Apr 19 2020 08:10:59 GMT-0400 (Eastern Daylight Time)
14.8313,14.8317,14.8317,14.8317,14.8333,14.8326,14.8317,14.8313,14.8308,14.8314,14.8317,14.8317,14.8317,14.8318,14.8321,14.8318,14.8325,14.8319,14.8319,14.8319,14.8309,14.8308,14.8311,14.8307,14.8307,14.831,14.8307,14.8304,14.8301,14.8311,14.8308,14.8317,14.8314,14.8309,14.8306,14.8298,14.8301,14.8301,14.8298,14.8279,14.8279,14.8288,14.829,14.8294,14.8294,14.8291,14.8287,14.8284,14.829,14.8292,14.828,14.8304,14.8304,14.8307,14.8313,14.8303,14.8297,14.8297,14.8299,14.8299,
Sun Apr 19 2020 08:11:59 GMT-0400 (Eastern Daylight Time)
14.8302,14.8302,14.8302,14.8301,14.8301,14.8277,14.8277,14.8277,14.8277,14.828,14.8282,14.8289,14.8294,14.8302,14.8298,14.83,14.83,14.83,14.8304,14.8309,14.8312,14.8326,14.832,14.8336,14.8336,14.8339,14.8333,14.8339,14.8335,14.8335,14.8335,14.8346,14.8346,14.8338,14.8335,14.8339,14.8339,14.8352,14.8358,14.8361,14.8364,14.8372,14.8391,14.8388,14.8384,14.838,14.8388,14.8379,14.8375,14.8366,14.8351,14.8354,14.8354,14.8347,14.8345,14.8345,14.8359,14.836,14.836,14.8358,
Sun Apr 19 2020 08:13:00 GMT-0400 (Eastern Daylight Time)
14.8359,14.8359,14.836,14.836,14.8374,14.8376,14.8378,14.8375,14.8372,14.8368,14.8375,14.8385,14.8385,14.8382,14.8373,14.8371,14.8364,14.8366,14.8369,14.8365,14.8359,14.8359,14.8344,14.8325,14.8325,14.8329,14.833,14.8333,14.8331,14.8329,14.8339,14.8324,14.8317,14.8317,14.8311,14.8316,14.8313,14.8319,14.8313,14.8298,14.8304,14.8301,14.8304,14.8301,14.8299,14.8308,14.8296,14.8299,14.8299,14.8299,14.8302,14.8304,14.8304,14.8307,14.8307,14.831,14.8315,14.8319,14.8317,14.8314,
Sun Apr 19 2020 08:14:00 GMT-0400 (Eastern Daylight Time)
14.8319,14.8319,14.8313,14.8316,14.8309,14.8309,14.8322,14.8329,14.8329,14.8329,14.8311,14.8287,14.8287,14.8286,14.8281,14.8278,14.8283,14.8274,14.8276,14.8275,14.8275,14.8281,14.8284,14.8277,14.8277,14.8277,14.8274,14.8277,14.8284,14.828,14.8295,14.8284,14.828,14.8284,14.829,14.8294,14.8298,14.8296,14.8304,14.8301,14.8304,14.8298,14.8291,14.8293,14.8299,14.829,14.8281,14.8281,14.8285,14.8285,14.8276,14.827,14.8273,14.8273,14.8268,14.8261,14.8261,14.8261,14.8262,14.8262,
Sun Apr 19 2020 08:14:59 GMT-0400 (Eastern Daylight Time)
14.8266,14.8268,14.8268,14.8271,14.8271,14.8271,14.8266,14.8265,14.8265,14.8269,14.8269,14.8278,14.8279,14.828,14.8306,14.8306,14.8306,14.8306,14.8306,14.8315,14.8315,14.8311,14.8307,14.8307,14.8294,14.8294,14.8291,14.8319,14.8334,14.8339,14.8339,14.8339,14.8339,14.835,14.8339,14.8335,14.8332,14.8327,14.8321,14.8298,14.8305,14.8302,14.8302,14.8302,14.8302,14.8306,14.8303,14.8292,14.8292,14.8299,14.8301,14.8296,14.8303,14.8303,14.8296,14.8278,14.8281,14.8281,14.8317,14.8317,
Sun Apr 19 2020 08:15:59 GMT-0400 (Eastern Daylight Time)
14.8321,14.8324,14.8313,14.8318,14.8318,14.8326,14.8322,14.8339,14.8332,14.8332,14.8325,14.8325,14.8321,14.8319,14.8348,14.8337,14.8343,14.8343,14.8346,14.8344,14.8341,14.8336,14.8345,14.8349,14.8347,14.835,14.835,14.8355,14.8355,14.8351,14.8345,14.8345,14.8349,14.8349,14.835,14.835,14.8356,14.8362,14.8359,14.8359,14.8362,14.8357,14.8366,14.8355,14.8351,14.8356,14.8353,14.8353,14.8356,14.8379,14.8377,14.838,14.8384,14.8387,14.8384,14.84,14.8404,14.8404,14.8401,14.8405,
Sun Apr 19 2020 08:17:00 GMT-0400 (Eastern Daylight Time)
14.8405,14.8419,14.8414,14.8414,14.8414,14.8417,14.8403,14.8405,14.8405,14.8405,14.841,14.8414,14.8418,14.8418,14.8418,14.8412,14.8407,14.8407,14.8414,14.8416,14.8416,14.8415,14.8418,14.8412,14.841,14.841,14.8412,14.8412,14.8415,14.8418,14.8445,14.8437,14.8407,14.8403,14.8384,14.8389,14.8389,14.839,14.8382,14.8382,14.8382,14.8389,14.8389,14.8389,14.8394,14.8397,14.8401,14.8397,14.84,14.8385,14.838,14.837,14.837,14.8375,14.8379,14.8379,14.8376,14.8376,14.8379,14.8379,
Sun Apr 19 2020 08:17:59 GMT-0400 (Eastern Daylight Time)
14.8379,14.8379,14.8379,14.8379,14.8383,14.8383,14.8384,14.8384,14.8378,14.8378,14.8371,14.8371,14.8385,14.8385,14.8393,14.8383,14.8386,14.8386,14.8384,14.8395,14.839,14.8384,14.8383,14.8379,14.8399,14.839,14.8388,14.8393,14.8387,14.8387,14.8383,14.8394,14.8397,14.8406,14.8406,14.8418,14.8432,14.8428,14.8424,14.8427,14.8434,14.8441,14.8437,14.8432,14.8428,14.8428,14.8431,14.8425,14.8424,14.8426,14.8421,14.8416,14.8416,14.8412,14.8417,14.8417,14.8423,14.8423,14.8407,14.8402,
Sun Apr 19 2020 08:18:59 GMT-0400 (Eastern Daylight Time)
14.8397,14.8379,14.8404,14.8404,14.8403,14.8403,14.8409,14.8412,14.8414,14.8435,14.8438,14.8445,14.8445,14.8448,14.8443,14.8438,14.8439,14.8446,14.8435,14.8432,14.8429,14.8418,14.8418,14.8415,14.8415,14.8401,14.8401,14.8404,14.8411,14.8406,14.8403,14.84,14.8395,14.8391,14.8419,14.8393,14.8374,14.8371,14.8373,14.8375,14.8375,14.8375,14.8379,14.8374,14.8377,14.8377,14.8377,14.8375,14.8378,14.8382,14.8359,14.8362,14.8359,14.8364,14.837,14.8395,14.8408,14.8408,14.8392,14.839,
Sun Apr 19 2020 08:20:00 GMT-0400 (Eastern Daylight Time)
14.839,14.8385,14.8392,14.8392,14.8395,14.8395,14.8392,14.8402,14.8399,14.84,14.84,14.8392,14.8399,14.8406,14.8409,14.8409,14.8414,14.8397,14.8415,14.841,14.841,14.8407,14.841,14.8413,14.8419,14.8424,14.8424,14.8422,14.8422,14.8425,14.8431,14.8427,14.8425,14.8427,14.843,14.8435,14.8411,14.8416,14.8418,14.8406,14.8404,14.8404,14.8404,14.8406,14.8403,14.8406,14.8394,14.8394,14.8397,14.8391,14.8384,14.8365,14.8362,14.8356,14.8356,14.8352,14.8362,14.8368,14.8364,14.8346,
Sun Apr 19 2020 08:21:00 GMT-0400 (Eastern Daylight Time)
14.8343,14.834,14.834,14.834,14.8325,14.832,14.832,14.8326,14.8328,14.8328,14.8332,14.8339,14.8344,14.8348,14.8348,14.834,14.8334,14.8326,14.8323,14.8325,14.8331,14.8331,14.8327,14.8331,14.8327,14.8327,14.8335,14.8342,14.8335,14.834,14.834,14.8344,14.8341,14.8341,14.8337,14.8342,14.8342,14.8342,14.834,14.8337,14.8339,14.8342,14.8339,14.8348,14.8345,14.8345,14.8348,14.8349,14.8342,14.8339,14.8339,14.8353,14.8347,14.8347,14.834,14.833,14.833,14.8336,14.8333,14.833,
Sun Apr 19 2020 08:22:00 GMT-0400 (Eastern Daylight Time)
14.8305,14.8308,14.832,14.832,14.8331,14.8331,14.8329,14.8332,14.8332,14.8332,14.8352,14.8352,14.8354,14.8352,14.8352,14.8346,14.8353,14.8343,14.8341,14.8346,14.836,14.8354,14.8351,14.8357,14.835,14.8347,14.8344,14.836,14.8351,14.8354,14.835,14.835,14.8347,14.8343,14.8347,14.8353,14.8366,14.8366,14.8369,14.8375,14.8375,14.8378,14.8374,14.8374,14.8381,14.8362,14.8362,14.8361,14.8361,14.8366,14.8368,14.8397,14.8397,14.8397,14.8397,14.8386,14.8386,14.838,14.8377,14.837,
Sun Apr 19 2020 08:22:59 GMT-0400 (Eastern Daylight Time)
14.838,14.838,14.8376,14.838,14.838,14.8386,14.839,14.8394,14.8388,14.8388,14.8388,14.8388,14.8391,14.8397,14.8375,14.8375,14.8375,14.8375,14.837,14.8376,14.8373,14.8381,14.8374,14.8377,14.8371,14.8379,14.8379,14.8379,14.8388,14.8391,14.8394,14.8394,14.8399,14.8403,14.8406,14.8392,14.8396,14.8392,14.8397,14.8409,14.8403,14.8403,14.8403,14.8396,14.8395,14.8398,14.8382,14.8375,14.8388,14.837,14.8373,14.8372,14.8369,14.8373,14.8373,14.8373,14.8373,14.837,14.837,14.8371,
Sun Apr 19 2020 08:24:00 GMT-0400 (Eastern Daylight Time)
14.8364,14.8364,14.8371,14.8376,14.8379,14.8365,14.8361,14.8365,14.8365,14.8359,14.8359,14.8333,14.8328,14.8324,14.8321,14.8314,14.832,14.8313,14.8322,14.8325,14.8316,14.8311,14.8315,14.8309,14.8314,14.8318,14.8322,14.8338,14.8323,14.8323,14.8317,14.8317,14.8314,14.8323,14.8316,14.8312,14.8312,14.8312,14.8316,14.8316,14.8316,14.8318,14.8318,14.8313,14.8309,14.8311,14.8311,14.8313,14.831,14.8307,14.8307,14.8304,14.8308,14.83,14.83,14.8282,14.8282,14.8276,14.8276,14.8271,
Sun Apr 19 2020 08:24:59 GMT-0400 (Eastern Daylight Time)
14.8268,14.8273,14.8273,14.8263,14.8246,14.8246,14.8246,14.8254,14.8251,14.8248,14.8243,14.825,14.8253,14.8254,14.8261,14.8263,14.8263,14.8272,14.8271,14.8272,14.8268,14.8271,14.8267,14.8264,14.8259,14.8253,14.8253,14.8255,14.8252,14.8255,14.8258,14.8251,14.8251,14.8249,14.8244,14.8245,14.8233,14.8239,14.8234,14.8224,14.8224,14.8221,14.8213,14.8213,14.8204,14.8212,14.822,14.822,14.8218,14.8218,14.822,14.8213,14.8216,14.8214,14.8214,14.8231,14.8236,14.8231,14.8231,14.8235,
Sun Apr 19 2020 08:26:00 GMT-0400 (Eastern Daylight Time)
14.8242,14.8238,14.8238,14.8238,14.8238,14.8238,14.8237,14.8234,14.823,14.8227,14.8223,14.8223,14.8223,14.8223,14.822,14.8221,14.8218,14.8222,14.8225,14.8227,14.8227,14.8221,14.8215,14.8209,14.8208,14.8208,14.82,14.8194,14.8194,14.8191,14.8194,14.8191,14.8194,14.8194,14.819,14.8182,14.8179,14.8179,14.8176,14.8173,14.817,14.8172,14.8169,14.8166,14.8166,14.8169,14.816,14.8166,14.8169,14.8166,14.8166,14.8159,14.8157,14.8166,14.8166,14.8163,14.8171,14.8169,14.8164,14.8164,
Sun Apr 19 2020 08:26:59 GMT-0400 (Eastern Daylight Time)
14.8161,14.8166,14.8166,14.8169,14.8172,14.8177,14.818,14.8177,14.8182,14.8188,14.8197,14.8201,14.8201,14.8201,14.8205,14.8202,14.8214,14.822,14.8196,14.8196,14.8196,14.819,14.8182,14.8179,14.8179,14.8179,14.8185,14.8181,14.8181,14.8187,14.8181,14.8172,14.8177,14.817,14.8166,14.8166,14.8162,14.8162,14.816,14.816,14.8164,14.8164,14.8164,14.8164,14.8164,14.8161,14.8167,14.8167,14.8165,14.8165,14.8165,14.8165,14.8182,14.8183,14.8184,14.8187,14.8183,14.818,14.8175,14.8175,
Sun Apr 19 2020 08:28:00 GMT-0400 (Eastern Daylight Time)
14.8179,14.8183,14.8183,14.8179,14.8179,14.8176,14.8173,14.8168,14.8168,14.8171,14.8171,14.8171,14.8171,14.8167,14.8163,14.8163,14.8163,14.8163,14.8168,14.8168,14.8168,14.8149,14.8149,14.8149,14.8146,14.8144,14.8138,14.8142,14.8134,14.8134,14.8134,14.8132,14.8131,14.8128,14.8125,14.8097,14.8104,14.8102,14.8105,14.8105,14.8087,14.8092,14.8092,14.8092,14.8061,14.8061,14.8061,14.8069,14.8065,14.8065,14.8082,14.8079,14.8079,14.8081,14.8079,14.8077,14.8083,14.8083,14.809,14.809,
Sun Apr 19 2020 08:29:00 GMT-0400 (Eastern Daylight Time)
14.8101,14.8107,14.8089,14.8089,14.8095,14.8095,14.8095,14.8098,14.8106,14.8106,14.8106,14.8106,14.8123,14.8123,14.8128,14.8134,14.8134,14.8131,14.8128,14.8143,14.8153,14.815,14.815,14.8144,14.8143,14.8141,14.8138,14.8161,14.8156,14.8151,14.8137,14.8165,14.8153,14.816,14.816,14.8163,14.8157,14.8148,14.8142,14.8147,14.8142,14.8134,14.8138,14.8138,14.8138,14.8148,14.8148,14.8148,14.8148,14.8148,14.8151,14.8151,14.8161,14.8161,14.8161,14.8161,14.8168,14.8175,14.8175,14.8175,
Sun Apr 19 2020 08:31:00 GMT-0400 (Eastern Daylight Time)
14.8174,14.8097,14.8172,14.8097,14.8172,14.8172,14.81,14.81,14.8102,14.8088,14.8086,14.8085,14.8081,14.8079,14.8079,14.8076,14.8082,14.8089,14.8091,14.8096,14.8107,14.8118,14.8126,14.8126,14.8126,14.8126,14.8135,14.8144,14.8146,14.8146,14.8146,14.8141,14.8144,14.814,14.8138,14.8138,14.8142,14.8139,14.8133,14.8133,14.8126,14.8126,14.8126,14.8117,14.8117,14.8107,14.8107,14.8101,14.8098,14.8098,14.8098,14.8098,14.8095,14.8096,14.8096,14.8096,14.8096,14.8096,14.8095,14.8091,
Sun Apr 19 2020 08:31:59 GMT-0400 (Eastern Daylight Time)
14.8088,14.809,14.809,14.8084,14.8084,14.8079,14.8078,14.8078,14.8084,14.8084,14.8084,14.8085,14.8091,14.8086,14.8101,14.8106,14.8106,14.8113,14.8131,14.8131,14.8128,14.8134,14.8141,14.8141,14.8137,14.8147,14.8147,14.8147,14.8147,14.8155,14.8155,14.8155,14.8155,14.8155,14.8155,14.8139,14.8133,14.8129,14.8142,14.8142,14.8142,14.8139,14.815,14.8145,14.8158,14.8164,14.8155,14.8161,14.8161,14.8163,14.8171,14.8168,14.8167,14.8165,14.8162,14.8162,14.8162,14.8151,14.8154,14.8154,
Sun Apr 19 2020 08:32:59 GMT-0400 (Eastern Daylight Time)
14.8158,14.8155,14.8158,14.8158,14.8161,14.8163,14.8156,14.8153,14.8164,14.8156,14.8159,14.8159,14.816,14.8159,14.8162,14.8171,14.8173,14.8177,14.8173,14.8167,14.8179,14.8179,14.8184,14.8193,14.8189,14.8188,14.8188,14.8192,14.8201,14.8198,14.8197,14.8225,14.8238,14.8238,14.8234,14.8238,14.8251,14.8248,14.8251,14.8244,14.8245,14.8246,14.8243,14.8243,14.8248,14.825,14.8231,14.8234,14.8207,14.821,14.8207,14.8207,14.82,14.8198,14.8198,14.8198,14.82,14.8192,14.8195,14.8195,
Sun Apr 19 2020 08:33:59 GMT-0400 (Eastern Daylight Time)
14.8148,14.8163,14.8163,14.8195,14.8195,14.8199,14.8197,14.82,14.82,14.8198,14.8201,14.8201,14.8196,14.8199,14.8193,14.8196,14.8196,14.818,14.8179,14.8177,14.8172,14.817,14.8167,14.8163,14.8166,14.8174,14.8174,14.8175,14.8169,14.817,14.816,14.8171,14.8173,14.8187,14.8192,14.8192,14.8196,14.8203,14.8203,14.8203,14.8203,14.8199,14.8204,14.8207,14.8207,14.8213,14.8218,14.8218,14.8218,14.8214,14.8223,14.8219,14.8228,14.8221,14.8229,14.8234,14.8234,14.8234,14.8235,14.8235,
Sun Apr 19 2020 08:34:59 GMT-0400 (Eastern Daylight Time)
14.8235,14.8235,14.8237,14.8237,14.8238,14.8239,14.8239,14.8239,14.8239,14.8243,14.8243,14.8234,14.8233,14.8216,14.8207,14.8201,14.8206,14.8196,14.8196,14.8196,14.819,14.8184,14.8176,14.8176,14.8171,14.8165,14.8163,14.8166,14.8159,14.8146,14.8144,14.8144,14.8147,14.8153,14.8145,14.8145,14.8153,14.8162,14.8162,14.8169,14.8171,14.817,14.8166,14.8171,14.8167,14.8172,14.8172,14.8172,14.8169,14.8176,14.8171,14.8165,14.8171,14.8156,14.816,14.8153,14.8156,14.8163,14.8157,14.8159,
Sun Apr 19 2020 08:36:00 GMT-0400 (Eastern Daylight Time)
14.8157,14.8152,14.8152,14.8152,14.8165,14.816,14.8157,14.8157,14.8164,14.8162,14.8162,14.8156,14.8156,14.8143,14.8143,14.8146,14.815,14.8155,14.8155,14.8144,14.8144,14.8144,14.8151,14.8151,14.815,14.8155,14.8148,14.8161,14.8161,14.8165,14.8165,14.8169,14.8171,14.8174,14.8176,14.8171,14.8171,14.8167,14.8171,14.8166,14.8161,14.8161,14.8166,14.8172,14.8175,14.8175,14.8179,14.8174,14.8158,14.8152,14.8147,14.8147,14.8155,14.816,14.8163,14.8153,14.8171,14.8175,14.8177,14.8174,
Sun Apr 19 2020 08:37:00 GMT-0400 (Eastern Daylight Time)
14.8174,14.8145,14.8145,14.8145,14.8145,14.8145,14.8151,14.8151,14.8151,14.8155,14.8155,14.8156,14.8156,14.816,14.8156,14.8152,14.8152,14.8152,14.8149,14.8142,14.8142,14.8136,14.8138,14.8149,14.8146,14.8137,14.8137,14.8146,14.8149,14.8147,14.8149,14.8146,14.815,14.8161,14.8137,14.8134,14.8132,14.8131,14.8127,14.8127,14.8134,14.8145,14.8147,14.8149,14.816,14.8159,14.8156,14.8156,14.8151,14.8157,14.8154,14.8158,14.8153,14.8162,14.8154,14.8175,14.8175,14.8186,14.8181,14.8181,
Sun Apr 19 2020 08:37:59 GMT-0400 (Eastern Daylight Time)
14.8185,14.8182,14.8182,14.8188,14.8188,14.8185,14.8191,14.8195,14.8186,14.8186,14.8181,14.8181,14.8183,14.8176,14.8179,14.8179,14.8179,14.8179,14.816,14.8157,14.8166,14.8164,14.8164,14.8172,14.8169,14.8171,14.8163,14.8163,14.8163,14.8152,14.8154,14.8145,14.8148,14.8144,14.8145,14.8145,14.8147,14.8149,14.8139,14.8139,14.8133,14.8128,14.8135,14.8135,14.8135,14.8143,14.8141,14.8143,14.8138,14.8159,14.8159,14.8159,14.8159,14.8163,14.8167,14.8168,14.8148,14.8143,14.815,14.815,
Sun Apr 19 2020 08:39:00 GMT-0400 (Eastern Daylight Time)
14.8156,14.8153,14.8157,14.8151,14.8144,14.8143,14.8135,14.8129,14.8137,14.8143,14.8148,14.8148,14.8148,14.8154,14.8148,14.8154,14.8159,14.8143,14.814,14.8147,14.8147,14.8144,14.8143,14.8143,14.8131,14.8124,14.8127,14.8125,14.8131,14.8133,14.8135,14.8141,14.8141,14.8147,14.8156,14.8156,14.8154,14.8151,14.8153,14.8156,14.8153,14.8156,14.816,14.8146,14.8141,14.8149,14.8162,14.8157,14.8157,14.8148,14.8157,14.8163,14.8163,14.816,14.8169,14.8169,14.8164,14.8178,14.818,14.8186,
Sun Apr 19 2020 08:39:59 GMT-0400 (Eastern Daylight Time)
14.8189,14.8198,14.8207,14.8207,14.8207,14.8207,14.8203,14.8203,14.8199,14.8203,14.82,14.8208,14.8204,14.8204,14.8202,14.8199,14.8203,14.8203,14.8203,14.8197,14.8209,14.8209,14.8209,14.8209,14.8221,14.8226,14.8233,14.8235,14.8235,14.8231,14.8231,14.8227,14.8229,14.8235,14.8236,14.8236,14.8237,14.824,14.8234,14.8236,14.8233,14.824,14.8253,14.8253,14.8253,14.823,14.8256,14.8253,14.8249,14.8246,14.825,14.8248,14.8252,14.8252,14.8243,14.8243,14.8227,14.8227,14.8227,14.8229,
Sun Apr 19 2020 08:40:59 GMT-0400 (Eastern Daylight Time)
14.8229,14.8236,14.8236,14.8235,14.8235,14.8235,14.8238,14.8236,14.8236,14.8241,14.8243,14.8267,14.8267,14.8267,14.8281,14.8281,14.8271,14.8263,14.8267,14.827,14.8267,14.8263,14.8273,14.8277,14.8289,14.8293,14.8304,14.8304,14.8298,14.8295,14.8296,14.8291,14.8301,14.8298,14.8298,14.8298,14.8302,14.8313,14.8309,14.8311,14.8311,14.8312,14.831,14.831,14.8314,14.8303,14.8317,14.8313,14.8313,14.8294,14.8293,14.8289,14.8286,14.8286,14.83,14.8303,14.83,14.8303,14.8295,14.8295,
Sun Apr 19 2020 08:42:00 GMT-0400 (Eastern Daylight Time)
14.8291,14.828,14.8277,14.8284,14.8278,14.8269,14.8278,14.8278,14.8278,14.828,14.8284,14.8282,14.8282,14.8282,14.8285,14.8283,14.8275,14.827,14.8258,14.8266,14.827,14.8299,14.83,14.8315,14.8319,14.8325,14.8328,14.8326,14.8332,14.8322,14.8318,14.8321,14.8319,14.8317,14.8311,14.8315,14.8318,14.8311,14.8314,14.8318,14.832,14.8311,14.8317,14.8317,14.8314,14.8317,14.8322,14.8319,14.8315,14.8341,14.8331,14.832,14.8324,14.8321,14.8313,14.8314,14.8308,14.8308,14.8299,14.8304,
Sun Apr 19 2020 08:42:59 GMT-0400 (Eastern Daylight Time)
14.8304,14.8299,14.8302,14.8302,14.831,14.831,14.8324,14.8329,14.8329,14.8323,14.8325,14.8325,14.8325,14.8328,14.8325,14.8325,14.8325,14.8325,14.8325,14.8315,14.8319,14.8319,14.8308,14.8308,14.8308,14.8308,14.8306,14.8322,14.8332,14.8326,14.8312,14.8314,14.8342,14.8342,14.8324,14.8324,14.8321,14.8318,14.8324,14.8316,14.8314,14.8314,14.8314,14.8317,14.8332,14.833,14.8335,14.8346,14.8346,14.8346,14.8327,14.8323,14.8323,14.8326,14.8319,14.8323,14.833,14.8327,14.832,14.8315,
Sun Apr 19 2020 08:43:59 GMT-0400 (Eastern Daylight Time)
14.8315,14.8291,14.8291,14.8298,14.8298,14.8296,14.8287,14.8281,14.8279,14.8288,14.8291,14.83,14.83,14.8297,14.8297,14.8297,14.8294,14.829,14.8291,14.8291,14.8291,14.8291,14.8288,14.8291,14.8288,14.8294,14.8291,14.8283,14.8281,14.8287,14.8262,14.826,14.8252,14.8252,14.8242,14.8248,14.8248,14.824,14.8246,14.8252,14.8249,14.8249,14.8243,14.8254,14.8254,14.8248,14.8244,14.8244,14.824,14.824,14.8241,14.8241,14.8244,14.8247,14.8243,14.8243,14.824,14.8233,14.823,14.8234,
Sun Apr 19 2020 08:45:00 GMT-0400 (Eastern Daylight Time)
14.8217,14.8221,14.8232,14.8232,14.8224,14.8235,14.8241,14.823,14.823,14.8227,14.8242,14.8246,14.8246,14.8242,14.8242,14.8239,14.8239,14.8225,14.823,14.823,14.8223,14.8223,14.8214,14.821,14.8207,14.821,14.8211,14.8211,14.8208,14.8205,14.8214,14.8214,14.8214,14.8219,14.8228,14.8218,14.821,14.821,14.8219,14.8222,14.8228,14.8233,14.8233,14.8231,14.8233,14.823,14.8215,14.8215,14.8212,14.8204,14.8204,14.8195,14.8207,14.8207,14.8204,14.8225,14.8227,14.8223,14.822,14.8218,
Sun Apr 19 2020 08:46:00 GMT-0400 (Eastern Daylight Time)
14.8218,14.8218,14.8212,14.8212,14.8212,14.824,14.8238,14.8241,14.8241,14.8254,14.8251,14.8233,14.8233,14.8233,14.8202,14.8202,14.8206,14.8205,14.8199,14.8192,14.8192,14.8192,14.8192,14.82,14.8202,14.8194,14.8197,14.8189,14.8191,14.8196,14.8193,14.8202,14.8208,14.8212,14.8218,14.8211,14.8211,14.8209,14.8207,14.8207,14.8207,14.8203,14.8212,14.8208,14.821,14.8225,14.8218,14.8219,14.8224,14.8227,14.8233,14.8238,14.8236,14.8238,14.8241,14.8239,14.8241,14.8241,14.8241,14.8231,
Sun Apr 19 2020 08:47:00 GMT-0400 (Eastern Daylight Time)
14.8252,14.8249,14.8243,14.8241,14.8239,14.8232,14.8227,14.822,14.822,14.822,14.8231,14.8231,14.8231,14.8231,14.8231,14.8238,14.8235,14.8238,14.8238,14.8241,14.8246,14.825,14.8235,14.8238,14.8241,14.8241,14.8241,14.8258,14.8254,14.8258,14.8258,14.8226,14.8229,14.8236,14.8238,14.8237,14.8237,14.824,14.824,14.8236,14.8237,14.8234,14.8234,14.8238,14.8238,14.8254,14.8254,14.8258,14.8258,14.8256,14.8242,14.8224,14.8209,14.8209,14.8209,14.8222,14.8219,14.8223,14.822,14.8207,
Sun Apr 19 2020 08:48:00 GMT-0400 (Eastern Daylight Time)
14.8198,14.8198,14.8198,14.8198,14.8198,14.8213,14.8223,14.8223,14.8226,14.8232,14.8232,14.8232,14.8232,14.8232,14.8237,14.8234,14.8235,14.8238,14.824,14.8243,14.824,14.8244,14.8237,14.824,14.8243,14.8239,14.8236,14.8246,14.8243,14.8245,14.8237,14.824,14.8232,14.8232,14.8232,14.8235,14.8235,14.8235,14.8229,14.8229,14.8229,14.8233,14.823,14.8222,14.8223,14.8228,14.8224,14.8221,14.8221,14.8219,14.8219,14.8224,14.8221,14.8219,14.8216,14.8208,14.8222,14.8218,14.8216,14.8225,
Sun Apr 19 2020 08:49:00 GMT-0400 (Eastern Daylight Time)
14.8208,14.8211,14.8211,14.8216,14.8216,14.8216,14.8216,14.8212,14.8208,14.8208,14.8204,14.8206,14.8217,14.8215,14.8222,14.8225,14.8223,14.8225,14.8225,14.8222,14.8218,14.8216,14.8212,14.8212,14.8197,14.82,14.82,14.8183,14.8191,14.8191,14.8185,14.8185,14.8188,14.8188,14.8185,14.8181,14.8174,14.8169,14.8169,14.8171,14.8175,14.8175,14.8172,14.8169,14.8171,14.8173,14.8146,14.8145,14.8143,14.8147,14.8147,14.8156,14.8156,14.8153,14.815,14.8152,14.8152,14.8152,14.8152,14.8154,
Sun Apr 19 2020 08:50:00 GMT-0400 (Eastern Daylight Time)
14.8154,14.8154,14.8156,14.8161,14.8158,14.8155,14.8152,14.815,14.8159,14.8159,14.8165,14.8165,14.8165,14.8169,14.8169,14.8177,14.819,14.8195,14.8194,14.8198,14.8196,14.8203,14.8209,14.8202,14.8199,14.8201,14.8201,14.8196,14.8193,14.8193,14.8192,14.8189,14.82,14.8194,14.8189,14.8189,14.8186,14.8186,14.8182,14.8185,14.8182,14.8184,14.8184,14.8188,14.8191,14.8191,14.8194,14.8208,14.8208,14.8208,14.8216,14.8219,14.8219,14.8216,14.8216,14.8217,14.8217,14.8222,14.8226,14.8226,
Sun Apr 19 2020 08:51:00 GMT-0400 (Eastern Daylight Time)
14.8229,14.8229,14.8229,14.8229,14.8229,14.8229,14.8219,14.8219,14.8227,14.822,14.8215,14.8216,14.8216,14.8226,14.8224,14.8227,14.8237,14.8222,14.8222,14.8221,14.8225,14.8229,14.8226,14.8218,14.8221,14.8219,14.8222,14.8222,14.8214,14.8214,14.8214,14.8212,14.8209,14.8221,14.8227,14.8227,14.8227,14.8223,14.8218,14.8221,14.8224,14.8219,14.8222,14.8226,14.8222,14.8222,14.8231,14.823,14.8224,14.8217,14.8212,14.8211,14.8206,14.8203,14.8203,14.821,14.821,14.8214,14.8225,14.8228,
Sun Apr 19 2020 08:52:01 GMT-0400 (Eastern Daylight Time)
14.8225,14.8225,14.8225,14.8225,14.8225,14.8215,14.8212,14.8222,14.8222,14.822,14.822,14.822,14.8227,14.8225,14.8228,14.8236,14.8233,14.823,14.823,14.8237,14.8237,14.8242,14.8233,14.824,14.8237,14.8234,14.8229,14.8236,14.8249,14.8249,14.8244,14.8239,14.8245,14.8251,14.8251,14.8253,14.8257,14.8254,14.8258,14.8254,14.8248,14.8244,14.8244,14.8242,14.8229,14.8233,14.8231,14.8231,14.8242,14.8245,14.8247,14.8247,14.8276,14.8276,14.8276,14.8276,14.8277,14.8283,14.828,14.8274,
Sun Apr 19 2020 08:53:00 GMT-0400 (Eastern Daylight Time)
14.8272,14.8272,14.8272,14.8265,14.8271,14.8274,14.8273,14.8277,14.828,14.8279,14.8279,14.8281,14.8287,14.8283,14.8283,14.8283,14.8285,14.8285,14.8282,14.8282,14.8279,14.8282,14.8279,14.8279,14.8276,14.8266,14.8266,14.8269,14.8256,14.8247,14.824,14.824,14.8227,14.823,14.8239,14.8247,14.825,14.8249,14.8249,14.8251,14.8253,14.8253,14.825,14.825,14.826,14.8255,14.826,14.826,14.8263,14.8263,14.8251,14.8251,14.8254,14.8223,14.8223,14.8221,14.8225,14.8222,14.8213,14.8208,
Sun Apr 19 2020 08:53:59 GMT-0400 (Eastern Daylight Time)
14.8205,14.8205,14.8195,14.8198,14.8198,14.8198,14.8205,14.8202,14.8202,14.8205,14.8202,14.8215,14.8211,14.8203,14.8199,14.8202,14.8207,14.8207,14.8211,14.8208,14.822,14.822,14.8238,14.8235,14.8235,14.8228,14.8226,14.8233,14.8237,14.8233,14.8231,14.8231,14.8228,14.8233,14.8233,14.8231,14.8227,14.8249,14.8253,14.8249,14.8252,14.8256,14.8254,14.8251,14.8255,14.8254,14.8264,14.8266,14.8266,14.8266,14.8268,14.8268,14.8265,14.8268,14.8254,14.8254,14.8265,14.8265,14.8262,14.8257,
Sun Apr 19 2020 08:54:59 GMT-0400 (Eastern Daylight Time)
14.8257,14.8252,14.8252,14.8259,14.826,14.8265,14.8265,14.8265,14.826,14.8256,14.8263,14.8266,14.8257,14.8257,14.8261,14.8258,14.8248,14.8241,14.8241,14.824,14.8244,14.8244,14.8238,14.8232,14.8226,14.8235,14.8233,14.8227,14.8237,14.8243,14.8242,14.8242,14.8227,14.8227,14.8222,14.8214,14.8214,14.8207,14.8207,14.8211,14.8201,14.8204,14.8207,14.8207,14.8181,14.8174,14.818,14.8183,14.8158,14.8154,14.8151,14.8142,14.8142,14.8147,14.8138,14.8135,14.8131,14.8119,14.8119,14.8122,
Sun Apr 19 2020 08:55:59 GMT-0400 (Eastern Daylight Time)
14.8123,14.8133,14.813,14.813,14.8114,14.8114,14.8114,14.8112,14.812,14.8112,14.8115,14.812,14.812,14.8123,14.8115,14.8118,14.8118,14.8121,14.8121,14.8127,14.8124,14.8127,14.8118,14.8117,14.8117,14.811,14.8119,14.8115,14.8118,14.8127,14.8127,14.8123,14.8132,14.8135,14.8132,14.8132,14.8127,14.8132,14.8121,14.8127,14.8129,14.8133,14.8138,14.8135,14.8143,14.8141,14.8145,14.8145,14.8131,14.8125,14.8117,14.8129,14.8128,14.8148,14.8144,14.8144,14.814,14.8144,14.8157,14.8161,
Sun Apr 19 2020 08:57:00 GMT-0400 (Eastern Daylight Time)
14.8155,14.8155,14.8155,14.8157,14.8153,14.8139,14.8139,14.8131,14.8131,14.8148,14.8151,14.8151,14.8146,14.8146,14.814,14.814,14.813,14.8133,14.8133,14.813,14.813,14.813,14.8137,14.8134,14.8138,14.8136,14.8139,14.8136,14.8134,14.8136,14.8136,14.8152,14.8149,14.8149,14.8149,14.8131,14.8123,14.8123,14.8118,14.8118,14.8111,14.8111,14.8111,14.8111,14.8103,14.8099,14.8097,14.8097,14.8106,14.8111,14.8111,14.8106,14.8104,14.8115,14.8118,14.812,14.8116,14.8116,14.8112,14.8107,
Sun Apr 19 2020 08:57:59 GMT-0400 (Eastern Daylight Time)
14.8103,14.8093,14.8088,14.8088,14.8088,14.8097,14.8093,14.8096,14.809,14.8086,14.8086,14.8093,14.8096,14.8092,14.8093,14.8093,14.809,14.809,14.8085,14.8089,14.8092,14.8082,14.8082,14.8082,14.8078,14.8075,14.8073,14.807,14.808,14.8084,14.8084,14.808,14.8074,14.8071,14.8069,14.8069,14.8068,14.8056,14.8057,14.8057,14.8072,14.8069,14.8071,14.8074,14.8074,14.8083,14.8081,14.808,14.8093,14.8088,14.8083,14.8083,14.8082,14.8083,14.8076,14.8068,14.8068,14.8065,14.8069,14.8066,
Sun Apr 19 2020 08:58:59 GMT-0400 (Eastern Daylight Time)
14.8051,14.8051,14.8053,14.8054,14.8054,14.8051,14.8051,14.8051,14.8053,14.8056,14.8056,14.805,14.805,14.8054,14.8051,14.8048,14.8069,14.8063,14.8063,14.8058,14.8062,14.8065,14.8069,14.8069,14.8066,14.8063,14.8063,14.8079,14.8074,14.8065,14.8065,14.807,14.807,14.8077,14.8075,14.8075,14.8078,14.8065,14.807,14.8073,14.8073,14.8083,14.807,14.8066,14.806,14.8065,14.8076,14.8073,14.8059,14.8056,14.8056,14.8056,14.8059,14.8053,14.8053,14.8055,14.8035,14.8027,14.803,14.8035,
Sun Apr 19 2020 09:00:00 GMT-0400 (Eastern Daylight Time)
14.8043,14.8047,14.8047,14.8048,14.8048,14.8043,14.8043,14.805,14.8054,14.8057,14.8054,14.8057,14.8042,14.8042,14.804,14.8064,14.8064,14.8046,14.8046,14.8029,14.8029,14.802,14.8011,14.8014,14.8014,14.8024,14.8028,14.8033,14.8023,14.8017,14.802,14.802,14.802,14.802,14.8024,14.802,14.8028,14.803,14.803,14.8032,14.8032,14.8036,14.8062,14.8065,14.8061,14.8059,14.805,14.8055,14.8057,14.8046,14.806,14.8062,14.806,14.8062,14.8066,14.8061,14.8065,14.8059,14.8059,14.8052,
Sun Apr 19 2020 09:00:59 GMT-0400 (Eastern Daylight Time)
14.8052,14.8059,14.8064,14.8064,14.8064,14.8064,14.8064,14.8064,14.8056,14.8058,14.8058,14.8058,14.8056,14.8047,14.8047,14.805,14.805,14.8054,14.8054,14.8054,14.805,14.8053,14.8065,14.8057,14.8054,14.8055,14.8042,14.8042,14.8052,14.8056,14.8056,14.8051,14.8051,14.8046,14.8052,14.8049,14.8049,14.8044,14.8039,14.8039,14.8046,14.8044,14.8043,14.8043,14.8031,14.8042,14.8044,14.8043,14.8046,14.8046,14.8043,14.8041,14.8041,14.8041,14.8038,14.8024,14.8016,14.8009,14.8009,14.8009,
Sun Apr 19 2020 09:02:00 GMT-0400 (Eastern Daylight Time)
14.8014,14.8017,14.8011,14.8005,14.8009,14.8012,14.8013,14.8003,14.7996,14.7996,14.7996,14.7996,14.7996,14.7996,14.7996,14.8005,14.8014,14.8014,14.8014,14.8019,14.8015,14.8005,14.8005,14.7998,14.7988,14.7982,14.7984,14.7979,14.7986,14.7989,14.7967,14.7962,14.7965,14.7967,14.7963,14.7963,14.7964,14.7953,14.7949,14.7949,14.7945,14.7949,14.7949,14.7946,14.7962,14.7962,14.7959,14.7959,14.7956,14.7946,14.7948,14.7945,14.7948,14.7946,14.7946,14.7947,14.7945,14.7942,14.7934,14.7928,
Sun Apr 19 2020 09:02:59 GMT-0400 (Eastern Daylight Time)
14.7928,14.7925,14.7937,14.7937,14.7937,14.7935,14.7939,14.7939,14.7939,14.7946,14.795,14.795,14.7937,14.7937,14.7946,14.7946,14.7953,14.7949,14.7966,14.7983,14.7978,14.7982,14.7982,14.7985,14.7991,14.7998,14.7995,14.7995,14.801,14.801,14.8012,14.8012,14.8015,14.8022,14.8025,14.8025,14.8025,14.8036,14.8033,14.8024,14.8021,14.8022,14.8022,14.8034,14.8037,14.8034,14.8046,14.8046,14.8057,14.8057,14.8053,14.8048,14.8052,14.8049,14.8053,14.8061,14.8064,14.8037,14.8039,14.8037,
Sun Apr 19 2020 09:04:00 GMT-0400 (Eastern Daylight Time)
14.8037,14.8037,14.8032,14.803,14.8027,14.8027,14.803,14.8025,14.8025,14.802,14.8017,14.8017,14.8017,14.8017,14.8017,14.8017,14.8017,14.8033,14.803,14.803,14.803,14.805,14.8041,14.8044,14.8048,14.8038,14.8038,14.8041,14.8038,14.8029,14.8011,14.8005,14.8005,14.8026,14.8021,14.8018,14.8015,14.8012,14.8019,14.8019,14.8019,14.8016,14.8025,14.8031,14.8026,14.803,14.803,14.803,14.8047,14.8054,14.8048,14.8044,14.8044,14.8041,14.8032,14.8032,14.8032,14.8017,14.8017,14.8026,
Sun Apr 19 2020 09:05:00 GMT-0400 (Eastern Daylight Time)
14.8026,14.8026,14.8032,14.8021,14.8031,14.803,14.8024,14.8022,14.8017,14.801,14.8016,14.8016,14.8016,14.8023,14.802,14.8024,14.8035,14.8035,14.8035,14.8035,14.8037,14.804,14.804,14.8036,14.8032,14.802,14.8032,14.8018,14.8021,14.8008,14.8,14.8007,14.8003,14.7997,14.7979,14.7982,14.7982,14.798,14.7979,14.7985,14.7985,14.7985,14.7982,14.7988,14.7988,14.7986,14.7994,14.7994,14.7994,14.7994,14.7998,14.7998,14.7995,14.7992,14.7998,14.7995,14.799,14.7993,14.799,14.7993,
Sun Apr 19 2020 09:06:00 GMT-0400 (Eastern Daylight Time)
14.7993,14.7993,14.7993,14.7993,14.7993,14.7993,14.7984,14.7979,14.7975,14.7973,14.7973,14.797,14.797,14.797,14.797,14.797,14.7958,14.7958,14.7958,14.7953,14.7953,14.7962,14.7955,14.7955,14.7952,14.7952,14.7957,14.7957,14.7946,14.7943,14.7933,14.7933,14.7933,14.791,14.7905,14.7905,14.7907,14.7901,14.7901,14.7898,14.7895,14.7893,14.7889,14.7892,14.7895,14.7895,14.7884,14.7888,14.7889,14.7892,14.7888,14.7897,14.7897,14.7906,14.7906,14.7917,14.7917,14.7919,14.7903,14.79,
Sun Apr 19 2020 09:07:00 GMT-0400 (Eastern Daylight Time)
14.7903,14.79,14.79,14.79,14.7904,14.7904,14.7904,14.7906,14.7906,14.7912,14.7903,14.7903,14.79,14.7903,14.7901,14.7897,14.7909,14.7911,14.7905,14.7905,14.7909,14.7909,14.7911,14.7909,14.7892,14.7892,14.7892,14.7892,14.7883,14.7887,14.7887,14.7894,14.7894,14.7896,14.7889,14.7894,14.7889,14.7889,14.7901,14.7901,14.791,14.791,14.792,14.7897,14.7913,14.7917,14.7911,14.7917,14.7901,14.7893,14.789,14.7907,14.7907,14.7899,14.7887,14.7891,14.7898,14.7901,14.7896,14.7893,
Sun Apr 19 2020 09:07:59 GMT-0400 (Eastern Daylight Time)
14.7893,14.7897,14.7897,14.7897,14.7897,14.7897,14.7901,14.7897,14.7897,14.7891,14.7894,14.7894,14.7871,14.7871,14.7866,14.7865,14.7859,14.7859,14.7856,14.7855,14.7855,14.7855,14.7885,14.7885,14.7887,14.7881,14.7881,14.7878,14.7882,14.7889,14.7893,14.7893,14.7899,14.7898,14.7895,14.7895,14.79,14.7907,14.7915,14.7919,14.7919,14.7916,14.7921,14.7919,14.7927,14.7927,14.7915,14.7912,14.792,14.7917,14.7922,14.7922,14.7916,14.7919,14.7925,14.7933,14.7933,14.7938,14.7944,14.7944,
Sun Apr 19 2020 09:08:59 GMT-0400 (Eastern Daylight Time)
14.7944,14.7944,14.7938,14.7931,14.7929,14.7933,14.7931,14.7935,14.7925,14.793,14.7916,14.7914,14.7914,14.7922,14.7931,14.7927,14.7926,14.7926,14.7923,14.7923,14.7918,14.7915,14.7905,14.7905,14.7902,14.791,14.791,14.7907,14.7896,14.7902,14.7913,14.791,14.7906,14.7917,14.7921,14.7922,14.7917,14.7919,14.7916,14.7913,14.7916,14.7905,14.7902,14.7934,14.7934,14.7934,14.7938,14.7938,14.7923,14.7928,14.7928,14.7924,14.7919,14.7919,14.7919,14.7907,14.7907,14.7907,14.7907,14.7911,
