Sun Apr 12 2020 13:59:03 GMT-0400 (Eastern Daylight Time)
15.537,15.5377,15.5377,15.5375,15.5382,15.5382,15.5382,15.5377,15.5377,15.5377,15.5377,15.5377,15.5372,15.5372,15.5372,15.5372,15.5377,15.5377,15.5378,15.5378,15.5378,15.538,15.5378,15.5378,15.5378,15.5378,15.5378,15.5378,15.5378,15.5373,15.5373,15.5373,15.5373,15.5373,15.5377,15.5367,15.5367,15.537,15.537,15.537,15.537,15.5352,15.5352,15.534,15.5345,15.5353,15.5347,15.5321,15.5317,15.5317,15.5317,15.5313,15.5311,15.5302,15.5302,15.5302,15.5293,15.5296,15.5287,15.5287,
Sun Apr 12 2020 14:00:03 GMT-0400 (Eastern Daylight Time)
15.5283,15.5286,15.5282,15.5275,15.5275,15.5266,15.5266,15.5266,15.5266,15.526,15.5254,15.5254,15.5254,15.5245,15.5237,15.5237,15.5237,15.5237,15.5242,15.5235,15.5239,15.5232,15.5232,15.5232,15.5236,15.5226,15.5223,15.5214,15.5209,15.5215,15.5212,15.5222,15.5222,15.5222,15.5228,15.5228,15.5228,15.5234,15.5234,15.523,15.5234,15.5244,15.5248,15.5257,15.5251,15.523,15.5226,15.5226,15.5224,15.5228,15.525,15.525,15.5257,15.5255,15.5245,15.5248,15.5245,15.5253,15.525,15.5254,
Sun Apr 12 2020 14:01:03 GMT-0400 (Eastern Daylight Time)
15.5254,15.5262,15.5266,15.5268,15.5264,15.5262,15.5262,15.5264,15.5261,15.5257,15.5258,15.5258,15.5257,15.526,15.5262,15.5245,15.5245,15.525,15.525,15.5242,15.5242,15.5257,15.5248,15.5258,15.5246,15.5252,15.5252,15.5252,15.5256,15.526,15.5286,15.529,15.5296,15.5305,15.5288,15.5292,15.5288,15.5291,15.5294,15.53,15.5296,15.5296,15.5296,15.5296,15.5296,15.5293,15.5284,15.5297,15.53,15.5303,15.5303,15.5311,15.5311,15.5305,15.5305,15.5308,15.5308,15.5306,15.531,15.531,
Sun Apr 12 2020 14:02:03 GMT-0400 (Eastern Daylight Time)
15.531,15.5308,15.5323,15.5304,15.5304,15.5311,15.5315,15.5312,15.5321,15.5324,15.5322,15.5318,15.5318,15.5334,15.5338,15.534,15.5343,15.5359,15.5355,15.5355,15.5348,15.5345,15.5346,15.5356,15.5353,15.5341,15.5344,15.535,15.5353,15.5361,15.5369,15.5363,15.5372,15.5363,15.5363,15.5366,15.5366,15.5359,15.5364,15.536,15.5362,15.5365,15.5367,15.5367,15.5359,15.5355,15.5352,15.535,15.5345,15.5345,15.5339,15.5345,15.5345,15.5356,15.536,15.5355,15.5361,15.5364,15.5365,15.537,
Sun Apr 12 2020 14:03:03 GMT-0400 (Eastern Daylight Time)
15.5363,15.5362,15.5366,15.5352,15.5355,15.5359,15.5359,15.5355,15.5352,15.5358,15.5362,15.5352,15.5349,15.5353,15.535,15.5342,15.5348,15.534,15.5326,15.5326,15.5324,15.5321,15.5326,15.5325,15.5332,15.5318,15.5321,15.5326,15.5323,15.5323,15.5323,15.5323,15.5328,15.5327,15.5323,15.5323,15.5332,15.533,15.5323,15.5331,15.5328,15.5328,15.5324,15.5323,15.5323,15.5305,15.5303,15.5328,15.5328,15.5328,15.5337,15.5337,15.5337,15.5345,15.5346,15.5346,15.5346,15.5346,15.5347,15.5347,
Sun Apr 12 2020 14:04:03 GMT-0400 (Eastern Daylight Time)
15.5347,15.5344,15.5347,15.5348,15.5347,15.5343,15.5312,15.5312,15.5305,15.5303,15.5305,15.5305,15.5308,15.5309,15.5335,15.5326,15.5329,15.5336,15.5336,15.5332,15.5337,15.5335,15.534,15.5338,15.5342,15.5346,15.5346,15.5341,15.5341,15.5341,15.5329,15.5326,15.5329,15.5325,15.5325,15.5322,15.5325,15.533,15.5337,15.5317,15.531,15.5313,15.5325,15.5323,15.5318,15.5322,15.5321,15.5328,15.532,15.5322,15.5326,15.5328,15.5325,15.533,15.5319,15.5326,15.5326,15.5326,15.5322,15.5315,
Sun Apr 12 2020 14:05:03 GMT-0400 (Eastern Daylight Time)
15.5318,15.532,15.5316,15.5319,15.5312,15.531,15.531,15.531,15.5314,15.5321,15.5322,15.5326,15.5326,15.5324,15.5324,15.5321,15.5327,15.5327,15.5321,15.5316,15.5319,15.5316,15.5311,15.5311,15.5308,15.5304,15.5307,15.5302,15.5297,15.5312,15.531,15.5315,15.5315,15.5319,15.5322,15.5329,15.5338,15.5343,15.5344,15.5328,15.5328,15.5328,15.5322,15.5325,15.5339,15.5341,15.5352,15.5349,15.5347,15.5347,15.5341,15.5344,15.5344,15.5342,15.5336,15.5344,15.5333,15.5332,15.5329,15.5329,
Sun Apr 12 2020 14:06:03 GMT-0400 (Eastern Daylight Time)
15.5329,15.5329,15.5328,15.5333,15.5351,15.5379,15.5379,15.5379,15.5383,15.5388,15.5394,15.5392,15.5403,15.5396,15.5386,15.5387,15.538,15.5376,15.5376,15.5373,15.5378,15.5378,15.5376,15.5365,15.5335,15.5341,15.5347,15.535,15.535,15.5353,15.5359,15.5359,15.5362,15.5359,15.5356,15.5361,15.5361,15.5363,15.5368,15.5362,15.5359,15.5365,15.5363,15.5363,15.5357,15.5357,15.5364,15.5355,15.5355,15.5355,15.5353,15.5356,15.5356,15.5356,15.5356,15.5353,15.5353,15.535,15.5346,15.534,
Sun Apr 12 2020 14:07:03 GMT-0400 (Eastern Daylight Time)
15.534,15.534,15.5348,15.5345,15.5345,15.5345,15.5331,15.5331,15.5331,15.5331,15.533,15.5336,15.5341,15.5341,15.5339,15.5343,15.5349,15.5349,15.5355,15.5349,15.5349,15.5351,15.5354,15.535,15.535,15.5352,15.5353,15.5356,15.536,15.536,15.5361,15.5361,15.5346,15.5346,15.5343,15.5345,15.5351,15.5353,15.536,15.536,15.5363,15.5361,15.5361,15.5345,15.5345,15.5345,15.5333,15.5342,15.5344,15.5344,15.5347,15.5347,15.5349,15.5346,15.535,15.535,15.5337,15.5337,15.5341,15.5339,
Sun Apr 12 2020 14:08:03 GMT-0400 (Eastern Daylight Time)
15.5341,15.5346,15.5337,15.5331,15.5331,15.5334,15.5334,15.5338,15.5338,15.5341,15.5348,15.5348,15.5354,15.5347,15.5345,15.5362,15.5362,15.536,15.5358,15.5358,15.5358,15.5358,15.5361,15.5365,15.5368,15.5368,15.5365,15.5365,15.5365,15.5365,15.5365,15.5365,15.5365,15.5365,15.537,15.537,15.537,15.537,15.5367,15.5364,15.5356,15.5356,15.5354,15.5358,15.5361,15.5356,15.5359,15.5355,15.5365,15.5365,15.5373,15.5373,15.537,15.5378,15.5386,15.5391,15.5391,15.5388,15.5388,15.5385,
Sun Apr 12 2020 14:09:04 GMT-0400 (Eastern Daylight Time)
15.5389,15.5386,15.5393,15.539,15.5394,15.5397,15.5389,15.5389,15.5389,15.5392,15.5394,15.5394,15.5398,15.5394,15.5398,15.5395,15.5399,15.5399,15.5401,15.5401,15.5401,15.5394,15.5401,15.5392,15.5389,15.5389,15.5389,15.5389,15.5389,15.5389,15.5386,15.5382,15.5385,15.5391,15.5389,15.5385,15.5385,15.5387,15.5395,15.5393,15.5393,15.5388,15.5377,15.5377,15.5369,15.5397,15.5388,15.5388,15.5388,15.5388,15.5382,15.5384,15.5389,15.5389,15.5376,15.5376,15.5376,15.5376,15.5376,15.5371,
Sun Apr 12 2020 14:10:04 GMT-0400 (Eastern Daylight Time)
15.5371,15.5372,15.5365,15.5365,15.5363,15.5363,15.5371,15.5371,15.5371,15.5371,15.5371,15.5381,15.5381,15.5381,15.5381,15.5381,15.5381,15.5378,15.5378,15.5378,15.5378,15.5378,15.5376,15.5376,15.5367,15.5367,15.5371,15.5371,15.5371,15.5375,15.5375,15.5366,15.5366,15.5366,15.5372,15.5364,15.5364,15.5364,15.5367,15.5366,15.5366,15.5376,15.5376,15.5373,15.5373,15.5375,15.5375,15.537,15.537,15.5376,15.5376,15.5364,15.5364,15.5361,15.5361,15.5357,15.5357,15.5363,15.5358,15.5353,
Sun Apr 12 2020 14:11:04 GMT-0400 (Eastern Daylight Time)
15.5353,15.535,15.5347,15.5355,15.5355,15.5355,15.5355,15.536,15.536,15.536,15.536,15.5349,15.5349,15.5346,15.5346,15.5349,15.5345,15.5345,15.5348,15.5355,15.5355,15.5355,15.5355,15.5355,15.5351,15.5351,15.5351,15.5351,15.5354,15.5351,15.5351,15.5357,15.5363,15.5356,15.5358,15.5358,15.5356,15.5359,15.5352,15.5346,15.5342,15.5342,15.5346,15.5342,15.5338,15.5338,15.5338,15.5312,15.5312,15.5312,15.5309,15.5315,15.5315,15.5315,15.5315,15.5309,15.5309,15.5309,15.5315,15.5336,
Sun Apr 12 2020 14:12:04 GMT-0400 (Eastern Daylight Time)
15.5347,15.5353,15.5353,15.5353,15.5353,15.5362,15.5362,15.5357,15.5357,15.5357,15.5349,15.5351,15.5355,15.5353,15.5353,15.5356,15.5353,15.5357,15.5363,15.5363,15.5366,15.5376,15.5376,15.5374,15.5368,15.5359,15.5359,15.5368,15.5368,15.537,15.537,15.5378,15.5376,15.5381,15.5378,15.5378,15.5378,15.5378,15.5378,15.5368,15.5368,15.5365,15.5362,15.5353,15.5348,15.5345,15.5348,15.5338,15.5338,15.5332,15.5327,15.5331,15.5324,15.5324,15.5324,15.5326,15.5329,15.5327,15.5324,15.5334,
Sun Apr 12 2020 14:13:03 GMT-0400 (Eastern Daylight Time)
15.5334,15.5331,15.5338,15.5341,15.5341,15.5338,15.5338,15.5331,15.5331,15.5331,15.5333,15.5335,15.5335,15.5327,15.5334,15.5334,15.5334,15.5336,15.5332,15.5322,15.5322,15.5316,15.5324,15.5324,15.5331,15.5324,15.5324,15.5327,15.5327,15.532,15.5323,15.5327,15.5331,15.5323,15.5321,15.5332,15.5338,15.5338,15.5333,15.5336,15.5339,15.535,15.5346,15.5351,15.5354,15.5347,15.5345,15.5343,15.5343,15.5354,15.5354,15.5361,15.5366,15.5364,15.5361,15.5357,15.5367,15.5372,15.5376,15.5374,
Sun Apr 12 2020 14:14:03 GMT-0400 (Eastern Daylight Time)
15.5377,15.5359,15.5362,15.5349,15.5352,15.5355,15.5359,15.536,15.5367,15.5376,15.5376,15.5383,15.5383,15.5383,15.5383,15.5377,15.5383,15.5401,15.5406,15.5417,15.5439,15.5434,15.5427,15.5404,15.5404,15.5407,15.541,15.5418,15.5418,15.5415,15.5415,15.5419,15.5418,15.5421,15.543,15.5423,15.5427,15.5427,15.5423,15.5414,15.5414,15.5421,15.5421,15.5395,15.5391,15.5394,15.5394,15.5394,15.5394,15.5389,15.5384,15.5394,15.5394,15.5394,15.5389,15.5386,15.5386,15.5393,15.5386,15.5385,
Sun Apr 12 2020 14:15:03 GMT-0400 (Eastern Daylight Time)
15.5389,15.5374,15.5371,15.5388,15.5398,15.5398,15.5408,15.54,15.5403,15.5396,15.5396,15.5395,15.5399,15.5397,15.5399,15.54,15.5396,15.5393,15.5393,15.5399,15.5413,15.5409,15.5393,15.539,15.5393,15.5393,15.5387,15.5387,15.5387,15.5391,15.5399,15.5394,15.5394,15.5396,15.5396,15.5393,15.5393,15.5396,15.5393,15.5394,15.5391,15.5387,15.5376,15.5391,15.5381,15.5381,15.5379,15.5379,15.5372,15.5372,15.5367,15.5366,15.5366,15.5366,15.5357,15.5364,15.5364,15.5364,15.5361,15.5366,
Sun Apr 12 2020 14:16:04 GMT-0400 (Eastern Daylight Time)
15.5366,15.5363,15.5375,15.538,15.538,15.538,15.5369,15.537,15.5376,15.5379,15.5378,15.5378,15.5397,15.54,15.5404,15.5401,15.5392,15.5392,15.5395,15.5392,15.538,15.5381,15.5384,15.5384,15.5384,15.538,15.5383,15.5404,15.5406,15.5403,15.5403,15.5397,15.5403,15.5403,15.541,15.5407,15.5402,15.5405,15.5402,15.5404,15.5409,15.5406,15.541,15.5397,15.5412,15.5412,15.5415,15.5415,15.5419,15.5416,15.5413,15.5416,15.541,15.5413,15.5413,15.541,15.5405,15.5383,15.538,15.5383,
Sun Apr 12 2020 14:17:04 GMT-0400 (Eastern Daylight Time)
15.5382,15.5382,15.5384,15.5384,15.5381,15.5386,15.5389,15.5392,15.5383,15.5383,15.5393,15.5395,15.5397,15.5378,15.5378,15.5374,15.5356,15.5356,15.5365,15.536,15.5366,15.536,15.5345,15.5345,15.5345,15.5345,15.5345,15.535,15.5348,15.5344,15.5337,15.5336,15.5349,15.5361,15.537,15.537,15.537,15.5367,15.5364,15.5364,15.5361,15.5356,15.5349,15.5355,15.5358,15.5358,15.5364,15.5364,15.5367,15.5367,15.5362,15.5366,15.5374,15.5372,15.5383,15.5387,15.5388,15.5388,15.5377,15.5375,
Sun Apr 12 2020 14:18:03 GMT-0400 (Eastern Daylight Time)
15.5376,15.5368,15.5368,15.5368,15.5368,15.5368,15.5368,15.5365,15.5334,15.534,15.534,15.534,15.5333,15.5332,15.5327,15.533,15.5332,15.533,15.5327,15.5331,15.5342,15.5345,15.5342,15.534,15.5341,15.5341,15.5332,15.5346,15.5345,15.5342,15.533,15.533,15.5327,15.5312,15.5323,15.5318,15.5314,15.5314,15.5314,15.5316,15.5316,15.5309,15.5306,15.5309,15.5312,15.5321,15.5323,15.5315,15.5312,15.5312,15.5316,15.5316,15.5312,15.5312,15.5315,15.5317,15.5317,15.5321,15.5317,15.5317,
Sun Apr 12 2020 14:19:03 GMT-0400 (Eastern Daylight Time)
15.5315,15.5318,15.5322,15.5322,15.5327,15.5325,15.531,15.531,15.5316,15.5318,15.5321,15.5321,15.5318,15.5312,15.5312,15.5315,15.5312,15.5312,15.5312,15.5312,15.5314,15.5314,15.5315,15.532,15.5316,15.5318,15.5309,15.5309,15.5304,15.5311,15.5314,15.5318,15.5319,15.5322,15.5326,15.5326,15.5328,15.534,15.5336,15.5336,15.5333,15.5333,15.5328,15.5325,15.533,15.5333,15.5336,15.5333,15.5327,15.5322,15.5322,15.5317,15.5313,15.5314,15.5314,15.5317,15.5326,15.5329,15.5329,15.5338,
Sun Apr 12 2020 14:20:03 GMT-0400 (Eastern Daylight Time)
15.5342,15.5339,15.5342,15.5339,15.5335,15.5335,15.5335,15.5335,15.5336,15.5356,15.5356,15.535,15.5351,15.5352,15.5352,15.5344,15.5347,15.5347,15.5373,15.5376,15.5376,15.538,15.5376,15.5376,15.538,15.5377,15.5383,15.5383,15.5372,15.5372,15.5367,15.5367,15.537,15.5367,15.5379,15.5381,15.5379,15.5379,15.5376,15.5376,15.5379,15.5366,15.5361,15.5358,15.5356,15.5364,15.5368,15.5368,15.5368,15.5366,15.5362,15.5365,15.5368,15.5368,15.5365,15.5366,15.5371,15.538,15.5386,15.5413,
Sun Apr 12 2020 14:21:04 GMT-0400 (Eastern Daylight Time)
15.5413,15.5416,15.542,15.5425,15.5418,15.5418,15.5415,15.541,15.541,15.5406,15.539,15.5394,15.5399,15.5399,15.5402,15.5407,15.5422,15.5424,15.5435,15.5428,15.5428,15.5426,15.5429,15.5438,15.5431,15.5431,15.5425,15.5435,15.544,15.5422,15.5424,15.5424,15.5427,15.5438,15.5438,15.544,15.5436,15.5434,15.5428,15.5433,15.543,15.5425,15.5422,15.5413,15.5419,15.5392,15.539,15.5392,15.5404,15.5427,15.5427,15.5427,15.5424,15.5431,15.5431,15.5431,15.5436,15.5435,15.5437,15.5437,
Sun Apr 12 2020 14:22:04 GMT-0400 (Eastern Daylight Time)
15.5437,15.5436,15.5436,15.5436,15.5435,15.5435,15.5435,15.5435,15.5435,15.5436,15.5436,15.5436,15.5443,15.5443,15.5454,15.5451,15.5449,15.5446,15.5441,15.5441,15.5441,15.5448,15.5466,15.5483,15.5483,15.5483,15.5494,15.5494,15.5497,15.5497,15.5497,15.5497,15.5492,15.5495,15.5495,15.5497,15.5495,15.5492,15.5503,15.5485,15.5487,15.5502,15.5498,15.5491,15.5493,15.5485,15.5488,15.5495,15.5493,15.5496,15.5503,15.5501,15.5506,15.5508,15.5508,15.549,15.5487,15.5487,15.549,15.549,
Sun Apr 12 2020 14:23:03 GMT-0400 (Eastern Daylight Time)
15.549,15.549,15.549,15.549,15.5488,15.5486,15.5503,15.5495,15.5512,15.5512,15.5505,15.5516,15.5525,15.5525,15.5525,15.5528,15.5528,15.5535,15.5542,15.5556,15.5551,15.5555,15.5558,15.5558,15.5562,15.5564,15.5562,15.5565,15.5603,15.5603,15.5603,15.5601,15.5599,15.5596,15.56,15.5602,15.56,15.5602,15.5602,15.5604,15.56,15.5605,15.5603,15.5603,15.5598,15.5603,15.5592,15.5589,15.5578,15.5573,15.5569,15.5564,15.5561,15.556,15.5581,15.558,15.558,15.5581,15.5583,15.5576,
Sun Apr 12 2020 14:24:03 GMT-0400 (Eastern Daylight Time)
15.5572,15.557,15.5552,15.5555,15.556,15.5571,15.5574,15.5574,15.5572,15.5543,15.5543,15.5543,15.5546,15.5541,15.5534,15.5542,15.5542,15.554,15.5545,15.5545,15.5545,15.5559,15.5574,15.5571,15.5579,15.5582,15.5576,15.5573,15.557,15.5564,15.5564,15.5564,15.5572,15.5581,15.5581,15.5587,15.5593,15.5587,15.5585,15.5583,15.5574,15.5565,15.5559,15.5559,15.556,15.5563,15.5559,15.5567,15.5553,15.5544,15.5544,15.5544,15.5544,15.5537,15.5537,15.5537,15.5537,15.553,15.553,15.553,
Sun Apr 12 2020 14:25:03 GMT-0400 (Eastern Daylight Time)
15.553,15.5525,15.5529,15.5529,15.5526,15.5552,15.5561,15.5561,15.5567,15.5557,15.557,15.5579,15.5585,15.5585,15.5585,15.5585,15.559,15.559,15.5596,15.5604,15.5604,15.5604,15.5613,15.5622,15.5622,15.5629,15.5626,15.5626,15.5626,15.5626,15.5629,15.5636,15.5633,15.5657,15.5671,15.5671,15.5676,15.5678,15.5668,15.5671,15.5654,15.5658,15.5654,15.5651,15.5651,15.5656,15.5653,15.566,15.5655,15.565,15.5639,15.5635,15.5633,15.5636,15.563,15.563,15.5655,15.5633,15.5638,15.5638,
Sun Apr 12 2020 14:26:04 GMT-0400 (Eastern Daylight Time)
15.5645,15.5653,15.5657,15.5643,15.5648,15.5647,15.5652,15.5652,15.5658,15.566,15.5657,15.5663,15.5656,15.5643,15.5646,15.5646,15.5649,15.5645,15.5647,15.5656,15.565,15.5648,15.5652,15.5656,15.5659,15.5637,15.564,15.5652,15.5658,15.5658,15.5665,15.5659,15.5659,15.5659,15.5653,15.5641,15.563,15.5626,15.5626,15.5645,15.5645,15.5648,15.5648,15.5639,15.5639,15.5647,15.5643,15.5643,15.5647,15.5647,15.5653,15.5656,15.5657,15.5661,15.5659,15.5657,15.5657,15.5658,15.5658,15.5653,
Sun Apr 12 2020 14:27:03 GMT-0400 (Eastern Daylight Time)
15.5653,15.5656,15.5685,15.5681,15.5681,15.5675,15.5675,15.5673,15.5673,15.5676,15.5675,15.5675,15.5669,15.5662,15.5665,15.5667,15.5663,15.5673,15.5671,15.5678,15.5678,15.5678,15.5682,15.5682,15.5686,15.5689,15.5689,15.5689,15.5685,15.5701,15.5704,15.57,15.57,15.57,15.57,15.5697,15.5697,15.5697,15.5697,15.5697,15.5687,15.5688,15.5677,15.5697,15.5697,15.57,15.5707,15.5707,15.5705,15.5722,15.5719,15.5724,15.5728,15.5733,15.5735,15.5735,15.5729,15.5725,15.5725,15.5732,
Sun Apr 12 2020 14:28:04 GMT-0400 (Eastern Daylight Time)
15.5732,15.5732,15.5726,15.5719,15.5719,15.5714,15.5711,15.5711,15.5715,15.5718,15.5718,15.5723,15.5723,15.5734,15.5734,15.5737,15.5729,15.5729,15.5717,15.572,15.572,15.572,15.572,15.572,15.572,15.572,15.572,15.5718,15.5718,15.5718,15.5718,15.5718,15.5715,15.5712,15.5712,15.5712,15.5712,15.5712,15.571,15.5707,15.5705,15.5702,15.5721,15.5718,15.5727,15.575,15.575,15.5757,15.5757,15.5766,15.5766,15.5766,15.5769,15.5767,15.5767,15.5767,15.5767,15.5769,15.5769,15.5769,
Sun Apr 12 2020 14:29:03 GMT-0400 (Eastern Daylight Time)
15.5769,15.5769,15.5762,15.5762,15.5762,15.5753,15.5753,15.5753,15.5745,15.5736,15.5736,15.5736,15.5732,15.5743,15.5743,15.5745,15.5745,15.5745,15.5745,15.5752,15.575,15.5747,15.5742,15.5731,15.5728,15.5724,15.5727,15.5729,15.5718,15.571,15.5708,15.5704,15.5712,15.5718,15.5729,15.5726,15.5715,15.5718,15.5714,15.5714,15.5714,15.5704,15.5704,15.5704,15.5707,15.5699,15.5699,15.5701,15.5692,15.5692,15.5696,15.5698,15.5695,15.569,15.5693,15.5686,15.5685,15.5685,15.5685,15.5685,
Sun Apr 12 2020 14:30:03 GMT-0400 (Eastern Daylight Time)
15.5678,15.5678,15.5678,15.5673,15.5666,15.5692,15.5704,15.5711,15.5711,15.5717,15.5718,15.5718,15.5722,15.5728,15.5737,15.5737,15.5737,15.5744,15.5758,15.5764,15.5767,15.5763,15.5762,15.576,15.576,15.5774,15.5796,15.58,15.5791,15.5795,15.577,15.5776,15.5765,15.5765,15.5764,15.5766,15.577,15.5764,15.5768,15.5763,15.576,15.5765,15.5757,15.5751,15.5748,15.5741,15.5741,15.5732,15.5732,15.5732,15.5736,15.5739,15.5732,15.5732,15.5732,15.5726,15.5726,15.5726,15.5724,15.5724,
Sun Apr 12 2020 14:31:03 GMT-0400 (Eastern Daylight Time)
15.5725,15.5725,15.5725,15.5725,15.5725,15.5725,15.5723,15.5723,15.5723,15.5724,15.5724,15.5724,15.5724,15.573,15.5739,15.5739,15.5736,15.572,15.5724,15.5724,15.5732,15.5729,15.5732,15.5729,15.5738,15.5743,15.5741,15.5741,15.5741,15.5741,15.5744,15.5744,15.575,15.575,15.5743,15.5743,15.5743,15.5746,15.5746,15.5746,15.5736,15.5734,15.573,15.573,15.5724,15.5724,15.5721,15.5727,15.5727,15.5727,15.5727,15.5714,15.5714,15.5714,15.5705,15.5708,15.5705,15.5705,15.5707,15.5707,
Sun Apr 12 2020 14:32:04 GMT-0400 (Eastern Daylight Time)
15.5715,15.5715,15.5724,15.5724,15.572,15.572,15.5727,15.5727,15.5733,15.5737,15.5737,15.5737,15.5737,15.5737,15.5737,15.5737,15.5733,15.5733,15.5737,15.5741,15.5738,15.5738,15.5738,15.5728,15.5728,15.5731,15.5731,15.5733,15.5733,15.5733,15.5738,15.5736,15.5736,15.5736,15.5733,15.5733,15.5731,15.5731,15.5731,15.5731,15.5731,15.5733,15.5733,15.5736,15.5736,15.5736,15.5738,15.5736,15.5736,15.5736,15.5726,15.5721,15.5734,15.5749,15.5746,15.5743,15.5746,15.5746,15.5742,15.5742,
Sun Apr 12 2020 14:33:04 GMT-0400 (Eastern Daylight Time)
15.5734,15.574,15.574,15.5743,15.5745,15.5745,15.5742,15.5742,15.5734,15.5734,15.5734,15.573,15.5735,15.5726,15.5722,15.5722,15.5722,15.5723,15.572,15.5725,15.5721,15.5721,15.5718,15.5714,15.5717,15.5721,15.5727,15.572,15.572,15.5722,15.5722,15.5731,15.5731,15.5716,15.5723,15.5723,15.5726,15.5729,15.5724,15.5729,15.5733,15.5736,15.5739,15.5745,15.575,15.5754,15.5759,15.577,15.5771,15.5771,15.5758,15.5758,15.5755,15.5752,15.5751,15.5751,15.5758,15.5755,15.5749,15.5744,
Sun Apr 12 2020 14:34:04 GMT-0400 (Eastern Daylight Time)
15.5748,15.5748,15.574,15.5749,15.5753,15.5754,15.5763,15.5763,15.577,15.577,15.5771,15.5774,15.577,15.5767,15.577,15.5794,15.5794,15.5803,15.5807,15.5813,15.5816,15.5811,15.5809,15.5809,15.5809,15.5808,15.5811,15.5818,15.5818,15.5821,15.582,15.5814,15.5817,15.582,15.5809,15.5811,15.5811,15.5811,15.5811,15.5807,15.5807,15.5801,15.5802,15.5791,15.5788,15.5788,15.5791,15.5792,15.5795,15.58,15.5799,15.5801,15.5801,15.5796,15.5798,15.5798,15.5804,15.581,15.5802,15.5794,
Sun Apr 12 2020 14:35:03 GMT-0400 (Eastern Daylight Time)
15.5794,15.5795,15.5816,15.5813,15.5816,15.5804,15.579,15.5797,15.5797,15.5776,15.5784,15.5784,15.5796,15.5796,15.5799,15.5801,15.5801,15.5803,15.5817,15.582,15.5818,15.5827,15.5826,15.5823,15.5814,15.5816,15.5826,15.5826,15.5826,15.5829,15.5824,15.5833,15.5833,15.5833,15.5831,15.5832,15.5825,15.5829,15.5829,15.5841,15.5841,15.5837,15.5818,15.5835,15.5837,15.5837,15.5844,15.5853,15.5853,15.5849,15.5856,15.5856,15.5854,15.5847,15.5843,15.5846,15.584,15.5844,15.5847,15.5852,
Sun Apr 12 2020 14:36:03 GMT-0400 (Eastern Daylight Time)
15.585,15.585,15.5853,15.5853,15.5856,15.5848,15.5841,15.5844,15.5851,15.5854,15.5855,15.5861,15.5865,15.5867,15.5892,15.5899,15.5896,15.5908,15.5908,15.5908,15.5911,15.5909,15.5906,15.5906,15.59,15.5904,15.5904,15.5904,15.5913,15.5915,15.5915,15.5912,15.5909,15.5909,15.5915,15.5919,15.5916,15.5916,15.5921,15.5921,15.5923,15.5928,15.5931,15.5928,15.5928,15.5932,15.5927,15.5923,15.5923,15.5925,15.5925,15.5929,15.5932,15.5929,15.5922,15.5924,15.5924,15.5924,15.5924,15.592,
Sun Apr 12 2020 14:37:04 GMT-0400 (Eastern Daylight Time)
15.5915,15.5918,15.5914,15.592,15.5916,15.592,15.592,15.5922,15.5924,15.5924,15.5926,15.5929,15.5933,15.5937,15.5937,15.5934,15.5931,15.5931,15.5929,15.5938,15.5941,15.5944,15.5934,15.5939,15.5939,15.5939,15.5939,15.5939,15.5963,15.5961,15.5959,15.5955,15.5955,15.5955,15.5951,15.5955,15.5947,15.5947,15.5941,15.5929,15.5931,15.5934,15.5936,15.5939,15.5946,15.5946,15.5946,15.5946,15.5938,15.5919,15.5914,15.595,15.595,15.5955,15.5955,15.5951,15.5951,15.5951,15.5949,15.5953,
Sun Apr 12 2020 14:38:03 GMT-0400 (Eastern Daylight Time)
15.5953,15.5953,15.595,15.595,15.595,15.5947,15.5947,15.5946,15.5904,15.5896,15.5896,15.5893,15.5893,15.5893,15.5893,15.5893,15.5896,15.589,15.5879,15.5865,15.5865,15.5861,15.5861,15.5861,15.5861,15.5858,15.5858,15.585,15.585,15.586,15.5857,15.5828,15.5825,15.5825,15.5825,15.5817,15.582,15.5817,15.5817,15.5829,15.5836,15.582,15.5806,15.5808,15.5808,15.5822,15.5821,15.5819,15.5819,15.5813,15.5818,15.5827,15.5814,15.5817,15.5814,15.5815,15.581,15.5797,15.5821,15.5815,
Sun Apr 12 2020 14:39:04 GMT-0400 (Eastern Daylight Time)
15.5818,15.5795,15.5792,15.5801,15.5795,15.5795,15.582,15.5804,15.5804,15.5819,15.5824,15.5824,15.5827,15.5823,15.5836,15.5831,15.5823,15.5825,15.5825,15.5838,15.5841,15.5835,15.5833,15.5829,15.5847,15.5847,15.5843,15.5844,15.5844,15.5842,15.5836,15.5843,15.5835,15.5835,15.5835,15.5841,15.5842,15.5842,15.5859,15.5847,15.5845,15.5843,15.5843,15.5847,15.5855,15.5858,15.5842,15.5842,15.5847,15.5858,15.5832,15.5822,15.5822,15.5822,15.5822,15.582,15.582,15.5825,15.5825,15.5825,
Sun Apr 12 2020 14:40:04 GMT-0400 (Eastern Daylight Time)
15.5825,15.5825,15.5819,15.5813,15.5813,15.5815,15.5815,15.5808,15.5808,15.5808,15.58,15.5792,15.5792,15.5792,15.5792,15.5792,15.5794,15.5787,15.5806,15.5824,15.582,15.582,15.5818,15.5828,15.5832,15.5832,15.5841,15.5837,15.5842,15.5861,15.5861,15.5857,15.5857,15.5857,15.5864,15.5871,15.5881,15.5889,15.5889,15.5895,15.5895,15.5895,15.5895,15.5895,15.5895,15.5891,15.5891,15.5897,15.5896,15.5899,15.5896,15.5901,15.5901,15.5897,15.5897,15.5891,15.5891,15.5895,15.5898,15.5901,
Sun Apr 12 2020 14:41:04 GMT-0400 (Eastern Daylight Time)
15.5898,15.5898,15.5901,15.5901,15.59,15.5903,15.5903,15.59,15.5896,15.5903,15.5891,15.5895,15.5898,15.5894,15.5894,15.5888,15.5889,15.5891,15.5886,15.5878,15.5878,15.5874,15.5875,15.5873,15.5867,15.5876,15.5873,15.5878,15.5874,15.5872,15.5871,15.5865,15.5855,15.5855,15.5845,15.5849,15.5849,15.5852,15.5855,15.5832,15.5831,15.5843,15.5843,15.5849,15.5849,15.5849,15.585,15.5847,15.5852,15.5856,15.586,15.5852,15.5842,15.5838,15.5834,15.5832,15.5837,15.5837,15.5834,15.5828,
Sun Apr 12 2020 14:42:03 GMT-0400 (Eastern Daylight Time)
15.5842,15.5842,15.5842,15.5842,15.5839,15.5836,15.5846,15.5846,15.5849,15.5843,15.5849,15.5849,15.5853,15.5859,15.5852,15.5855,15.5858,15.5856,15.5859,15.5849,15.5845,15.5854,15.5856,15.585,15.585,15.5857,15.5855,15.5862,15.5866,15.5869,15.5882,15.5884,15.5884,15.5882,15.5879,15.589,15.5895,15.5889,15.589,15.5901,15.59,15.5902,15.5941,15.5952,15.5946,15.5952,15.5952,15.5952,15.5964,15.5986,15.5989,15.5986,15.5989,15.5995,15.5992,15.5996,15.5992,15.5991,15.5987,15.5977,
Sun Apr 12 2020 14:43:03 GMT-0400 (Eastern Daylight Time)
15.5973,15.5976,15.5981,15.5984,15.5995,15.5993,15.5989,15.5999,15.5999,15.6008,15.6011,15.6013,15.6009,15.6021,15.6026,15.604,15.6044,15.6044,15.6044,15.6045,15.6051,15.6051,15.6049,15.6053,15.6056,15.606,15.6056,15.6056,15.6062,15.6075,15.6058,15.6058,15.6056,15.6052,15.6056,15.6048,15.6048,15.6048,15.6053,15.6053,15.6059,15.6055,15.6071,15.6071,15.6075,15.6075,15.6075,15.6074,15.6067,15.6058,15.6055,15.6049,15.6054,15.6054,15.6053,15.6052,15.6055,15.6047,15.6063,15.6056,
Sun Apr 12 2020 14:44:04 GMT-0400 (Eastern Daylight Time)
15.606,15.6062,15.6058,15.6066,15.6055,15.6053,15.6059,15.6069,15.6072,15.607,15.6067,15.6066,15.6066,15.6066,15.606,15.6051,15.6055,15.6063,15.6065,15.607,15.6058,15.6054,15.6049,15.6053,15.6057,15.6057,15.6057,15.606,15.606,15.6056,15.6054,15.6048,15.605,15.6056,15.6063,15.6062,15.6058,15.6053,15.6051,15.6056,15.6051,15.6045,15.6038,15.6038,15.6032,15.6031,15.6033,15.6033,15.6028,15.6021,15.6023,15.6025,15.6041,15.6026,15.6026,15.6029,15.6032,15.6032,15.6055,15.6054,
Sun Apr 12 2020 14:45:03 GMT-0400 (Eastern Daylight Time)
15.6055,15.6062,15.6062,15.6046,15.6046,15.6037,15.6039,15.6039,15.6039,15.6042,15.6042,15.604,15.604,15.604,15.6039,15.6042,15.6046,15.6034,15.604,15.6048,15.6044,15.6026,15.6026,15.6032,15.6036,15.604,15.6041,15.6046,15.6041,15.6045,15.6034,15.6034,15.6034,15.6026,15.6033,15.601,15.6007,15.6007,15.5993,15.5996,15.5985,15.5982,15.5979,15.5995,15.5995,15.5986,15.5983,15.5988,15.599,15.5958,15.5964,15.5961,15.5947,15.5944,15.5935,15.5902,15.5891,15.5891,15.5891,15.5894,
Sun Apr 12 2020 14:46:04 GMT-0400 (Eastern Daylight Time)
15.5895,15.5895,15.5889,15.5879,15.5872,15.5872,15.5877,15.587,15.5868,15.5875,15.588,15.5876,15.5882,15.5882,15.5878,15.588,15.5875,15.5875,15.5874,15.5874,15.588,15.5878,15.5869,15.5869,15.5871,15.5869,15.5891,15.5887,15.5898,15.5898,15.5898,15.5898,15.5898,15.5899,15.5896,15.589,15.589,15.5898,15.5898,15.5898,15.5909,15.5912,15.5904,15.5907,15.592,15.5924,15.5924,15.5924,15.5924,15.5924,15.5921,15.5921,15.5915,15.5913,15.5901,15.5901,15.5901,15.5895,15.59,15.59,
Sun Apr 12 2020 14:47:03 GMT-0400 (Eastern Daylight Time)
15.5897,15.5886,15.5889,15.5889,15.5882,15.5874,15.5878,15.5896,15.5895,15.5897,15.5894,15.5897,15.59,15.5908,15.5911,15.5911,15.5901,15.5904,15.5902,15.5896,15.589,15.5893,15.5903,15.5918,15.5912,15.5912,15.5907,15.5907,15.5907,15.5898,15.5903,15.591,15.5936,15.5935,15.5935,15.5935,15.5935,15.5927,15.5927,15.593,15.5942,15.5938,15.5922,15.5922,15.5912,15.5912,15.5912,15.5916,15.5903,15.5897,15.5897,15.5897,15.5902,15.5892,15.589,15.5884,15.5884,15.5882,15.5882,15.5882,
Sun Apr 12 2020 14:48:03 GMT-0400 (Eastern Daylight Time)
15.5883,15.5887,15.5887,15.5887,15.5887,15.5887,15.5888,15.5888,15.5892,15.5892,15.5887,15.5887,15.5889,15.5899,15.5899,15.5895,15.5904,15.5904,15.5899,15.5899,15.5895,15.5895,15.5895,15.5903,15.591,15.5916,15.5916,15.5916,15.5912,15.5912,15.5912,15.5912,15.5907,15.5907,15.5908,15.5908,15.5905,15.5911,15.5911,15.5911,15.5918,15.5909,15.5909,15.5909,15.5909,15.5912,15.5901,15.5901,15.5896,15.5896,15.5888,15.5892,15.5892,15.5882,15.5882,15.5882,15.588,15.588,15.588,15.5877,
Sun Apr 12 2020 14:49:03 GMT-0400 (Eastern Daylight Time)
15.5882,15.5882,15.5881,15.5881,15.5881,15.5881,15.5881,15.5888,15.5902,15.5902,15.5908,15.5908,15.5903,15.5903,15.5903,15.5903,15.5903,15.5897,15.5911,15.5911,15.5911,15.5914,15.5916,15.5921,15.5927,15.5927,15.5927,15.5932,15.5929,15.5925,15.5928,15.5928,15.5921,15.5921,15.5931,15.5934,15.5902,15.5906,15.5906,15.5908,15.5911,15.5907,15.5907,15.5903,15.5906,15.5897,15.5922,15.5922,15.5927,15.5927,15.5922,15.5929,15.5924,15.5924,15.5931,15.5933,15.5938,15.5938,15.5938,15.5938,
Sun Apr 12 2020 14:50:04 GMT-0400 (Eastern Daylight Time)
15.5939,15.5941,15.5947,15.5947,15.595,15.5943,15.5943,15.5928,15.5929,15.5933,15.5928,15.5916,15.5881,15.5884,15.5867,15.5867,15.5867,15.5861,15.5823,15.5823,15.5832,15.5832,15.5827,15.5816,15.5802,15.5802,15.5802,15.5806,15.5812,15.5812,15.5812,15.5805,15.5808,15.5805,15.5805,15.58,15.5794,15.5794,15.5794,15.5794,15.5799,15.5803,15.58,15.5796,15.5787,15.5792,15.5787,15.5785,15.5788,15.5786,15.5782,15.5782,15.578,15.5783,15.5781,15.5781,15.5787,15.5787,15.5802,15.5813,
Sun Apr 12 2020 14:51:03 GMT-0400 (Eastern Daylight Time)
15.5802,15.5799,15.5802,15.5799,15.5809,15.5809,15.5805,15.5805,15.5808,15.5818,15.5816,15.5837,15.5837,15.5815,15.5831,15.5831,15.5828,15.5836,15.5836,15.5835,15.5826,15.5831,15.5831,15.5834,15.5833,15.5836,15.5833,15.5836,15.584,15.584,15.5832,15.5825,15.5823,15.5826,15.5826,15.5826,15.5826,15.5826,15.583,15.582,15.5818,15.5821,15.5814,15.5814,15.5817,15.581,15.58,15.5795,15.5795,15.5798,15.5798,15.5789,15.5789,15.5792,15.5785,15.5785,15.5781,15.5781,15.5778,15.5778,
Sun Apr 12 2020 14:52:04 GMT-0400 (Eastern Daylight Time)
15.5776,15.578,15.578,15.5774,15.5775,15.5775,15.5783,15.5783,15.5787,15.5787,15.5787,15.5783,15.5783,15.5779,15.5779,15.5776,15.5776,15.577,15.5777,15.5777,15.5777,15.5777,15.5773,15.5769,15.5769,15.5769,15.5769,15.5769,15.5766,15.5766,15.5766,15.5766,15.5766,15.5766,15.5766,15.5766,15.5763,15.5772,15.5772,15.5779,15.5779,15.5774,15.5781,15.5781,15.5788,15.5788,15.5788,15.5784,15.5784,15.5784,15.579,15.5795,15.5795,15.5795,15.5795,15.5795,15.5795,15.5795,15.5795,15.5795,
Sun Apr 12 2020 14:53:03 GMT-0400 (Eastern Daylight Time)
15.5795,15.5796,15.5796,15.5796,15.5789,15.5784,15.5784,15.5784,15.5788,15.5788,15.5788,15.5788,15.5791,15.5791,15.5798,15.5795,15.5795,15.5803,15.5803,15.5804,15.5801,15.5821,15.5817,15.5817,15.5817,15.5824,15.5827,15.5831,15.5839,15.5833,15.5833,15.583,15.5836,15.5836,15.5803,15.581,15.5801,15.5818,15.5818,15.5811,15.5811,15.5796,15.5793,15.579,15.5792,15.5776,15.5771,15.5773,15.5776,15.5766,15.5766,15.576,15.5752,15.5752,15.5764,15.577,15.577,15.581,15.5807,15.5811,
Sun Apr 12 2020 14:54:03 GMT-0400 (Eastern Daylight Time)
15.5807,15.5799,15.5796,15.5789,15.5793,15.5782,15.5776,15.5776,15.577,15.5764,15.5766,15.5762,15.5774,15.5783,15.5769,15.5769,15.5769,15.5773,15.5767,15.5764,15.5767,15.5765,15.5762,15.5785,15.579,15.5772,15.5772,15.5772,15.5762,15.5738,15.5738,15.5749,15.5738,15.5743,15.5741,15.5731,15.5733,15.5742,15.5742,15.5736,15.5739,15.575,15.5751,15.5754,15.5748,15.5751,15.5751,15.5751,15.5748,15.5757,15.5752,15.576,15.576,15.5766,15.5766,15.5766,15.5771,15.5768,15.5766,15.5762,
Sun Apr 12 2020 14:55:04 GMT-0400 (Eastern Daylight Time)
15.5762,15.5762,15.576,15.576,15.5763,15.5767,15.5771,15.5784,15.5784,15.5779,15.5781,15.5785,15.5782,15.5786,15.5789,15.5785,15.5785,15.5783,15.5791,15.58,15.5793,15.5809,15.5809,15.5815,15.5815,15.5823,15.5815,15.5818,15.5823,15.5803,15.5809,15.5806,15.5781,15.5779,15.577,15.5764,15.5772,15.5774,15.5774,15.5774,15.5762,15.5758,15.5761,15.5761,15.5768,15.5762,15.5762,15.5762,15.5759,15.5762,15.5763,15.5763,15.5764,15.5781,15.5771,15.5776,15.5773,15.5784,15.5774,15.5777,
Sun Apr 12 2020 14:56:03 GMT-0400 (Eastern Daylight Time)
15.577,15.5765,15.5768,15.5773,15.5773,15.5774,15.5784,15.5784,15.5787,15.5787,15.5784,15.5789,15.5787,15.5787,15.5787,15.5787,15.5791,15.5791,15.5791,15.5791,15.5791,15.5785,15.5788,15.5811,15.5811,15.5811,15.5811,15.5802,15.5802,15.5802,15.5799,15.5795,15.5799,15.5792,15.5788,15.5786,15.5796,15.5795,15.579,15.5787,15.579,15.5793,15.5793,15.5796,15.5793,15.5793,15.5795,15.5795,15.5787,15.5787,15.5787,15.5787,15.5784,15.5787,15.5783,15.5783,15.5777,15.5777,15.5777,15.5772,
Sun Apr 12 2020 14:57:04 GMT-0400 (Eastern Daylight Time)
15.5772,15.5772,15.5772,15.5779,15.5774,15.5768,15.5771,15.5756,15.5756,15.5758,15.5755,15.577,15.577,15.577,15.577,15.5773,15.5769,15.5768,15.5768,15.5772,15.5785,15.5796,15.5794,15.5777,15.5771,15.5768,15.5766,15.5763,15.5768,15.5764,15.5758,15.5758,15.5764,15.577,15.5768,15.5764,15.5761,15.5776,15.5776,15.5783,15.5788,15.5791,15.5791,15.5777,15.5781,15.5777,15.5777,15.5773,15.578,15.5771,15.5774,15.5768,15.5768,15.5764,15.5767,15.5767,15.5767,15.5763,15.5772,15.5772,
Sun Apr 12 2020 14:58:04 GMT-0400 (Eastern Daylight Time)
15.5749,15.5747,15.5745,15.5743,15.5733,15.5727,15.5727,15.5727,15.5727,15.5724,15.5718,15.5715,15.5723,15.5725,15.5729,15.5736,15.5736,15.5736,15.5712,15.5716,15.5713,15.5714,15.571,15.57,15.57,15.5712,15.5711,15.5714,15.5718,15.572,15.5734,15.5738,15.5735,15.5733,15.5708,15.5708,15.5712,15.5719,15.5712,15.5712,15.5708,15.5708,15.5717,15.572,15.5715,15.5717,15.5714,15.571,15.5708,15.5708,15.5711,15.5711,15.5711,15.5712,15.5708,15.57,15.5712,15.5712,15.5715,15.5715,
Sun Apr 12 2020 14:59:03 GMT-0400 (Eastern Daylight Time)
15.5711,15.5711,15.5708,15.5708,15.5711,15.5711,15.5711,15.5697,15.5697,15.5691,15.5689,15.5689,15.5687,15.5679,15.5679,15.5681,15.5677,15.5674,15.5674,15.5669,15.566,15.5656,15.5678,15.5678,15.5673,15.5673,15.5673,15.5667,15.5674,15.5674,15.5687,15.5702,15.5702,15.5689,15.5697,15.5703,15.5695,15.5695,15.5705,15.5705,15.57,15.5696,15.5693,15.5691,15.5698,15.5698,15.57,15.5686,15.5689,15.5695,15.5687,15.5687,15.5677,15.5679,15.5679,15.567,15.567,15.5674,15.5661,15.5655,
Sun Apr 12 2020 15:00:03 GMT-0400 (Eastern Daylight Time)
15.5655,15.5652,15.5653,15.5653,15.5643,15.5646,15.5644,15.5644,15.5644,15.5637,15.5641,15.5638,15.5633,15.5638,15.5643,15.5634,15.5634,15.5638,15.5638,15.5641,15.5641,15.5641,15.5653,15.5649,15.5645,15.5642,15.5646,15.5645,15.5645,15.5648,15.5638,15.5642,15.5651,15.5651,15.565,15.5652,15.5652,15.5652,15.5659,15.5656,15.5653,15.566,15.5663,15.5666,15.5661,15.5661,15.5661,15.5655,15.5659,15.5665,15.5655,15.5663,15.5663,15.566,15.5664,15.5663,15.5667,15.5664,15.5664,15.5677,
Sun Apr 12 2020 15:01:03 GMT-0400 (Eastern Daylight Time)
15.5678,15.5678,15.5687,15.5684,15.5679,15.5682,15.5684,15.5684,15.5684,15.5684,15.5694,15.5694,15.5688,15.5685,15.5684,15.568,15.5685,15.5685,15.5689,15.5682,15.5679,15.5679,15.5679,15.569,15.569,15.5694,15.5694,15.5694,15.5694,15.5697,15.5701,15.5711,15.5711,15.5707,15.5706,15.5703,15.5717,15.5717,15.5712,15.5712,15.5712,15.571,15.5704,15.5704,15.5704,15.5709,15.5694,15.5694,15.5694,15.5694,15.5694,15.5694,15.5687,15.5687,15.5687,15.5687,15.5687,15.5687,15.5684,15.5684,
Sun Apr 12 2020 15:02:03 GMT-0400 (Eastern Daylight Time)
15.5684,15.5684,15.5682,15.5682,15.5678,15.5678,15.5678,15.5684,15.5689,15.5689,15.5689,15.5689,15.5697,15.5697,15.5697,15.5697,15.5697,15.5697,15.57,15.5709,15.5709,15.5709,15.5714,15.5722,15.5722,15.5722,15.5716,15.5716,15.5716,15.5716,15.5716,15.5716,15.5702,15.5699,15.5696,15.5693,15.569,15.5686,15.5699,15.5696,15.5698,15.5694,15.5692,15.5669,15.5662,15.5668,15.5664,15.5662,15.5672,15.5664,15.5656,15.5663,15.566,15.566,15.5667,15.567,15.567,15.567,15.5663,15.5666,
Sun Apr 12 2020 15:03:04 GMT-0400 (Eastern Daylight Time)
15.5666,15.5657,15.5648,15.566,15.5675,15.5675,15.5671,15.5666,15.5685,15.5692,15.5697,15.5689,15.5686,15.569,15.5692,15.5685,15.5676,15.5676,15.5676,15.568,15.5684,15.5684,15.5684,15.568,15.5693,15.5706,15.5702,15.5701,15.5698,15.5711,15.5705,15.5703,15.5703,15.5688,15.569,15.569,15.5691,15.5687,15.5689,15.5694,15.5694,15.5696,15.57,15.57,15.5702,15.5704,15.5702,15.5695,15.5699,15.5695,15.5695,15.5693,15.569,15.5678,15.5678,15.5678,15.5686,15.569,15.5687,15.5692,
Sun Apr 12 2020 15:04:04 GMT-0400 (Eastern Daylight Time)
15.5689,15.5684,15.5687,15.5689,15.5695,15.5695,15.5697,15.5686,15.5686,15.5691,15.5696,15.5698,15.5689,15.5689,15.5683,15.5679,15.5682,15.5685,15.5685,15.5685,15.5685,15.5685,15.5681,15.5693,15.569,15.5693,15.5698,15.5707,15.5711,15.5711,15.5714,15.5709,15.5701,15.568,15.5683,15.568,15.5683,15.5683,15.5694,15.57,15.57,15.57,15.5718,15.5716,15.57,15.57,15.5702,15.5706,15.5706,15.5697,15.5697,15.5709,15.5704,15.5707,15.5691,15.5691,15.5689,15.5683,15.5693,15.5689,
Sun Apr 12 2020 15:05:04 GMT-0400 (Eastern Daylight Time)
15.569,15.569,15.5709,15.5715,15.5715,15.5714,15.5717,15.5725,15.5725,15.5725,15.5714,15.5709,15.5709,15.5709,15.5709,15.5715,15.5718,15.5722,15.572,15.5715,15.5715,15.5718,15.5718,15.5713,15.5726,15.5726,15.5728,15.5732,15.573,15.573,15.573,15.5731,15.5732,15.5748,15.5742,15.5748,15.5749,15.5726,15.5723,15.5718,15.5727,15.5734,15.5731,15.5725,15.5725,15.5723,15.5728,15.5713,15.5717,15.5719,15.5715,15.5715,15.571,15.5702,15.5689,15.5685,15.5686,15.5683,15.5692,15.5695,
Sun Apr 12 2020 15:06:03 GMT-0400 (Eastern Daylight Time)
15.5695,15.5695,15.5692,15.5692,15.5692,15.5696,15.5705,15.5705,15.5695,15.5691,15.5691,15.5689,15.5689,15.5683,15.5676,15.5676,15.5684,15.5703,15.5696,15.5696,15.5693,15.569,15.5687,15.5693,15.5693,15.5709,15.571,15.5711,15.5699,15.5707,15.5716,15.5716,15.5713,15.5708,15.5712,15.5713,15.5709,15.5702,15.5692,15.5687,15.5691,15.5695,15.5698,15.5702,15.5686,15.5683,15.5684,15.5676,15.5683,15.568,15.5674,15.5674,15.567,15.5677,15.5668,15.5668,15.5674,15.5679,15.5682,15.5686,
Sun Apr 12 2020 15:07:03 GMT-0400 (Eastern Daylight Time)
15.5682,15.5679,15.5675,15.5671,15.5669,15.5668,15.5671,15.5664,15.5664,15.5662,15.5662,15.5663,15.567,15.5683,15.5683,15.5688,15.5686,15.5692,15.5684,15.5677,15.5677,15.5677,15.5672,15.5673,15.5673,15.5662,15.567,15.5663,15.5662,15.5651,15.5639,15.5639,15.5639,15.5644,15.564,15.5633,15.563,15.563,15.563,15.5632,15.5636,15.5637,15.5635,15.5638,15.5642,15.5645,15.5643,15.5655,15.5655,15.5642,15.5642,15.564,15.5637,15.5635,15.563,15.5636,15.5632,15.5629,15.5615,15.5607,
Sun Apr 12 2020 15:08:03 GMT-0400 (Eastern Daylight Time)
15.558,15.558,15.558,15.5578,15.5578,15.5578,15.5565,15.5559,15.5577,15.5581,15.5585,15.5591,15.5596,15.5593,15.5593,15.5593,15.5596,15.5591,15.5591,15.5588,15.5573,15.5576,15.5575,15.5574,15.5574,15.5593,15.5593,15.5594,15.5607,15.5607,15.5613,15.562,15.5617,15.5617,15.5615,15.5613,15.5613,15.5606,15.5609,15.5614,15.5618,15.5621,15.5628,15.5631,15.5631,15.5631,15.5631,15.5628,15.5628,15.5631,15.5628,15.5624,15.5624,15.5635,15.5639,15.5639,15.5642,15.5642,15.5641,15.5636,
Sun Apr 12 2020 15:09:03 GMT-0400 (Eastern Daylight Time)
15.5636,15.5644,15.5641,15.5635,15.5635,15.5662,15.5659,15.5659,15.5656,15.566,15.5662,15.5665,15.5662,15.5659,15.5664,15.5669,15.5671,15.5669,15.5669,15.5674,15.5671,15.5677,15.5681,15.5675,15.5675,15.5683,15.5692,15.5686,15.5687,15.5687,15.5695,15.5685,15.5685,15.5682,15.5682,15.5679,15.569,15.569,15.5677,15.5674,15.5668,15.5665,15.5663,15.5659,15.566,15.5663,15.5663,15.5657,15.5673,15.5673,15.5673,15.5677,15.5677,15.5684,15.5687,15.5696,15.5702,15.5704,15.5708,15.5697,
Sun Apr 12 2020 15:10:04 GMT-0400 (Eastern Daylight Time)
15.5691,15.5725,15.5729,15.5714,15.5715,15.5705,15.5701,15.5707,15.5705,15.5708,15.571,15.5715,15.5715,15.5715,15.5715,15.5719,15.5716,15.5718,15.5726,15.5726,15.5728,15.5731,15.5728,15.5732,15.5732,15.573,15.5737,15.5743,15.574,15.5734,15.5736,15.574,15.574,15.5731,15.5737,15.5752,15.5752,15.5738,15.5738,15.5753,15.5753,15.5748,15.5756,15.5764,15.577,15.5762,15.5768,15.5764,15.5764,15.576,15.576,15.5755,15.5755,15.5754,15.5751,15.5755,15.5761,15.5766,15.5795,15.5799,
Sun Apr 12 2020 15:11:04 GMT-0400 (Eastern Daylight Time)
15.5799,15.5791,15.5791,15.5793,15.5793,15.5793,15.5782,15.5784,15.5783,15.5787,15.5787,15.578,15.5762,15.5762,15.5768,15.5772,15.5772,15.5772,15.5772,15.5775,15.5775,15.5775,15.577,15.5761,15.5757,15.5762,15.5759,15.5758,15.5758,15.5753,15.5748,15.5737,15.5737,15.5733,15.5731,15.5722,15.5722,15.5727,15.5733,15.5733,15.5729,15.5729,15.5729,15.5723,15.5731,15.5728,15.5728,15.5731,15.5728,15.5728,15.5724,15.5727,15.5725,15.5725,15.5725,15.5725,15.5729,15.5729,15.5729,15.5732,
Sun Apr 12 2020 15:12:03 GMT-0400 (Eastern Daylight Time)
15.5737,15.5737,15.5737,15.5737,15.5737,15.5737,15.5716,15.5716,15.5712,15.5712,15.5715,15.5717,15.5707,15.5712,15.5712,15.571,15.571,15.571,15.571,15.5715,15.5718,15.5718,15.5721,15.5718,15.5718,15.5718,15.5718,15.5718,15.5722,15.5722,15.5722,15.5722,15.5722,15.5722,15.5722,15.5722,15.572,15.572,15.5714,15.5702,15.5699,15.5699,15.5699,15.5699,15.57,15.57,15.57,15.569,15.5693,15.5692,15.5683,15.567,15.5661,15.5661,15.5658,15.5659,15.5662,15.5662,15.5658,15.5654,
Sun Apr 12 2020 15:13:04 GMT-0400 (Eastern Daylight Time)
15.5657,15.5657,15.5657,15.5657,15.5654,15.5651,15.5648,15.5636,15.564,15.5636,15.5636,15.5636,15.564,15.5634,15.5642,15.5649,15.5627,15.5627,15.5627,15.5632,15.5629,15.5627,15.5611,15.5615,15.562,15.562,15.5622,15.563,15.5632,15.5621,15.5626,15.5625,15.5613,15.561,15.561,15.5613,15.5616,15.5616,15.5605,15.5602,15.56,15.5605,15.5605,15.5605,15.5596,15.5602,15.5602,15.5613,15.5618,15.5621,15.5618,15.5616,15.5613,15.5606,15.5615,15.5599,15.5605,15.5599,15.5602,15.56,
Sun Apr 12 2020 15:14:04 GMT-0400 (Eastern Daylight Time)
15.5597,15.5599,15.5603,15.56,15.56,15.56,15.56,15.5595,15.5598,15.559,15.5591,15.5594,15.559,15.559,15.5588,15.5584,15.5584,15.5584,15.5584,15.5584,15.5602,15.5602,15.5598,15.5598,15.5593,15.5602,15.5602,15.5602,15.5608,15.5608,15.5596,15.5593,15.5596,15.5589,15.5587,15.559,15.5587,15.5587,15.5599,15.5593,15.5591,15.5597,15.5603,15.5608,15.561,15.5613,15.5607,15.5602,15.5599,15.5606,15.5606,15.5606,15.5606,15.5606,15.56,15.5621,15.5603,15.5598,15.5598,15.5604,
Sun Apr 12 2020 15:15:03 GMT-0400 (Eastern Daylight Time)
15.5607,15.5604,15.5604,15.5604,15.5602,15.5623,15.5623,15.5623,15.5621,15.5618,15.5605,15.5608,15.5612,15.56,15.56,15.56,15.5605,15.5601,15.5584,15.5587,15.558,15.5605,15.5607,15.56,15.561,15.561,15.5622,15.5622,15.5625,15.5625,15.5622,15.5622,15.5627,15.5616,15.562,15.563,15.5627,15.5629,15.5637,15.5637,15.5637,15.5637,15.5646,15.5631,15.5636,15.564,15.5637,15.5642,15.5635,15.5644,15.5639,15.5639,15.5655,15.5651,15.5651,15.5644,15.5643,15.5645,15.5648,15.5657,
Sun Apr 12 2020 15:16:04 GMT-0400 (Eastern Daylight Time)
15.5662,15.5658,15.5662,15.5662,15.565,15.5647,15.5647,15.565,15.5644,15.5648,15.5654,15.5657,15.5652,15.5657,15.566,15.5656,15.5664,15.5667,15.5673,15.5673,15.5662,15.566,15.566,15.5657,15.5667,15.5667,15.5673,15.5675,15.5677,15.5681,15.5695,15.569,15.5695,15.57,15.5703,15.5703,15.5718,15.5716,15.5713,15.5725,15.571,15.5706,15.5706,15.5713,15.5715,15.5715,15.572,15.572,15.5717,15.5717,15.5722,15.5751,15.5776,15.5779,15.5767,15.5767,15.577,15.5767,15.5742,15.5755,
Sun Apr 12 2020 15:17:04 GMT-0400 (Eastern Daylight Time)
15.5758,15.5742,15.5747,15.5752,15.5748,15.5743,15.5743,15.5739,15.5739,15.5739,15.5736,15.5736,15.574,15.5736,15.5737,15.5728,15.5728,15.5724,15.5724,15.5722,15.5722,15.572,15.5723,15.5723,15.5723,15.5719,15.5719,15.5716,15.5714,15.5711,15.5715,15.5712,15.5701,15.5701,15.5697,15.5686,15.5707,15.5702,15.5694,15.5697,15.5697,15.5694,15.5689,15.5689,15.5689,15.5684,15.5682,15.5682,15.5671,15.5668,15.567,15.5671,15.5669,15.5669,15.5669,15.5659,15.5662,15.5663,15.5677,15.5676,
Sun Apr 12 2020 15:18:03 GMT-0400 (Eastern Daylight Time)
15.5676,15.5678,15.5676,15.5676,15.5674,15.5674,15.5668,15.5657,15.5653,15.565,15.5652,15.5652,15.5645,15.5637,15.5634,15.5625,15.5618,15.5619,15.5623,15.5611,15.5611,15.5606,15.561,15.5607,15.5605,15.561,15.5614,15.561,15.5637,15.5637,15.5634,15.5628,15.5625,15.5613,15.5605,15.5605,15.561,15.561,15.5615,15.5613,15.5618,15.5625,15.5625,15.5595,15.5598,15.5589,15.5589,15.5594,15.559,15.5581,15.5577,15.558,15.558,15.5566,15.5566,15.5569,15.5565,15.5565,15.5572,15.5579,
Sun Apr 12 2020 15:19:03 GMT-0400 (Eastern Daylight Time)
15.5584,15.5588,15.5585,15.558,15.558,15.5578,15.5578,15.5578,15.5585,15.5581,15.5556,15.5559,15.5559,15.5559,15.5553,15.5581,15.5586,15.5619,15.5617,15.5629,15.5627,15.5631,15.5634,15.5631,15.5624,15.5607,15.5603,15.5607,15.5606,15.5596,15.5609,15.5605,15.5608,15.5611,15.5611,15.5611,15.5598,15.5603,15.56,15.56,15.5605,15.5605,15.5603,15.5591,15.5591,15.5589,15.5589,15.5592,15.5575,15.5575,15.5583,15.5583,15.5585,15.5589,15.5585,15.5587,15.5584,15.5594,15.5594,15.5598,
Sun Apr 12 2020 15:20:03 GMT-0400 (Eastern Daylight Time)
15.5591,15.5596,15.5598,15.5602,15.5618,15.5615,15.5617,15.5623,15.5619,15.5622,15.5645,15.5635,15.5659,15.5654,15.5654,15.5659,15.5655,15.5655,15.5651,15.5655,15.5656,15.5652,15.5652,15.5655,15.5654,15.5659,15.5659,15.5659,15.5662,15.5664,15.5657,15.5676,15.5679,15.5667,15.5661,15.5651,15.5654,15.5656,15.5656,15.5656,15.5672,15.5672,15.5664,15.5652,15.5658,15.5658,15.5664,15.5666,15.5662,15.5662,15.5664,15.5661,15.5655,15.5653,15.5653,15.5653,15.5648,15.5635,15.5641,15.5644,
Sun Apr 12 2020 15:21:04 GMT-0400 (Eastern Daylight Time)
15.5644,15.5654,15.5652,15.5652,15.5654,15.5659,15.5659,15.5653,15.565,15.5656,15.5658,15.5655,15.5652,15.5661,15.5657,15.5657,15.5661,15.5641,15.5641,15.5632,15.5625,15.5625,15.5623,15.5618,15.5613,15.5613,15.5613,15.5617,15.562,15.5627,15.5629,15.5634,15.5634,15.5639,15.5645,15.5645,15.563,15.5632,15.5623,15.5623,15.5625,15.562,15.5617,15.5612,15.5612,15.5623,15.5624,15.562,15.562,15.562,15.5623,15.5626,15.5623,15.5625,15.561,15.5604,15.561,15.5608,15.5612,15.5609,
Sun Apr 12 2020 15:22:04 GMT-0400 (Eastern Daylight Time)
15.5612,15.5614,15.5609,15.5609,15.5609,15.5609,15.5617,15.5628,15.5628,15.562,15.5613,15.561,15.561,15.5596,15.5598,15.56,15.5603,15.5602,15.5616,15.5618,15.5607,15.5607,15.5607,15.5612,15.5615,15.5618,15.5618,15.5618,15.5621,15.5629,15.5629,15.5638,15.5643,15.5654,15.5654,15.5651,15.5656,15.5658,15.5663,15.5665,15.5665,15.5665,15.5661,15.5661,15.5661,15.567,15.5672,15.5672,15.5674,15.5678,15.5678,15.5663,15.566,15.5658,15.5658,15.5658,15.5656,15.5673,15.567,15.5659,
Sun Apr 12 2020 15:23:04 GMT-0400 (Eastern Daylight Time)
15.5665,15.5671,15.5667,15.5673,15.5673,15.5683,15.5677,15.5676,15.5673,15.5678,15.5678,15.5666,15.5662,15.565,15.5646,15.5647,15.5647,15.5647,15.5644,15.5648,15.5648,15.5648,15.5643,15.5646,15.5651,15.5652,15.5658,15.5655,15.5655,15.5645,15.5648,15.5652,15.5652,15.5652,15.565,15.5644,15.5653,15.5636,15.5633,15.5636,15.5636,15.5636,15.5644,15.5646,15.5649,15.5635,15.5632,15.5616,15.5616,15.5624,15.5622,15.5623,15.5612,15.5606,15.5604,15.5609,15.5614,15.5612,15.5617,15.5627,
Sun Apr 12 2020 15:24:03 GMT-0400 (Eastern Daylight Time)
15.5636,15.563,15.5626,15.5626,15.5618,15.5625,15.5629,15.5633,15.5627,15.563,15.563,15.5623,15.5626,15.5626,15.5623,15.5617,15.5617,15.5612,15.5609,15.5609,15.5606,15.561,15.5616,15.5616,15.5614,15.5603,15.56,15.5602,15.5602,15.5597,15.56,15.56,15.5612,15.561,15.5591,15.5598,15.5598,15.56,15.5576,15.5576,15.5573,15.5587,15.5587,15.5589,15.5589,15.5584,15.5574,15.5597,15.5597,15.5592,15.5592,15.5594,15.559,15.5597,15.56,15.5603,15.5603,15.5624,15.5624,15.5631,
Sun Apr 12 2020 15:25:03 GMT-0400 (Eastern Daylight Time)
15.5631,15.5627,15.5623,15.5627,15.5627,15.5617,15.5617,15.5616,15.5616,15.5611,15.5608,15.5617,15.5611,15.5616,15.5619,15.5619,15.5619,15.5625,15.5625,15.5625,15.5623,15.5627,15.5623,15.5625,15.5629,15.5615,15.5619,15.5619,15.5619,15.5623,15.5628,15.5633,15.5636,15.5636,15.5636,15.5638,15.5612,15.5621,15.5623,15.5623,15.562,15.5609,15.5605,15.5599,15.5603,15.5603,15.5603,15.5606,15.5606,15.5608,15.5602,15.5612,15.5614,15.5616,15.562,15.5612,15.5612,15.562,15.5618,15.5615,
Sun Apr 12 2020 15:26:03 GMT-0400 (Eastern Daylight Time)
15.561,15.5606,15.561,15.5613,15.5605,15.5599,15.5591,15.5587,15.5587,15.5595,15.5592,15.5585,15.558,15.5611,15.5609,15.5607,15.5614,15.5605,15.5601,15.5599,15.5599,15.559,15.559,15.5586,15.5586,15.559,15.5592,15.5595,15.5595,15.5589,15.558,15.558,15.5577,15.5574,15.558,15.5572,15.5574,15.5573,15.5573,15.5573,15.5581,15.5584,15.5587,15.5572,15.5552,15.5545,15.5537,15.5537,15.5537,15.5535,15.5541,15.5542,15.5534,15.5542,15.5545,15.5535,15.5537,15.5533,15.5546,15.5546,
Sun Apr 12 2020 15:27:03 GMT-0400 (Eastern Daylight Time)
15.555,15.555,15.5547,15.5535,15.5531,15.5527,15.5529,15.5525,15.5515,15.5519,15.5519,15.5519,15.5525,15.5525,15.5526,15.5513,15.5516,15.5513,15.5508,15.5503,15.55,15.5497,15.5507,15.5507,15.5509,15.5509,15.5515,15.5513,15.5483,15.5487,15.5492,15.5496,15.5493,15.5481,15.5476,15.5481,15.5469,15.5463,15.5463,15.5463,15.5463,15.5463,15.5453,15.5453,15.5453,15.5453,15.5453,15.5453,15.5453,15.5446,15.5452,15.5462,15.5465,15.5466,15.5463,15.5469,15.5469,15.5475,15.5475,15.549,
Sun Apr 12 2020 15:28:03 GMT-0400 (Eastern Daylight Time)
15.5495,15.5496,15.5514,15.5511,15.5514,15.5507,15.5504,15.5492,15.5492,15.5499,15.5488,15.5492,15.5492,15.55,15.5503,15.5498,15.5507,15.5513,15.5524,15.5529,15.5532,15.5535,15.5537,15.5542,15.5548,15.5548,15.5544,15.5547,15.555,15.5558,15.5552,15.5551,15.5553,15.5557,15.5557,15.5552,15.5552,15.5547,15.5567,15.5565,15.5563,15.5566,15.5555,15.5552,15.5552,15.5545,15.555,15.5555,15.556,15.5556,15.5554,15.555,15.5568,15.5573,15.5573,15.556,15.5569,15.5569,15.5587,15.5581,
Sun Apr 12 2020 15:29:04 GMT-0400 (Eastern Daylight Time)
15.5578,15.5579,15.5575,15.5578,15.5575,15.5569,15.556,15.556,15.5569,15.5572,15.5552,15.5559,15.5543,15.5543,15.5546,15.5546,15.5548,15.5543,15.5533,15.556,15.5558,15.5558,15.5584,15.5588,15.5588,15.5579,15.5576,15.5582,15.5582,15.5579,15.5579,15.5577,15.5557,15.5557,15.5551,15.5551,15.5551,15.5548,15.5559,15.5578,15.558,15.5572,15.557,15.5573,15.5567,15.5568,15.5571,15.5597,15.5594,15.5594,15.5599,15.5609,15.5605,15.5605,15.5621,15.5613,15.5617,15.5617,15.5613,15.5611,
Sun Apr 12 2020 15:30:03 GMT-0400 (Eastern Daylight Time)
15.5596,15.5599,15.5602,15.5608,15.5606,15.5606,15.5603,15.5616,15.5613,15.56,15.5586,15.5589,15.5589,15.5599,15.5609,15.5606,15.5611,15.5608,15.56,15.5603,15.5596,15.5593,15.5602,15.5602,15.5599,15.5587,15.5585,15.5583,15.5588,15.5588,15.5591,15.5594,15.5598,15.5606,15.5604,15.5604,15.5609,15.5613,15.5616,15.5615,15.5615,15.5634,15.5645,15.5645,15.5637,15.5637,15.5649,15.5638,15.5638,15.5636,15.5624,15.5627,15.5627,15.5612,15.5589,15.5558,15.5583,15.558,15.558,15.5588,
Sun Apr 12 2020 15:31:03 GMT-0400 (Eastern Daylight Time)
15.559,15.559,15.5584,15.5584,15.5581,15.5586,15.5583,15.5586,15.5595,15.5595,15.5595,15.5593,15.5599,15.5599,15.5602,15.5602,15.5595,15.5595,15.5596,15.5596,15.5599,15.5599,15.5603,15.5603,15.5603,15.5606,15.561,15.561,15.5613,15.5616,15.5618,15.5615,15.5615,15.5618,15.5618,15.5612,15.5598,15.5595,15.56,15.5606,15.5617,15.561,15.5618,15.5615,15.562,15.5625,15.5633,15.5633,15.5638,15.5638,15.564,15.5647,15.5643,15.5643,15.5646,15.565,15.565,15.5667,15.567,15.5675,
Sun Apr 12 2020 15:32:04 GMT-0400 (Eastern Daylight Time)
15.5672,15.567,15.567,15.5677,15.5677,15.5677,15.5665,15.5655,15.5655,15.565,15.565,15.565,15.565,15.565,15.5648,15.5651,15.5648,15.5648,15.5645,15.5649,15.5649,15.5646,15.5633,15.5633,15.5633,15.5628,15.5634,15.5639,15.5639,15.5635,15.5632,15.5638,15.5628,15.5628,15.5632,15.563,15.563,15.5627,15.5625,15.5625,15.5621,15.5618,15.5621,15.5621,15.5621,15.5613,15.562,15.562,15.5626,15.5632,15.5634,15.5632,15.5632,15.5636,15.5624,15.5621,15.5624,15.562,15.5633,15.5646,
Sun Apr 12 2020 15:33:03 GMT-0400 (Eastern Daylight Time)
15.5637,15.5634,15.5628,15.5628,15.5628,15.5628,15.563,15.5636,15.5636,15.5627,15.5626,15.5626,15.5626,15.5629,15.5633,15.5631,15.5634,15.5637,15.5645,15.5639,15.5635,15.5635,15.5634,15.5634,15.5626,15.5623,15.5612,15.5612,15.5619,15.5616,15.5612,15.5612,15.5616,15.5621,15.5626,15.5626,15.5622,15.5622,15.5624,15.5615,15.562,15.5618,15.5618,15.5616,15.5616,15.5619,15.5611,15.5614,15.5614,15.5617,15.5596,15.5593,15.5586,15.559,15.56,15.5594,15.5609,15.5626,15.5626,15.5622,
Sun Apr 12 2020 15:34:04 GMT-0400 (Eastern Daylight Time)
15.5624,15.5633,15.5612,15.5595,15.5595,15.559,15.5593,15.5598,15.5603,15.5603,15.5603,15.5594,15.5594,15.5587,15.5587,15.5585,15.5587,15.5584,15.5576,15.5574,15.5577,15.5577,15.5581,15.5562,15.5565,15.5569,15.5567,15.5567,15.5572,15.5575,15.5575,15.5575,15.5572,15.5575,15.5574,15.5579,15.5582,15.5583,15.5598,15.5605,15.5605,15.5602,15.5615,15.5615,15.5621,15.5621,15.5616,15.5613,15.5613,15.5614,15.5614,15.5609,15.5602,15.5608,15.5623,15.5623,15.5628,15.5628,15.5628,15.5628,
Sun Apr 12 2020 15:35:04 GMT-0400 (Eastern Daylight Time)
15.5628,15.5628,15.5636,15.5629,15.5612,15.5616,15.5616,15.5622,15.5622,15.5611,15.5604,15.5604,15.5604,15.5608,15.5612,15.5612,15.5612,15.5612,15.5612,15.5605,15.5605,15.5609,15.5609,15.5609,15.5611,15.5595,15.5589,15.5589,15.5578,15.5581,15.5577,15.5578,15.5578,15.5575,15.5575,15.5575,15.5575,15.5572,15.5579,15.5583,15.5578,15.5584,15.5587,15.5573,15.5576,15.5585,15.5591,15.5594,15.5582,15.5585,15.5578,15.558,15.558,15.5574,15.557,15.557,15.559,15.5588,15.5596,15.5611,
Sun Apr 12 2020 15:36:03 GMT-0400 (Eastern Daylight Time)
15.5617,15.5622,15.5622,15.5619,15.5619,15.5616,15.562,15.5615,15.5617,15.562,15.562,15.5611,15.5607,15.5612,15.56,15.5603,15.5603,15.5603,15.56,15.5603,15.5606,15.5612,15.5614,15.5615,15.5615,15.5608,15.5604,15.5585,15.5579,15.5583,15.5588,15.5585,15.5582,15.5575,15.5588,15.5575,15.5567,15.5567,15.5572,15.5564,15.555,15.5559,15.5559,15.5559,15.5543,15.5555,15.5558,15.556,15.5557,15.5549,15.5553,15.555,15.5544,15.5535,15.5532,15.5527,15.5527,15.552,15.552,15.5514,
Sun Apr 12 2020 15:37:03 GMT-0400 (Eastern Daylight Time)
15.552,15.552,15.5523,15.552,15.552,15.5518,15.551,15.5522,15.5525,15.5525,15.5522,15.5514,15.5514,15.5512,15.5507,15.5507,15.5498,15.5495,15.5492,15.5489,15.5484,15.5487,15.5487,15.5481,15.5481,15.548,15.5493,15.5493,15.5493,15.5509,15.5509,15.5515,15.5518,15.5525,15.5525,15.5525,15.5528,15.5532,15.5532,15.553,15.553,15.5526,15.5523,15.5525,15.5528,15.553,15.5527,15.5521,15.5518,15.5512,15.5485,15.5479,15.5492,15.5492,15.5492,15.5483,15.548,15.548,15.548,15.5477,
Sun Apr 12 2020 15:38:04 GMT-0400 (Eastern Daylight Time)
15.5479,15.5459,15.5459,15.546,15.5458,15.5454,15.5452,15.5461,15.5458,15.5452,15.5452,15.545,15.5464,15.5461,15.5461,15.5464,15.545,15.545,15.5452,15.5452,15.5455,15.5459,15.5457,15.5454,15.5457,15.5457,15.5453,15.5456,15.545,15.5454,15.5471,15.5481,15.5479,15.5481,15.5484,15.5485,15.548,15.5468,15.5468,15.5476,15.5487,15.5483,15.5483,15.548,15.548,15.5484,15.5494,15.5493,15.5481,15.5485,15.548,15.5485,15.5483,15.548,15.548,15.5475,15.5481,15.5473,15.5473,15.5482,
Sun Apr 12 2020 15:39:04 GMT-0400 (Eastern Daylight Time)
15.5474,15.5477,15.5477,15.5471,15.5473,15.5469,15.5479,15.5477,15.548,15.5472,15.5472,15.5469,15.5474,15.5476,15.548,15.5487,15.548,15.5486,15.5489,15.5492,15.5496,15.549,15.5495,15.5501,15.549,15.5497,15.5504,15.5498,15.5496,15.55,15.55,15.5505,15.5492,15.5494,15.5494,15.549,15.5487,15.5489,15.549,15.5491,15.5487,15.5485,15.5489,15.5486,15.5492,15.5486,15.5483,15.5483,15.5475,15.5475,15.5483,15.5483,15.5485,15.5484,15.5484,15.5489,15.5487,15.5483,15.5486,15.5475,
Sun Apr 12 2020 15:40:04 GMT-0400 (Eastern Daylight Time)
15.5475,15.5466,15.5466,15.5455,15.5448,15.5453,15.5457,15.5457,15.5454,15.5465,15.5465,15.5469,15.5469,15.5465,15.5468,15.5474,15.5471,15.5473,15.5476,15.5479,15.5473,15.547,15.5474,15.5476,15.5476,15.5485,15.5478,15.5481,15.5488,15.5488,15.5493,15.5495,15.5498,15.5503,15.55,15.55,15.5498,15.5493,15.5493,15.5486,15.5493,15.5489,15.5489,15.5527,15.5525,15.5525,15.5508,15.5508,15.5509,15.5505,15.5509,15.5504,15.5513,15.5511,15.5504,15.5504,15.5504,15.5508,15.5478,15.5488,
Sun Apr 12 2020 15:41:03 GMT-0400 (Eastern Daylight Time)
15.5484,15.5487,15.5493,15.5493,15.5519,15.5516,15.552,15.5526,15.5521,15.5523,15.5523,15.5522,15.5525,15.5533,15.5527,15.5529,15.5527,15.5531,15.552,15.5529,15.552,15.5516,15.5508,15.5497,15.5497,15.5497,15.5497,15.5503,15.5499,15.5504,15.551,15.549,15.549,15.5491,15.5491,15.5491,15.5498,15.551,15.5505,15.5531,15.5535,15.5535,15.5535,15.5549,15.5547,15.5543,15.5543,15.5535,15.5535,15.5525,15.5521,15.5526,15.5516,15.5514,15.5511,15.5514,15.5522,15.5519,15.5515,15.5533,
Sun Apr 12 2020 15:42:04 GMT-0400 (Eastern Daylight Time)
15.553,15.5532,15.5514,15.5507,15.5523,15.5531,15.5542,15.5533,15.5533,15.5539,15.5539,15.5531,15.5526,15.5526,15.5522,15.5519,15.5509,15.5512,15.5515,15.5513,15.551,15.5507,15.55,15.5503,15.5508,15.5501,15.5501,15.5508,15.5498,15.5492,15.5492,15.5489,15.5506,15.5501,15.5494,15.5489,15.5494,15.5492,15.5496,15.5502,15.5488,15.5494,15.5494,15.5508,15.5517,15.551,15.5514,15.5522,15.5519,15.552,15.5518,15.5516,15.5516,15.5516,15.552,15.551,15.5515,15.5522,15.5522,15.5516,
Sun Apr 12 2020 15:43:04 GMT-0400 (Eastern Daylight Time)
15.5508,15.55,15.5484,15.5475,15.548,15.5488,15.5488,15.5484,15.5477,15.548,15.5478,15.5478,15.5471,15.5469,15.5463,15.546,15.546,15.5463,15.5476,15.548,15.5486,15.5483,15.5483,15.5473,15.5469,15.5465,15.5458,15.5458,15.545,15.5453,15.5453,15.5443,15.5446,15.5439,15.5436,15.5439,15.546,15.546,15.5461,15.5458,15.5458,15.5458,15.5454,15.5454,15.5464,15.5468,15.5471,15.5472,15.5472,15.5467,15.5463,15.5475,15.5474,15.5471,15.5482,15.5482,15.5484,15.5482,15.5481,15.5484,
Sun Apr 12 2020 15:44:04 GMT-0400 (Eastern Daylight Time)
15.5485,15.5482,15.5484,15.5481,15.5478,15.5474,15.5472,15.5472,15.5478,15.5485,15.5482,15.5478,15.5478,15.548,15.5466,15.5462,15.545,15.545,15.5447,15.544,15.5442,15.5434,15.5437,15.5434,15.5429,15.5425,15.5443,15.5446,15.5442,15.545,15.545,15.5453,15.5447,15.545,15.5452,15.5448,15.545,15.5447,15.5447,15.545,15.545,15.5454,15.5444,15.5444,15.5439,15.5439,15.5437,15.5431,15.5431,15.5445,15.5445,15.5443,15.5438,15.5437,15.5444,15.5464,15.5467,15.5467,15.547,15.5462,
