Mon Apr 13 2020 17:57:00 GMT-0400 (Eastern Daylight Time)
15.1832,15.1828,15.183,15.183,15.1835,15.1832,15.1832,15.1816,15.1822,15.1822,15.1816,15.1819,15.1819,15.1819,15.1819,15.1815,15.1822,15.1818,15.1818,15.182,15.1829,15.1829,15.1829,15.1829,15.1829,15.1825,15.1825,15.1825,15.1825,15.1828,15.1828,15.1831,15.1856,15.1859,15.1862,15.1862,15.1865,15.1868,15.1868,15.1864,15.1861,15.1861,15.1861,15.1861,15.1842,15.184,15.183,15.1833,15.1832,15.1838,15.1838,15.1838,15.1831,15.1828,15.1833,15.1836,15.1842,15.1842,15.186,15.186,
Mon Apr 13 2020 17:58:01 GMT-0400 (Eastern Daylight Time)
15.187,15.187,15.1867,15.1867,15.1861,15.1861,15.1861,15.1861,15.1868,15.1871,15.1871,15.1871,15.1871,15.1869,15.1868,15.1868,15.1869,15.1869,15.1869,15.1866,15.1892,15.1892,15.1892,15.1899,15.1892,15.1889,15.1896,15.1901,15.1897,15.1899,15.1899,15.1899,15.1901,15.1901,15.1908,15.1908,15.1895,15.1897,15.1894,15.1894,15.1884,15.1889,15.1889,15.1882,15.1884,15.1884,15.1898,15.1905,15.1904,15.1899,15.1899,15.1893,15.1899,15.1929,15.1926,15.1913,15.1916,15.1916,15.1916,15.1916,
Mon Apr 13 2020 17:59:00 GMT-0400 (Eastern Daylight Time)
15.1916,15.1916,15.1916,15.1916,15.1906,15.1924,15.1952,15.1949,15.1948,15.1948,15.1948,15.1948,15.1927,15.1927,15.1931,15.1937,15.194,15.1946,15.1946,15.1946,15.1941,15.1944,15.1947,15.1934,15.1936,15.193,15.1934,15.1937,15.1937,15.1913,15.1913,15.1908,15.1904,15.1896,15.1899,15.1887,15.1889,15.1883,15.1883,15.1883,15.1885,15.1889,15.189,15.1894,15.1885,15.1885,15.188,15.188,15.188,15.1874,15.1874,15.1867,15.1867,15.1867,15.1867,15.1874,15.1879,15.1885,15.1885,15.1885,
Mon Apr 13 2020 18:00:01 GMT-0400 (Eastern Daylight Time)
15.1892,15.1884,15.1885,15.1875,15.1869,15.1863,15.1863,15.1874,15.1884,15.1887,15.1883,15.1878,15.1884,15.1875,15.1868,15.1863,15.1873,15.1892,15.189,15.1896,15.1916,15.1911,15.1908,15.1912,15.1908,15.1907,15.1903,15.1916,15.1923,15.1918,15.1919,15.1916,15.1932,15.1917,15.1917,15.1922,15.1922,15.1942,15.1939,15.1939,15.1927,15.1927,15.1927,15.1939,15.1942,15.1932,15.1926,15.1923,15.1919,15.1926,15.1926,15.1929,15.194,15.194,15.1926,15.1926,15.1929,15.1929,15.1927,15.1925,
Mon Apr 13 2020 18:01:01 GMT-0400 (Eastern Daylight Time)
15.1921,15.1925,15.1925,15.1912,15.1912,15.1912,15.1909,15.1909,15.1912,15.1907,15.1905,15.1909,15.1909,15.1909,15.1909,15.19,15.1865,15.1874,15.1874,15.187,15.1863,15.1859,15.1859,15.1859,15.1859,15.1859,15.1863,15.1861,15.1855,15.1857,15.1857,15.1857,15.1857,15.1857,15.1851,15.185,15.1845,15.1844,15.1844,15.185,15.1837,15.1837,15.184,15.184,15.184,15.1831,15.1831,15.1835,15.1835,15.1835,15.1836,15.1836,15.1836,15.1836,15.1839,15.1839,15.1846,15.1836,15.1839,15.1842,
Mon Apr 13 2020 18:02:00 GMT-0400 (Eastern Daylight Time)
15.1846,15.1839,15.1844,15.1854,15.1854,15.1854,15.1851,15.1851,15.1855,15.1842,15.1834,15.1834,15.1834,15.1822,15.1818,15.1818,15.1821,15.1798,15.1798,15.1793,15.18,15.1806,15.1801,15.179,15.1796,15.1822,15.1808,15.1815,15.1813,15.1809,15.1813,15.1813,15.1818,15.1816,15.1822,15.1822,15.1821,15.1821,15.1817,15.1817,15.1812,15.1821,15.1838,15.1838,15.1835,15.1848,15.1845,15.1853,15.1854,15.1855,15.1855,15.1862,15.1855,15.1874,15.1885,15.1889,15.188,15.1883,15.1881,15.1878,
Mon Apr 13 2020 18:03:00 GMT-0400 (Eastern Daylight Time)
15.1881,15.1885,15.1877,15.1877,15.1886,15.1889,15.1892,15.1884,15.1884,15.1886,15.1886,15.1863,15.1852,15.1845,15.1845,15.1847,15.1837,15.1835,15.1832,15.1832,15.1815,15.1815,15.1822,15.1822,15.1813,15.1829,15.1827,15.183,15.1818,15.1824,15.182,15.182,15.1818,15.181,15.1807,15.1807,15.1807,15.181,15.1807,15.1804,15.1806,15.1806,15.1811,15.1811,15.1796,15.1794,15.1794,15.1791,15.1794,15.1794,15.179,15.1793,15.179,15.1802,15.1804,15.1802,15.1808,15.1825,15.1825,15.1832,
Mon Apr 13 2020 18:04:00 GMT-0400 (Eastern Daylight Time)
15.1832,15.1835,15.1824,15.1824,15.1832,15.1836,15.1847,15.1828,15.1819,15.1826,15.1824,15.1832,15.1829,15.1829,15.183,15.1818,15.1812,15.1809,15.1809,15.1811,15.1815,15.1818,15.1824,15.1827,15.1825,15.1814,15.1817,15.1814,15.1809,15.18,15.1803,15.1803,15.1803,15.1808,15.1798,15.1791,15.1791,15.1783,15.1778,15.1781,15.1778,15.178,15.1753,15.1753,15.175,15.1746,15.1749,15.1752,15.1745,15.1743,15.1743,15.1746,15.175,15.1779,15.1779,15.1785,15.1788,15.1799,15.1799,15.1803,
Mon Apr 13 2020 18:05:00 GMT-0400 (Eastern Daylight Time)
15.1799,15.1801,15.1798,15.1798,15.1794,15.1794,15.1798,15.181,15.1812,15.1815,15.1817,15.1809,15.1809,15.1809,15.1797,15.1797,15.1797,15.1796,15.1796,15.1822,15.1817,15.1808,15.1812,15.1812,15.1797,15.1791,15.1788,15.1786,15.1786,15.1755,15.1762,15.1766,15.1762,15.1757,15.1759,15.1762,15.1762,15.1766,15.1765,15.1759,15.1757,15.1756,15.1758,15.1755,15.1739,15.1754,15.1755,15.1755,15.1755,15.1762,15.1764,15.1764,15.1771,15.1774,15.1776,15.1776,15.1774,15.1777,15.1781,15.1781,
Mon Apr 13 2020 18:06:00 GMT-0400 (Eastern Daylight Time)
15.1774,15.1774,15.1774,15.1772,15.1772,15.1761,15.1757,15.176,15.1763,15.177,15.1771,15.1774,15.1771,15.1768,15.1775,15.1778,15.178,15.178,15.1793,15.1789,15.1775,15.1776,15.1781,15.1783,15.1786,15.1806,15.1809,15.1809,15.1809,15.1806,15.1806,15.181,15.1816,15.1799,15.1802,15.1796,15.1796,15.1797,15.1794,15.1799,15.1799,15.1799,15.1806,15.1806,15.1803,15.1794,15.1794,15.1789,15.1792,15.1789,15.1786,15.179,15.179,15.1795,15.1783,15.179,15.1793,15.1776,15.1774,15.1772,
Mon Apr 13 2020 18:07:00 GMT-0400 (Eastern Daylight Time)
15.178,15.1788,15.1788,15.1791,15.1791,15.1791,15.1797,15.1795,15.1798,15.1792,15.1792,15.1795,15.1795,15.181,15.1814,15.1814,15.1817,15.1803,15.1807,15.1816,15.1816,15.1808,15.1808,15.1808,15.1793,15.1796,15.1781,15.1777,15.1779,15.1792,15.179,15.179,15.179,15.1785,15.1785,15.1785,15.1775,15.1787,15.1795,15.1799,15.1801,15.1801,15.1797,15.1793,15.1793,15.1791,15.1794,15.1794,15.1797,15.1785,15.1782,15.1785,15.1789,15.1802,15.1803,15.18,15.1778,15.1766,15.1761,15.1761,
Mon Apr 13 2020 18:08:00 GMT-0400 (Eastern Daylight Time)
15.1769,15.1775,15.1775,15.1768,15.1768,15.1754,15.1762,15.1759,15.1729,15.1726,15.1732,15.1725,15.1719,15.172,15.1722,15.1718,15.1718,15.1726,15.1726,15.1726,15.1726,15.1726,15.1731,15.1726,15.1729,15.1725,15.1732,15.1729,15.1732,15.1735,15.1738,15.1735,15.1735,15.1732,15.1732,15.1732,15.1718,15.1713,15.1714,15.1714,15.1729,15.1734,15.1736,15.1739,15.1735,15.1755,15.1761,15.1757,15.1764,15.1773,15.1779,15.1782,15.1782,15.1776,15.1774,15.1781,15.1777,15.178,15.1772,15.1768,
Mon Apr 13 2020 18:09:00 GMT-0400 (Eastern Daylight Time)
15.1768,15.1765,15.1756,15.1767,15.1767,15.1761,15.1758,15.1758,15.1762,15.1755,15.1753,15.1768,15.1766,15.1756,15.1756,15.1759,15.1754,15.1736,15.1739,15.1734,15.1731,15.1733,15.1736,15.1729,15.1738,15.1745,15.1743,15.1748,15.1728,15.1724,15.1718,15.1713,15.1715,15.1726,15.1732,15.1727,15.1717,15.1724,15.173,15.1726,15.1732,15.1735,15.1737,15.1737,15.1737,15.1735,15.174,15.1747,15.1751,15.1751,15.1754,15.1762,15.1774,15.1779,15.1781,15.1781,15.1781,15.1768,15.177,15.1768,
Mon Apr 13 2020 18:10:00 GMT-0400 (Eastern Daylight Time)
15.1768,15.1765,15.1761,15.1764,15.1771,15.1768,15.1768,15.1777,15.1777,15.1775,15.1772,15.1769,15.1769,15.1775,15.1782,15.1786,15.1766,15.1769,15.1772,15.1772,15.1775,15.1775,15.1769,15.1773,15.1775,15.1782,15.1773,15.177,15.177,15.1784,15.1787,15.1785,15.1778,15.1778,15.179,15.1793,15.1793,15.1796,15.1796,15.1799,15.1809,15.181,15.1813,15.181,15.1801,15.1834,15.1832,15.1837,15.1834,15.1837,15.1839,15.1844,15.1853,15.185,15.185,15.1848,15.1844,15.1841,15.1839,15.1834,
Mon Apr 13 2020 18:11:00 GMT-0400 (Eastern Daylight Time)
15.1847,15.1842,15.1847,15.1851,15.1851,15.1835,15.1835,15.1835,15.1833,15.1831,15.1834,15.1837,15.1832,15.1828,15.1826,15.1824,15.1832,15.1835,15.1835,15.1832,15.1829,15.1826,15.1826,15.1826,15.1828,15.1828,15.1828,15.1828,15.1828,15.1836,15.1839,15.1839,15.1837,15.1844,15.1851,15.1849,15.1858,15.1849,15.1849,15.1845,15.1848,15.1848,15.1848,15.1844,15.1844,15.1844,15.1841,15.1841,15.1845,15.1845,15.1835,15.1835,15.1832,15.1839,15.1852,15.1849,15.1845,15.1851,15.185,15.1846,
Mon Apr 13 2020 18:12:00 GMT-0400 (Eastern Daylight Time)
15.1847,15.1846,15.1844,15.1847,15.1847,15.185,15.1853,15.1853,15.1853,15.1853,15.1856,15.1854,15.1842,15.1842,15.1842,15.1845,15.1845,15.1835,15.184,15.1843,15.184,15.184,15.1838,15.1835,15.1832,15.1828,15.1828,15.1823,15.1823,15.182,15.182,15.182,15.1825,15.1825,15.1825,15.1813,15.1813,15.1811,15.1807,15.1807,15.1802,15.1809,15.1812,15.181,15.18,15.1795,15.1795,15.1802,15.1802,15.1793,15.1793,15.1782,15.1782,15.1781,15.1781,15.1779,15.1782,15.1771,15.1771,15.1778,
Mon Apr 13 2020 18:13:00 GMT-0400 (Eastern Daylight Time)
15.1772,15.1769,15.1766,15.1766,15.1777,15.1777,15.1769,15.1769,15.1774,15.1768,15.1768,15.1768,15.1774,15.1776,15.1779,15.1779,15.178,15.179,15.1755,15.1755,15.176,15.1763,15.1763,15.1763,15.177,15.1776,15.1776,15.1776,15.1772,15.1777,15.1777,15.1777,15.1777,15.178,15.178,15.1766,15.1763,15.1767,15.1769,15.1771,15.1773,15.1771,15.1768,15.1768,15.177,15.1777,15.1777,15.1779,15.1776,15.178,15.1776,15.177,15.1777,15.1783,15.1789,15.1784,15.1784,15.1787,15.1771,15.1771,
Mon Apr 13 2020 18:14:00 GMT-0400 (Eastern Daylight Time)
15.1771,15.1773,15.1773,15.1773,15.1769,15.1771,15.1776,15.1771,15.1765,15.176,15.1765,15.1761,15.1772,15.1779,15.1776,15.1753,15.1749,15.1748,15.1758,15.1763,15.1763,15.1775,15.1768,15.1771,15.1776,15.1787,15.1791,15.1786,15.1791,15.1798,15.1799,15.1799,15.1818,15.1818,15.1851,15.1848,15.1857,15.1853,15.186,15.1876,15.1876,15.1876,15.1891,15.1894,15.1897,15.1905,15.1909,15.1906,15.1911,15.191,15.191,15.191,15.1921,15.1932,15.1929,15.1929,15.1924,15.1926,15.1926,15.192,
Mon Apr 13 2020 18:15:00 GMT-0400 (Eastern Daylight Time)
15.1925,15.1933,15.1922,15.1922,15.1922,15.193,15.1939,15.1939,15.1938,15.1938,15.1941,15.1935,15.1931,15.1926,15.1924,15.1924,15.1924,15.192,15.1916,15.1916,15.1922,15.194,15.1934,15.1934,15.1937,15.194,15.1948,15.1948,15.1946,15.194,15.194,15.194,15.194,15.1934,15.194,15.1936,15.1932,15.1936,15.1936,15.1934,15.1943,15.1946,15.1949,15.1949,15.1948,15.1951,15.1951,15.1955,15.1958,15.1956,15.1959,15.1961,15.1961,15.1964,15.197,15.1968,15.197,15.197,15.1965,15.1959,
Mon Apr 13 2020 18:16:00 GMT-0400 (Eastern Daylight Time)
15.1959,15.1956,15.1938,15.1968,15.1965,15.197,15.1972,15.1965,15.1965,15.1963,15.1971,15.1973,15.1968,15.1968,15.196,15.196,15.1967,15.1967,15.1967,15.1964,15.195,15.1953,15.1966,15.1965,15.1969,15.1971,15.197,15.1994,15.199,15.2002,15.1998,15.2,15.1997,15.2017,15.2017,15.2006,15.2014,15.2009,15.2002,15.2007,15.2004,15.2012,15.2019,15.1982,15.1982,15.1988,15.1989,15.1985,15.1989,15.1986,15.1995,15.1992,15.1996,15.1982,15.198,15.198,15.1977,15.198,15.1997,15.1997,
Mon Apr 13 2020 18:17:00 GMT-0400 (Eastern Daylight Time)
15.1988,15.1971,15.1968,15.197,15.1973,15.197,15.1967,15.1964,15.1961,15.1975,15.1975,15.1967,15.1969,15.1973,15.1972,15.1975,15.1978,15.2001,15.1988,15.1991,15.1987,15.1983,15.1976,15.1974,15.1974,15.1965,15.197,15.1967,15.1962,15.1969,15.1971,15.1977,15.198,15.1978,15.1984,15.1987,15.1984,15.1991,15.1991,15.1988,15.199,15.1993,15.1989,15.199,15.1993,15.198,15.1964,15.1975,15.1979,15.1983,15.1969,15.1975,15.1973,15.1973,15.1981,15.1976,15.1981,15.1978,15.1987,15.1983,
Mon Apr 13 2020 18:18:00 GMT-0400 (Eastern Daylight Time)
15.199,15.2009,15.2001,15.2004,15.2004,15.2004,15.1994,15.1991,15.1991,15.1987,15.198,15.197,15.197,15.197,15.1968,15.1971,15.1974,15.1966,15.197,15.1973,15.1963,15.1963,15.1957,15.1961,15.1961,15.195,15.195,15.1947,15.1947,15.1944,15.194,15.194,15.1946,15.1947,15.1941,15.1941,15.1941,15.1938,15.1944,15.1951,15.1948,15.1947,15.195,15.195,15.1933,15.1936,15.1923,15.1926,15.1924,15.1924,15.192,15.1917,15.1915,15.1919,15.1921,15.1926,15.1929,15.1929,15.193,15.193,
Mon Apr 13 2020 18:19:00 GMT-0400 (Eastern Daylight Time)
15.193,15.193,15.193,15.1927,15.1921,15.1918,15.1921,15.1919,15.1919,15.1919,15.1923,15.1925,15.1925,15.1925,15.1927,15.1924,15.1885,15.1885,15.1893,15.1893,15.1906,15.1906,15.1906,15.1906,15.1906,15.1902,15.1895,15.1893,15.19,15.1896,15.1907,15.1902,15.1905,15.19,15.1889,15.1892,15.1895,15.1898,15.1899,15.1901,15.1904,15.1907,15.1922,15.1914,15.191,15.1908,15.1889,15.1875,15.1878,15.1878,15.1868,15.1867,15.1867,15.1872,15.1874,15.1873,15.1873,15.1876,15.1876,15.1879,
Mon Apr 13 2020 18:20:00 GMT-0400 (Eastern Daylight Time)
15.189,15.189,15.188,15.187,15.187,15.187,15.1869,15.1869,15.1871,15.1874,15.1889,15.1886,15.1885,15.1885,15.1892,15.1878,15.1867,15.1863,15.1856,15.1871,15.1868,15.1872,15.1862,15.1871,15.1871,15.1863,15.1866,15.1864,15.1857,15.1861,15.1858,15.185,15.185,15.1858,15.1854,15.185,15.1852,15.1855,15.1845,15.1845,15.1837,15.184,15.1837,15.1833,15.1852,15.1855,15.1845,15.1855,15.1855,15.1858,15.1845,15.185,15.184,15.1838,15.1833,15.1831,15.1843,15.1843,15.1836,15.1832,
Mon Apr 13 2020 18:21:00 GMT-0400 (Eastern Daylight Time)
15.1835,15.183,15.1823,15.1826,15.1833,15.1833,15.1823,15.1825,15.1825,15.1825,15.1823,15.1818,15.1818,15.181,15.1795,15.1792,15.1787,15.1791,15.1793,15.179,15.1786,15.1799,15.18,15.18,15.1803,15.1794,15.1795,15.1793,15.1793,15.1796,15.1796,15.1796,15.1786,15.178,15.1771,15.1748,15.1744,15.175,15.175,15.1752,15.1745,15.1762,15.1765,15.178,15.178,15.1775,15.177,15.1765,15.1774,15.1778,15.1782,15.1785,15.1791,15.1787,15.179,15.1742,15.1742,15.1737,15.1734,15.1732,
Mon Apr 13 2020 18:22:00 GMT-0400 (Eastern Daylight Time)
15.173,15.1734,15.1734,15.1737,15.1731,15.1731,15.1731,15.1734,15.1734,15.1738,15.171,15.171,15.1705,15.1701,15.1688,15.1688,15.1691,15.1693,15.1705,15.1709,15.171,15.1705,15.1708,15.1702,15.1705,15.1705,15.1708,15.1713,15.1686,15.1689,15.1666,15.1666,15.1659,15.1661,15.1655,15.1664,15.1668,15.167,15.1675,15.167,15.167,15.167,15.1665,15.167,15.167,15.1675,15.1675,15.167,15.167,15.167,15.167,15.1685,15.1689,15.1681,15.1669,15.1669,15.1658,15.1658,15.1651,15.1647,
Mon Apr 13 2020 18:23:00 GMT-0400 (Eastern Daylight Time)
15.1642,15.1646,15.1646,15.1649,15.1646,15.1649,15.1647,15.1656,15.1647,15.1639,15.1637,15.1637,15.1634,15.1612,15.1624,15.1625,15.1628,15.1634,15.1628,15.1631,15.1634,15.165,15.1647,15.1647,15.1649,15.1653,15.1676,15.1673,15.1672,15.1674,15.1673,15.1675,15.1675,15.1675,15.1679,15.1679,15.1671,15.1668,15.1671,15.1671,15.1668,15.1673,15.1662,15.1654,15.1657,15.1653,15.1667,15.1667,15.1671,15.1667,15.1668,15.1661,15.1661,15.166,15.1648,15.164,15.164,15.164,15.1626,15.1619,
Mon Apr 13 2020 18:24:00 GMT-0400 (Eastern Daylight Time)
15.1622,15.1632,15.1642,15.1644,15.1651,15.1649,15.1649,15.1649,15.1646,15.1646,15.1652,15.1655,15.1655,15.1648,15.1634,15.1637,15.1644,15.1641,15.1641,15.1651,15.1651,15.1655,15.1657,15.1655,15.1655,15.1655,15.165,15.1647,15.1632,15.1631,15.1633,15.1633,15.163,15.1627,15.1632,15.1636,15.1633,15.1637,15.165,15.1647,15.1639,15.1639,15.1633,15.1636,15.1643,15.165,15.1652,15.1651,15.1651,15.1651,15.1648,15.1645,15.164,15.164,15.1634,15.1634,15.1632,15.1631,15.1631,15.1636,
Mon Apr 13 2020 18:25:00 GMT-0400 (Eastern Daylight Time)
15.1633,15.1625,15.1625,15.1631,15.1625,15.1625,15.1628,15.1625,15.1616,15.1611,15.1619,15.1624,15.162,15.161,15.1612,15.1617,15.1619,15.1619,15.1619,15.1619,15.1612,15.1602,15.1604,15.1608,15.1631,15.1631,15.1637,15.164,15.1642,15.1642,15.1647,15.1635,15.1633,15.1637,15.1631,15.1634,15.1631,15.1632,15.163,15.1628,15.1634,15.1628,15.1644,15.164,15.164,15.1642,15.1647,15.1647,15.1655,15.1655,15.1668,15.1672,15.1669,15.1683,15.1681,15.1671,15.1671,15.1668,15.1665,15.1665,
Mon Apr 13 2020 18:26:00 GMT-0400 (Eastern Daylight Time)
15.1667,15.1663,15.1656,15.1654,15.1647,15.1647,15.1647,15.1649,15.1645,15.1645,15.1652,15.1646,15.1646,15.1652,15.1649,15.162,15.162,15.1623,15.162,15.1617,15.1604,15.1604,15.1602,15.1597,15.1597,15.1597,15.1589,15.1612,15.1612,15.1604,15.16,15.1603,15.1605,15.161,15.1614,15.161,15.1601,15.1608,15.1602,15.1607,15.1604,15.1623,15.1632,15.1637,15.1637,15.1634,15.1633,15.1656,15.1654,15.1654,15.1652,15.1656,15.1664,15.1656,15.1656,15.1656,15.1656,15.1658,15.1654,15.1648,
Mon Apr 13 2020 18:27:00 GMT-0400 (Eastern Daylight Time)
15.1642,15.1664,15.1658,15.1662,15.1659,15.1649,15.1649,15.165,15.165,15.165,15.1648,15.1643,15.1637,15.1635,15.1632,15.1625,15.1618,15.162,15.162,15.162,15.1627,15.1629,15.1608,15.1605,15.1607,15.161,15.1608,15.161,15.1631,15.1631,15.1631,15.1637,15.1645,15.1645,15.1638,15.1638,15.1634,15.1634,15.163,15.1625,15.1625,15.1621,15.1619,15.1601,15.1601,15.1601,15.1593,15.1604,15.1607,15.1606,15.1606,15.159,15.1598,15.1603,15.16,15.159,15.1587,15.1585,15.1569,15.1573,
Mon Apr 13 2020 18:28:00 GMT-0400 (Eastern Daylight Time)
15.1576,15.1573,15.1573,15.157,15.1573,15.157,15.157,15.1572,15.1585,15.1583,15.1586,15.1589,15.1587,15.1587,15.1592,15.1578,15.1578,15.158,15.158,15.158,15.1584,15.1584,15.1582,15.158,15.1578,15.1578,15.1578,15.1588,15.1588,15.1588,15.1585,15.1552,15.1556,15.1567,15.1563,15.1566,15.1558,15.156,15.156,15.156,15.1555,15.1558,15.1553,15.1557,15.1554,15.1551,15.1554,15.1561,15.1564,15.1568,15.1563,15.1547,15.1547,15.1547,15.1554,15.156,15.156,15.156,15.1557,15.1569,
Mon Apr 13 2020 18:29:00 GMT-0400 (Eastern Daylight Time)
15.1564,15.157,15.1574,15.1578,15.1549,15.1549,15.1548,15.1547,15.1547,15.1554,15.1554,15.1556,15.1556,15.1552,15.1559,15.1557,15.1555,15.1555,15.1557,15.155,15.1553,15.1553,15.1558,15.1556,15.1553,15.1564,15.1564,15.1563,15.1572,15.1567,15.1567,15.157,15.1575,15.1579,15.1582,15.1582,15.1586,15.1589,15.1575,15.1572,15.157,15.1572,15.1568,15.1577,15.1577,15.1578,15.1578,15.1593,15.1596,15.1591,15.1591,15.1616,15.1616,15.162,15.162,15.1618,15.1611,15.1611,15.1606,15.1612,
Mon Apr 13 2020 18:30:00 GMT-0400 (Eastern Daylight Time)
15.1604,15.1602,15.1597,15.1571,15.1574,15.1574,15.1574,15.1576,15.1572,15.16,15.1597,15.1611,15.1602,15.1625,15.1625,15.1628,15.1614,15.1617,15.162,15.1629,15.1627,15.1634,15.1634,15.1625,15.1631,15.1621,15.1621,15.1618,15.1621,15.1621,15.1621,15.1618,15.163,15.1625,15.1625,15.1621,15.1639,15.1639,15.1639,15.1626,15.1623,15.1621,15.1618,15.1609,15.1609,15.1624,15.1641,15.1645,15.1646,15.1644,15.1651,15.1657,15.1657,15.1649,15.1649,15.1654,15.1661,15.166,15.166,15.1651,
Mon Apr 13 2020 18:31:00 GMT-0400 (Eastern Daylight Time)
15.1651,15.1651,15.1657,15.1661,15.1661,15.1666,15.167,15.1673,15.1673,15.1673,15.1668,15.1673,15.1696,15.1696,15.1696,15.172,15.1723,15.1724,15.1724,15.1722,15.1727,15.1724,15.1722,15.1724,15.1726,15.1726,15.1726,15.173,15.1727,15.1717,15.1717,15.1718,15.1715,15.1715,15.1715,15.1713,15.1713,15.171,15.1706,15.1703,15.1703,15.1703,15.171,15.1713,15.1713,15.1713,15.1713,15.1715,15.1737,15.1745,15.1745,15.1745,15.1745,15.1745,15.1745,15.1743,15.1746,15.1748,15.1745,15.1743,
Mon Apr 13 2020 18:32:00 GMT-0400 (Eastern Daylight Time)
15.1764,15.1764,15.176,15.1758,15.1755,15.1751,15.1745,15.174,15.174,15.174,15.174,15.1742,15.1745,15.1749,15.1746,15.1746,15.1746,15.1741,15.1741,15.1739,15.1729,15.173,15.173,15.1742,15.1736,15.1722,15.1738,15.1736,15.1736,15.1736,15.1739,15.1742,15.1749,15.1738,15.1753,15.1756,15.1753,15.1749,15.175,15.1745,15.1751,15.1756,15.176,15.175,15.1739,15.1736,15.1733,15.173,15.173,15.1736,15.1736,15.1742,15.1742,15.1739,15.1733,15.1736,15.1731,15.1731,15.1728,15.1736,
Mon Apr 13 2020 18:33:00 GMT-0400 (Eastern Daylight Time)
15.1731,15.1739,15.1744,15.1746,15.1749,15.1751,15.1755,15.1758,15.1773,15.1773,15.1773,15.1773,15.1773,15.1773,15.1773,15.1779,15.1779,15.1779,15.1779,15.175,15.1753,15.1753,15.175,15.174,15.1754,15.1754,15.1757,15.1754,15.1754,15.1757,15.1757,15.1765,15.1765,15.1763,15.1763,15.1767,15.1767,15.1767,15.177,15.1771,15.1771,15.1766,15.1761,15.1751,15.1748,15.1758,15.1755,15.1753,15.1756,15.1762,15.1765,15.1758,15.1761,15.1759,15.1763,15.1759,15.1763,15.1758,15.1756,15.1756,
Mon Apr 13 2020 18:34:00 GMT-0400 (Eastern Daylight Time)
15.1753,15.1755,15.1758,15.1755,15.1755,15.1755,15.1755,15.1761,15.1758,15.1758,15.1763,15.1757,15.1755,15.1751,15.1756,15.1752,15.1748,15.1744,15.1744,15.1741,15.1744,15.1744,15.1744,15.1753,15.175,15.1743,15.1737,15.1735,15.1732,15.1736,15.1736,15.1735,15.1735,15.1738,15.1741,15.1737,15.1733,15.1737,15.1743,15.1729,15.1736,15.1733,15.1739,15.1713,15.1715,15.1715,15.1719,15.1721,15.1731,15.1727,15.1727,15.172,15.1722,15.1722,15.1712,15.1722,15.1726,15.1723,15.1728,15.1734,
Mon Apr 13 2020 18:35:00 GMT-0400 (Eastern Daylight Time)
15.1734,15.1731,15.1751,15.1745,15.1748,15.1748,15.1748,15.176,15.1754,15.1751,15.1769,15.1759,15.1745,15.1742,15.1751,15.1756,15.1759,15.1759,15.1748,15.1755,15.1755,15.1755,15.1759,15.176,15.1765,15.1766,15.1768,15.1769,15.1772,15.1779,15.1782,15.1781,15.1781,15.1778,15.18,15.1792,15.1792,15.1788,15.1788,15.1773,15.1781,15.1783,15.1776,15.1773,15.1779,15.1788,15.1791,15.1796,15.1802,15.1802,15.1793,15.1795,15.1795,15.1791,15.18,15.1807,15.1798,15.1792,15.179,15.1789,
Mon Apr 13 2020 18:36:00 GMT-0400 (Eastern Daylight Time)
15.1789,15.1787,15.1786,15.1786,15.1786,15.1786,15.1787,15.1794,15.1782,15.1781,15.1781,15.1786,15.1803,15.1798,15.1795,15.1797,15.1796,15.1807,15.1817,15.1828,15.1825,15.1823,15.1815,15.1815,15.1809,15.1791,15.1801,15.1795,15.18,15.1804,15.1801,15.1809,15.1809,15.1805,15.1803,15.1804,15.1783,15.1777,15.1777,15.1777,15.1768,15.1765,15.1768,15.1758,15.1758,15.1758,15.1752,15.1748,15.1752,15.1752,15.1752,15.1755,15.176,15.1739,15.1747,15.1758,15.1758,15.1758,15.1758,15.1761,
Mon Apr 13 2020 18:37:00 GMT-0400 (Eastern Daylight Time)
15.1755,15.1754,15.1749,15.1746,15.1746,15.1761,15.1756,15.1766,15.1763,15.1754,15.175,15.1745,15.1737,15.1741,15.1744,15.1729,15.1729,15.1729,15.1726,15.1726,15.1726,15.1726,15.1734,15.1734,15.1728,15.1733,15.1729,15.1732,15.1736,15.1736,15.1736,15.1736,15.1733,15.1733,15.1733,15.1735,15.1727,15.1724,15.1726,15.1723,15.1721,15.1721,15.1716,15.1712,15.1711,15.1707,15.1713,15.1713,15.1721,15.1713,15.1706,15.1706,15.171,15.171,15.1713,15.1709,15.1709,15.1714,15.1714,15.1717,
Mon Apr 13 2020 18:38:00 GMT-0400 (Eastern Daylight Time)
15.1722,15.1722,15.1719,15.1714,15.1721,15.1726,15.1726,15.1722,15.1715,15.1713,15.1713,15.1713,15.1719,15.1719,15.1722,15.1738,15.1723,15.1727,15.1738,15.1735,15.1741,15.174,15.1736,15.1733,15.1736,15.1742,15.1742,15.1742,15.1751,15.1751,15.1754,15.176,15.1763,15.1765,15.1813,15.181,15.1813,15.1813,15.1822,15.1816,15.1821,15.1821,15.1818,15.182,15.1799,15.1802,15.1793,15.1799,15.1801,15.1804,15.18,15.1803,15.1804,15.1807,15.1818,15.1828,15.1826,15.1826,15.1798,15.1798,
Mon Apr 13 2020 18:39:00 GMT-0400 (Eastern Daylight Time)
15.1801,15.1801,15.1801,15.1804,15.1815,15.1812,15.1804,15.1801,15.1825,15.182,15.182,15.1825,15.1838,15.1833,15.1825,15.1821,15.1831,15.1834,15.1831,15.1833,15.1828,15.1831,15.1824,15.1827,15.1828,15.1813,15.1813,15.1822,15.1825,15.1822,15.182,15.1824,15.1817,15.1811,15.1811,15.1815,15.1811,15.1801,15.1805,15.1805,15.1817,15.182,15.182,15.182,15.182,15.1812,15.1806,15.1817,15.1823,15.1823,15.1816,15.1816,15.1808,15.1808,15.18,15.1794,15.1802,15.1799,15.1798,15.1801,
Mon Apr 13 2020 18:40:00 GMT-0400 (Eastern Daylight Time)
15.1811,15.1818,15.1821,15.1819,15.1831,15.1833,15.1848,15.1858,15.1867,15.1865,15.1859,15.1859,15.1863,15.1859,15.1861,15.1878,15.1872,15.1872,15.1866,15.1874,15.1874,15.1874,15.1875,15.1872,15.1867,15.1859,15.185,15.1847,15.1859,15.1859,15.1864,15.1861,15.185,15.1847,15.1846,15.1844,15.1858,15.186,15.186,15.186,15.1858,15.1863,15.1865,15.1862,15.1854,15.1857,15.1861,15.187,15.1862,15.1862,15.187,15.187,15.1861,15.1858,15.186,15.186,15.186,15.1855,15.1862,15.1858,
Mon Apr 13 2020 18:41:00 GMT-0400 (Eastern Daylight Time)
15.1868,15.1866,15.1863,15.1857,15.186,15.1855,15.1862,15.1862,15.1859,15.1856,15.185,15.185,15.1853,15.1856,15.1849,15.1845,15.1838,15.1841,15.1844,15.1834,15.1839,15.1842,15.1844,15.1849,15.1855,15.1855,15.1884,15.1879,15.1887,15.1887,15.1891,15.1891,15.1878,15.1882,15.1884,15.1881,15.1877,15.1877,15.1876,15.1881,15.1884,15.1884,15.1878,15.1878,15.1874,15.1867,15.187,15.1873,15.1875,15.1875,15.1862,15.1866,15.187,15.1884,15.1884,15.1879,15.1881,15.1877,15.1877,15.1879,
Mon Apr 13 2020 18:42:00 GMT-0400 (Eastern Daylight Time)
15.1884,15.1883,15.1878,15.1883,15.1872,15.1878,15.1881,15.1881,15.1887,15.1884,15.1881,15.1886,15.1883,15.1893,15.1895,15.1895,15.1894,15.1891,15.1887,15.1887,15.1878,15.1881,15.1883,15.1883,15.1871,15.1874,15.1876,15.1868,15.1862,15.1877,15.1863,15.1873,15.1888,15.1902,15.1899,15.1895,15.1903,15.1907,15.1904,15.1906,15.1904,15.1904,15.1907,15.1916,15.1918,15.1918,15.1922,15.1912,15.1908,15.1917,15.1913,15.1919,15.1929,15.1924,15.1924,15.1927,15.1917,15.1922,15.1935,15.1941,
Mon Apr 13 2020 18:43:00 GMT-0400 (Eastern Daylight Time)
15.1945,15.1945,15.1956,15.1956,15.1945,15.194,15.1942,15.194,15.1937,15.1932,15.1929,15.1927,15.1929,15.1925,15.1925,15.1921,15.1918,15.1913,15.1909,15.1911,15.1914,15.1933,15.1924,15.1924,15.1917,15.1917,15.1921,15.1923,15.192,15.192,15.1918,15.1913,15.1916,15.1917,15.192,15.1926,15.1934,15.1934,15.1934,15.1941,15.195,15.1949,15.194,15.194,15.194,15.1946,15.1939,15.1935,15.1915,15.1912,15.192,15.1919,15.1915,15.1918,15.1918,15.1896,15.1908,15.1904,15.19,15.1875,
Mon Apr 13 2020 18:44:01 GMT-0400 (Eastern Daylight Time)
15.1867,15.1863,15.1867,15.1862,15.1874,15.1879,15.1869,15.1869,15.1857,15.1857,15.1859,15.1861,15.1855,15.188,15.188,15.1876,15.1876,15.1882,15.1875,15.1865,15.1859,15.1864,15.1862,15.1856,15.186,15.1857,15.1854,15.1854,15.1851,15.1851,15.1867,15.1864,15.1861,15.1862,15.1865,15.1866,15.1858,15.1849,15.1838,15.1832,15.1858,15.1861,15.1864,15.1864,15.1864,15.1857,15.1857,15.1863,15.1878,15.188,15.1879,15.1884,15.1882,15.1885,15.1884,15.1872,15.1871,15.1867,15.1863,15.1863,
Mon Apr 13 2020 18:45:01 GMT-0400 (Eastern Daylight Time)
15.1864,15.1879,15.1889,15.1892,15.1893,15.1895,15.1888,15.189,15.1892,15.1895,15.1895,15.1895,15.1888,15.1891,15.1887,15.1883,15.1879,15.1883,15.1886,15.1886,15.1886,15.1886,15.1892,15.1894,15.1898,15.1907,15.191,15.1918,15.1913,15.1913,15.1909,15.1923,15.1919,15.1919,15.1919,15.1919,15.1919,15.1905,15.1916,15.1916,15.1919,15.1912,15.191,15.191,15.19,15.1894,15.1904,15.1904,15.1911,15.1906,15.19,15.1905,15.191,15.191,15.1917,15.1922,15.1931,15.1937,15.1937,15.1931,
Mon Apr 13 2020 18:46:00 GMT-0400 (Eastern Daylight Time)
15.1931,15.1931,15.1933,15.1933,15.1915,15.1909,15.1909,15.1914,15.191,15.1902,15.1902,15.1907,15.1913,15.1907,15.1904,15.1907,15.1901,15.1901,15.1901,15.191,15.1911,15.1921,15.1924,15.1926,15.1922,15.1924,15.1924,15.1925,15.1921,15.191,15.1912,15.191,15.1918,15.1918,15.1926,15.1928,15.193,15.193,15.192,15.1929,15.1933,15.1933,15.1941,15.1936,15.1924,15.1919,15.1916,15.1913,15.1906,15.1912,15.1911,15.1915,15.1904,15.1912,15.1912,15.1915,15.1902,15.1905,15.1909,15.1909,
Mon Apr 13 2020 18:47:00 GMT-0400 (Eastern Daylight Time)
15.1903,15.1903,15.1908,15.1907,15.1909,15.1907,15.1909,15.1909,15.1909,15.1914,15.1919,15.1917,15.1915,15.1913,15.1908,15.1913,15.1919,15.1916,15.1922,15.1922,15.1943,15.1949,15.1946,15.1934,15.1934,15.1936,15.1939,15.1937,15.1943,15.1946,15.1946,15.1946,15.1953,15.1953,15.1953,15.1953,15.1954,15.1951,15.1947,15.1958,15.1956,15.1954,15.1954,15.1955,15.1958,15.1964,15.1962,15.1962,15.1959,15.1956,15.196,15.1954,15.1954,15.1955,15.1955,15.1965,15.1955,15.1955,15.1958,15.1955,
Mon Apr 13 2020 18:48:00 GMT-0400 (Eastern Daylight Time)
15.1962,15.1957,15.1969,15.1969,15.1974,15.1976,15.199,15.1993,15.2023,15.2022,15.2017,15.2019,15.2024,15.202,15.2007,15.2001,15.2015,15.2019,15.2007,15.201,15.2004,15.2004,15.2008,15.2001,15.1998,15.2,15.2006,15.2006,15.2015,15.2013,15.2015,15.2012,15.2032,15.203,15.2056,15.2053,15.2055,15.206,15.2056,15.2056,15.2054,15.206,15.2057,15.2053,15.2056,15.2051,15.2059,15.2057,15.206,15.2064,15.206,15.2058,15.2053,15.2053,15.2048,15.2048,15.205,15.2033,15.2038,15.2034,
Mon Apr 13 2020 18:49:00 GMT-0400 (Eastern Daylight Time)
15.2039,15.2038,15.2038,15.2036,15.2036,15.2029,15.2037,15.2041,15.205,15.205,15.2046,15.2052,15.2054,15.2058,15.2064,15.2048,15.2052,15.2052,15.2045,15.2042,15.2044,15.2034,15.2034,15.2037,15.2033,15.2033,15.2033,15.2033,15.2024,15.204,15.204,15.2038,15.204,15.2048,15.2053,15.206,15.2063,15.2066,15.2069,15.2075,15.2081,15.2078,15.2069,15.2073,15.2067,15.206,15.2063,15.2061,15.2051,15.2037,15.2041,15.2038,15.2036,15.2021,15.2017,15.2017,15.202,15.2009,15.2013,15.2013,
Mon Apr 13 2020 18:50:00 GMT-0400 (Eastern Daylight Time)
15.2017,15.2022,15.2027,15.2047,15.2044,15.2047,15.2043,15.2053,15.205,15.2047,15.2047,15.2047,15.205,15.2053,15.206,15.206,15.2057,15.2064,15.2064,15.2081,15.2081,15.2079,15.2078,15.2078,15.2082,15.2088,15.2084,15.2094,15.2094,15.209,15.209,15.2099,15.2099,15.2098,15.2104,15.2108,15.2108,15.212,15.212,15.2115,15.2121,15.212,15.212,15.2118,15.2115,15.2124,15.2119,15.2119,15.2125,15.2118,15.2121,15.2121,15.2121,15.2121,15.2118,15.2117,15.2121,15.2117,15.2114,15.2108,
Mon Apr 13 2020 18:51:00 GMT-0400 (Eastern Daylight Time)
15.2106,15.2106,15.2103,15.2082,15.2087,15.2087,15.2073,15.2076,15.2081,15.2077,15.208,15.208,15.2076,15.2077,15.2077,15.2077,15.2074,15.2074,15.2074,15.2071,15.2075,15.2072,15.2082,15.2082,15.2082,15.2087,15.2096,15.2092,15.2092,15.2096,15.2096,15.2104,15.2104,15.2104,15.2101,15.2097,15.2092,15.2101,15.2101,15.2101,15.2101,15.2092,15.2087,15.2087,15.2085,15.2085,15.2085,15.2066,15.2074,15.2071,15.2069,15.2063,15.2063,15.2058,15.2069,15.2069,15.2072,15.2068,15.206,15.2057,
Mon Apr 13 2020 18:52:00 GMT-0400 (Eastern Daylight Time)
15.2065,15.2068,15.2062,15.2065,15.206,15.2055,15.2055,15.2057,15.2043,15.2036,15.2036,15.2025,15.203,15.2027,15.2019,15.2017,15.2021,15.2012,15.2011,15.2011,15.202,15.2039,15.2035,15.2039,15.2035,15.2035,15.2035,15.2028,15.202,15.2002,15.2006,15.2006,15.2006,15.1998,15.2004,15.2001,15.1998,15.1983,15.1983,15.198,15.1991,15.1996,15.1986,15.1983,15.1986,15.1985,15.1978,15.1974,15.1982,15.1974,15.1983,15.1976,15.1976,15.1977,15.1977,15.198,15.1986,15.1986,15.1977,15.1974,
Mon Apr 13 2020 18:53:00 GMT-0400 (Eastern Daylight Time)
15.1974,15.1974,15.198,15.1974,15.1974,15.1979,15.1974,15.1974,15.1976,15.1979,15.1972,15.1983,15.1975,15.1975,15.1965,15.1965,15.1962,15.1961,15.1955,15.1955,15.1946,15.1948,15.1953,15.1949,15.1951,15.1944,15.1953,15.1949,15.1945,15.1948,15.1948,15.1951,15.1962,15.1964,15.1964,15.1964,15.1961,15.1961,15.1937,15.1937,15.1947,15.1941,15.1946,15.1938,15.1938,15.1943,15.1943,15.1943,15.1941,15.1928,15.1929,15.1929,15.1929,15.1919,15.1924,15.1928,15.1928,15.1954,15.1945,15.1946,
