Thu Apr 16 2020 07:36:55 GMT-0400 (Eastern Daylight Time)
15.4183,15.4183,15.4177,15.4174,15.4169,15.4178,15.4178,15.4178,15.4177,15.4177,15.4167,15.4163,15.4165,15.4165,15.4162,15.4165,15.417,15.4165,15.4169,15.4163,15.4174,15.4174,15.4163,15.4151,15.4149,15.4154,15.4154,15.415,15.4149,15.4155,15.4165,15.4151,15.4149,15.4152,15.4148,15.4148,15.4152,15.4155,15.4152,15.415,15.4147,15.4155,15.4169,15.4156,15.4156,15.4153,15.415,15.4155,15.4162,15.4164,15.4164,15.4162,15.4166,15.4164,15.4166,15.4171,15.4179,15.4168,15.4171,15.4172,
Thu Apr 16 2020 07:37:55 GMT-0400 (Eastern Daylight Time)
15.4187,15.42,15.4223,15.4223,15.4226,15.4221,15.4221,15.4224,15.421,15.4214,15.4211,15.4211,15.4216,15.4218,15.4221,15.4229,15.4225,15.4219,15.4219,15.4219,15.4208,15.4199,15.4199,15.4193,15.4186,15.4198,15.42,15.4203,15.4195,15.4195,15.42,15.42,15.4228,15.4232,15.4228,15.4222,15.4215,15.421,15.4207,15.4213,15.4195,15.4193,15.4193,15.4195,15.4198,15.4198,15.4202,15.4192,15.4198,15.4225,15.4219,15.4215,15.4215,15.42,15.4208,15.4208,15.4201,15.4196,15.4196,15.4191,
Thu Apr 16 2020 07:38:54 GMT-0400 (Eastern Daylight Time)
15.4188,15.4193,15.4193,15.4193,15.4197,15.4197,15.4188,15.4182,15.4183,15.418,15.418,15.418,15.4179,15.4179,15.4186,15.4186,15.4174,15.4174,15.4175,15.4178,15.4184,15.4184,15.4187,15.4184,15.4193,15.4187,15.4183,15.4183,15.4192,15.42,15.4231,15.4226,15.4232,15.4236,15.4236,15.4236,15.4241,15.4248,15.4248,15.4251,15.4249,15.4249,15.4247,15.4247,15.4242,15.4235,15.4235,15.4233,15.4233,15.4227,15.4227,15.4232,15.4226,15.4218,15.4212,15.4214,15.4204,15.4195,15.4191,15.4194,
Thu Apr 16 2020 07:39:54 GMT-0400 (Eastern Daylight Time)
15.4193,15.4185,15.4185,15.4185,15.4184,15.4193,15.4193,15.4198,15.4198,15.4202,15.4202,15.4196,15.4198,15.4206,15.4206,15.4209,15.422,15.422,15.422,15.4217,15.422,15.4206,15.4199,15.4199,15.4199,15.4204,15.421,15.4208,15.4208,15.423,15.4235,15.4235,15.4233,15.4229,15.4226,15.4223,15.4225,15.4227,15.4229,15.4229,15.4232,15.4233,15.423,15.423,15.4233,15.4227,15.4224,15.4222,15.421,15.4207,15.4197,15.4202,15.4207,15.4214,15.4212,15.4209,15.4202,15.4196,15.4205,15.4207,
Thu Apr 16 2020 07:40:54 GMT-0400 (Eastern Daylight Time)
15.4203,15.4208,15.4204,15.421,15.4213,15.421,15.4213,15.4213,15.4208,15.421,15.421,15.4213,15.4205,15.4205,15.4201,15.4201,15.4201,15.4197,15.4197,15.42,15.4218,15.4231,15.4237,15.4237,15.423,15.423,15.4227,15.4232,15.4224,15.4216,15.4221,15.4221,15.4219,15.4228,15.4233,15.4228,15.4228,15.4228,15.4228,15.4219,15.4231,15.4246,15.4242,15.4245,15.4254,15.426,15.4263,15.4259,15.424,15.424,15.4243,15.4241,15.4242,15.4236,15.4232,15.4226,15.4214,15.421,15.421,15.4207,
Thu Apr 16 2020 07:41:54 GMT-0400 (Eastern Daylight Time)
15.4204,15.4201,15.4201,15.4199,15.4189,15.4209,15.4215,15.4218,15.4221,15.4231,15.4226,15.4229,15.4229,15.4229,15.4225,15.4236,15.4233,15.4229,15.4232,15.4226,15.4224,15.4238,15.4238,15.4246,15.4243,15.4233,15.4226,15.4231,15.4227,15.423,15.423,15.423,15.4227,15.4224,15.4231,15.4234,15.4238,15.4233,15.4233,15.4227,15.4232,15.4232,15.4228,15.4232,15.4239,15.4254,15.4254,15.4259,15.4238,15.4232,15.4231,15.4231,15.4231,15.4232,15.4234,15.4263,15.4254,15.4254,15.4248,15.4249,
Thu Apr 16 2020 07:42:54 GMT-0400 (Eastern Daylight Time)
15.4251,15.4248,15.424,15.4235,15.4257,15.4254,15.4254,15.4262,15.4281,15.4279,15.4285,15.4285,15.4286,15.4276,15.4285,15.4288,15.4284,15.4288,15.4277,15.4277,15.4277,15.4273,15.4278,15.4278,15.428,15.4275,15.4275,15.4273,15.4271,15.4282,15.4277,15.4282,15.4288,15.4288,15.4284,15.429,15.429,15.4288,15.4288,15.4288,15.4283,15.4281,15.4278,15.427,15.4273,15.4249,15.4249,15.4246,15.4249,15.4249,15.4221,15.4221,15.4233,15.4236,15.4254,15.4251,15.4256,15.4244,15.4244,15.4238,
Thu Apr 16 2020 07:43:54 GMT-0400 (Eastern Daylight Time)
15.4236,15.4236,15.4233,15.4229,15.4232,15.4226,15.4217,15.4217,15.4217,15.4219,15.4215,15.4223,15.421,15.4201,15.4196,15.4189,15.4189,15.4217,15.422,15.4216,15.4217,15.4215,15.4215,15.4212,15.4208,15.4212,15.4204,15.4197,15.4197,15.4198,15.4205,15.4205,15.4205,15.4198,15.4196,15.4192,15.4187,15.4192,15.4193,15.4196,15.4196,15.4193,15.4189,15.4189,15.4193,15.4196,15.4198,15.4198,15.4197,15.4197,15.4202,15.4215,15.4195,15.4199,15.4203,15.4204,15.4201,15.4202,15.4202,15.4199,
Thu Apr 16 2020 07:44:54 GMT-0400 (Eastern Daylight Time)
15.4202,15.4193,15.4191,15.4181,15.4181,15.418,15.4174,15.4174,15.4174,15.4178,15.4174,15.4179,15.4179,15.4188,15.4185,15.419,15.4199,15.4181,15.4183,15.4183,15.4186,15.4183,15.4185,15.4187,15.4183,15.419,15.4173,15.4185,15.4178,15.4179,15.4179,15.4179,15.4175,15.4173,15.4165,15.4162,15.4165,15.416,15.416,15.4157,15.4153,15.4153,15.4153,15.4153,15.4157,15.4152,15.4147,15.4147,15.4158,15.4169,15.4174,15.4174,15.4177,15.4175,15.4171,15.4163,15.4161,15.4161,15.4165,15.4162,
Thu Apr 16 2020 07:45:54 GMT-0400 (Eastern Daylight Time)
15.4162,15.4162,15.4162,15.4159,15.4162,15.4162,15.4162,15.4173,15.4173,15.418,15.418,15.418,15.418,15.4197,15.4197,15.4194,15.4192,15.4195,15.4195,15.4193,15.4193,15.419,15.419,15.4192,15.4192,15.4198,15.4198,15.4214,15.4216,15.4216,15.4216,15.422,15.4213,15.4213,15.4207,15.4203,15.4203,15.4198,15.4194,15.4197,15.4201,15.4204,15.4199,15.4196,15.4193,15.4197,15.4197,15.4194,15.4193,15.4193,15.4199,15.4196,15.4194,15.4201,15.4209,15.4212,15.4202,15.4203,15.4209,15.4213,
Thu Apr 16 2020 07:46:54 GMT-0400 (Eastern Daylight Time)
15.4215,15.4218,15.4215,15.4199,15.4199,15.4202,15.4205,15.4209,15.4211,15.4215,15.4219,15.4219,15.4216,15.42,15.4207,15.421,15.421,15.4213,15.4215,15.4212,15.4204,15.4207,15.421,15.4216,15.4206,15.4206,15.4206,15.4204,15.4204,15.4221,15.4221,15.4221,15.4222,15.4223,15.4212,15.4209,15.4209,15.4212,15.4219,15.4219,15.4216,15.4212,15.421,15.421,15.4219,15.4202,15.4206,15.4215,15.4218,15.4218,15.4228,15.4223,15.4225,15.4228,15.4228,15.4228,15.4228,15.4221,15.422,15.4217,
Thu Apr 16 2020 07:47:54 GMT-0400 (Eastern Daylight Time)
15.4221,15.4226,15.4215,15.4217,15.422,15.4214,15.4214,15.4211,15.4221,15.4221,15.4206,15.421,15.421,15.4217,15.423,15.4219,15.4214,15.4212,15.4215,15.4218,15.4225,15.4239,15.4239,15.4232,15.4236,15.4236,15.4236,15.4227,15.4231,15.4229,15.4237,15.4237,15.4237,15.4243,15.4258,15.4255,15.4245,15.4245,15.4221,15.4221,15.4225,15.4225,15.4231,15.4231,15.4231,15.4229,15.4224,15.422,15.422,15.422,15.4222,15.4227,15.4222,15.4222,15.422,15.4217,15.4214,15.4222,15.4243,15.424,
Thu Apr 16 2020 07:48:54 GMT-0400 (Eastern Daylight Time)
15.4246,15.4246,15.4245,15.4245,15.4238,15.4233,15.4245,15.4242,15.4245,15.4238,15.4235,15.4233,15.4243,15.4219,15.422,15.422,15.4226,15.4233,15.4237,15.4237,15.4243,15.424,15.4234,15.4234,15.4237,15.4237,15.4234,15.4234,15.4228,15.4214,15.4218,15.4218,15.4218,15.4237,15.4229,15.4217,15.4207,15.4212,15.4208,15.4208,15.4213,15.4218,15.421,15.4219,15.4219,15.4223,15.422,15.4208,15.4208,15.4205,15.4213,15.4213,15.4217,15.4228,15.4222,15.4216,15.4229,15.4229,15.4227,15.4222,
Thu Apr 16 2020 07:49:54 GMT-0400 (Eastern Daylight Time)
15.4215,15.422,15.4213,15.4218,15.4221,15.4216,15.4213,15.4213,15.4213,15.4213,15.4206,15.4206,15.4206,15.4203,15.42,15.4188,15.4185,15.4181,15.4183,15.4178,15.4172,15.4172,15.4165,15.4169,15.4169,15.4169,15.4165,15.4169,15.4172,15.4174,15.4174,15.418,15.418,15.4177,15.418,15.4177,15.4172,15.4164,15.4167,15.4157,15.4139,15.4144,15.4147,15.4144,15.4143,15.4138,15.4149,15.4143,15.4143,15.4119,15.4112,15.4112,15.4105,15.4105,15.4109,15.4109,15.4109,15.4105,15.4094,15.4094,
Thu Apr 16 2020 07:50:54 GMT-0400 (Eastern Daylight Time)
15.4086,15.4086,15.4091,15.4086,15.4086,15.4086,15.407,15.4067,15.4067,15.4069,15.4069,15.4065,15.4068,15.4072,15.4069,15.4071,15.4074,15.4074,15.407,15.4077,15.4089,15.4089,15.4111,15.4111,15.4098,15.4101,15.4098,15.4107,15.411,15.4107,15.4121,15.4119,15.4119,15.4129,15.4126,15.4128,15.4127,15.4122,15.4134,15.4158,15.416,15.416,15.417,15.417,15.4165,15.4165,15.4163,15.4161,15.4163,15.4169,15.4159,15.4159,15.4158,15.4167,15.4177,15.4174,15.4174,15.4196,15.4199,15.4227,
Thu Apr 16 2020 07:51:54 GMT-0400 (Eastern Daylight Time)
15.4221,15.4213,15.4222,15.4216,15.4216,15.421,15.42,15.4198,15.4198,15.4198,15.4198,15.4196,15.4196,15.419,15.4204,15.4202,15.4206,15.4206,15.4203,15.421,15.4207,15.4212,15.4212,15.4212,15.4208,15.4209,15.4208,15.4211,15.4197,15.4191,15.4191,15.4193,15.4185,15.4185,15.4176,15.4179,15.4185,15.4176,15.4174,15.4181,15.4181,15.4177,15.4154,15.4154,15.4172,15.4172,15.4167,15.4174,15.4174,15.4174,15.4185,15.4189,15.4195,15.4195,15.4213,15.4224,15.4229,15.4226,15.4229,15.4229,
Thu Apr 16 2020 07:52:54 GMT-0400 (Eastern Daylight Time)
15.424,15.4247,15.4245,15.4242,15.4231,15.4227,15.4227,15.4226,15.4226,15.4234,15.4236,15.4236,15.4236,15.4236,15.4249,15.4252,15.4254,15.4251,15.4247,15.4258,15.4258,15.4251,15.4247,15.4244,15.4249,15.4247,15.4251,15.4251,15.4257,15.4253,15.4237,15.4242,15.4242,15.4246,15.4253,15.4259,15.4262,15.4267,15.4265,15.4268,15.4275,15.428,15.428,15.4257,15.4252,15.4243,15.4234,15.4234,15.4242,15.4242,15.4249,15.4264,15.4267,15.4267,15.4265,15.4267,15.427,15.4284,15.4286,15.429,
Thu Apr 16 2020 07:53:54 GMT-0400 (Eastern Daylight Time)
15.4301,15.4301,15.4294,15.43,15.4304,15.4301,15.4305,15.4309,15.4311,15.4311,15.43,15.4296,15.43,15.43,15.4293,15.4285,15.4285,15.4281,15.4284,15.4265,15.4262,15.4267,15.4274,15.4268,15.4268,15.4269,15.4273,15.4287,15.429,15.4295,15.4299,15.4297,15.4293,15.4293,15.4297,15.4295,15.4292,15.4296,15.4302,15.4302,15.4274,15.4277,15.4286,15.4283,15.4281,15.4281,15.4281,15.4283,15.4283,15.4281,15.4278,15.4283,15.4283,15.4289,15.4293,15.429,15.4292,15.4288,15.4272,15.4279,
Thu Apr 16 2020 07:54:54 GMT-0400 (Eastern Daylight Time)
15.4279,15.4279,15.4279,15.4272,15.4272,15.4267,15.427,15.4272,15.4262,15.4262,15.4258,15.4253,15.4225,15.4225,15.4231,15.4237,15.423,15.4226,15.4224,15.4224,15.4219,15.4216,15.422,15.423,15.4219,15.4219,15.4212,15.422,15.422,15.4219,15.4219,15.4225,15.4229,15.4231,15.4229,15.4229,15.4224,15.4222,15.4224,15.4224,15.422,15.4226,15.4218,15.4218,15.4214,15.4217,15.4217,15.4213,15.4216,15.4216,15.4221,15.4212,15.4223,15.4223,15.4195,15.4195,15.4195,15.4193,15.419,15.4184,
Thu Apr 16 2020 07:55:54 GMT-0400 (Eastern Daylight Time)
15.4169,15.4154,15.4157,15.4157,15.4157,15.4157,15.4157,15.4155,15.4166,15.4163,15.4158,15.4141,15.4143,15.4153,15.4153,15.4153,15.4149,15.4149,15.415,15.4157,15.4162,15.416,15.4147,15.4153,15.4155,15.4155,15.4158,15.4155,15.4155,15.4158,15.4147,15.4156,15.4161,15.4182,15.4178,15.4186,15.4172,15.4169,15.4169,15.4175,15.418,15.4171,15.4171,15.4165,15.4162,15.4169,15.4172,15.4171,15.4167,15.4157,15.4157,15.4157,15.4154,15.4157,15.416,15.4151,15.4143,15.4143,15.4147,15.4139,
Thu Apr 16 2020 07:56:54 GMT-0400 (Eastern Daylight Time)
15.4139,15.4148,15.4148,15.415,15.4153,15.4153,15.4153,15.4155,15.4157,15.4166,15.4163,15.4156,15.4152,15.4159,15.4146,15.4146,15.4155,15.4153,15.415,15.4128,15.4123,15.4126,15.4131,15.4143,15.4149,15.4149,15.4147,15.4151,15.4162,15.4158,15.4168,15.4164,15.416,15.4156,15.4156,15.4159,15.4147,15.415,15.4148,15.4181,15.417,15.4174,15.4172,15.4176,15.4179,15.4179,15.4179,15.4198,15.4199,15.4202,15.4194,15.417,15.417,15.4168,15.4177,15.4166,15.4169,15.4169,15.4173,15.4169,
Thu Apr 16 2020 07:57:54 GMT-0400 (Eastern Daylight Time)
15.4165,15.4162,15.4165,15.4177,15.4172,15.4162,15.4162,15.4152,15.4159,15.4168,15.417,15.4167,15.4167,15.4162,15.4165,15.416,15.416,15.4163,15.4173,15.4176,15.4172,15.4168,15.4173,15.4178,15.4178,15.4178,15.4166,15.4165,15.4168,15.4172,15.417,15.4161,15.4171,15.4169,15.4169,15.4172,15.4181,15.419,15.419,15.4192,15.4192,15.4197,15.4197,15.4186,15.4183,15.4187,15.4187,15.42,15.4198,15.4191,15.4193,15.4204,15.4217,15.4217,15.4243,15.4237,15.4241,15.4246,15.4261,15.4279,
Thu Apr 16 2020 07:58:54 GMT-0400 (Eastern Daylight Time)
15.4282,15.4279,15.4276,15.428,15.4292,15.4292,15.4296,15.4294,15.4291,15.4302,15.4306,15.4298,15.4287,15.4299,15.4295,15.4298,15.429,15.429,15.4287,15.4279,15.4275,15.4275,15.4268,15.4272,15.426,15.4265,15.4265,15.4268,15.4268,15.4268,15.4265,15.4262,15.4264,15.4267,15.4267,15.4272,15.4265,15.4271,15.4262,15.427,15.4273,15.4276,15.4273,15.4272,15.4272,15.4272,15.4269,15.426,15.426,15.4251,15.4251,15.4255,15.4255,15.4255,15.4255,15.4263,15.4242,15.4244,15.4253,15.4239,
Thu Apr 16 2020 07:59:54 GMT-0400 (Eastern Daylight Time)
15.4247,15.4248,15.4255,15.4247,15.4252,15.4253,15.4271,15.4271,15.4264,15.4267,15.4261,15.4259,15.4257,15.4259,15.4261,15.4255,15.4255,15.4261,15.4259,15.4265,15.4273,15.4275,15.4272,15.4275,15.4279,15.4278,15.4278,15.4278,15.4278,15.4278,15.4274,15.4265,15.4273,15.4271,15.4273,15.4275,15.4272,15.427,15.4273,15.427,15.4245,15.4243,15.4241,15.4238,15.4247,15.4247,15.4247,15.4242,15.4246,15.4246,15.4246,15.4257,15.425,15.4253,15.4249,15.4252,15.4254,15.4251,15.4257,15.4265,
Thu Apr 16 2020 08:00:54 GMT-0400 (Eastern Daylight Time)
15.4264,15.4267,15.4267,15.4257,15.4246,15.4238,15.4238,15.4243,15.4236,15.4236,15.4236,15.4243,15.4235,15.4237,15.424,15.4236,15.4245,15.4245,15.4245,15.4241,15.4237,15.423,15.4233,15.4235,15.4219,15.4219,15.4219,15.4219,15.4205,15.42,15.4197,15.4203,15.4208,15.421,15.4213,15.4196,15.4171,15.4177,15.4179,15.4179,15.4188,15.4188,15.4188,15.4183,15.4171,15.4176,15.4173,15.4173,15.4181,15.4184,15.4178,15.4176,15.4179,15.4175,15.4175,15.4172,15.4167,15.4164,15.4164,15.4177,
Thu Apr 16 2020 08:01:54 GMT-0400 (Eastern Daylight Time)
15.418,15.418,15.4183,15.4195,15.4202,15.4202,15.4195,15.4201,15.4201,15.4201,15.4197,15.4194,15.4193,15.4189,15.4189,15.4193,15.4209,15.4206,15.4193,15.4193,15.4203,15.4207,15.421,15.4206,15.4208,15.4205,15.4205,15.4205,15.4205,15.4208,15.4197,15.4194,15.4197,15.4197,15.4192,15.4194,15.4171,15.4177,15.4171,15.4171,15.4171,15.4175,15.4177,15.4167,15.4167,15.4167,15.4162,15.4166,15.4185,15.4171,15.4168,15.4177,15.4173,15.4168,15.4171,15.4171,15.4174,15.4174,15.4174,15.4174,
Thu Apr 16 2020 08:02:54 GMT-0400 (Eastern Daylight Time)
15.4179,15.4177,15.4192,15.4192,15.4181,15.4184,15.4175,15.417,15.4175,15.416,15.4166,15.4166,15.4173,15.4173,15.4165,15.4161,15.4151,15.4151,15.418,15.4183,15.4188,15.4192,15.4193,15.419,15.4195,15.4195,15.4195,15.419,15.4194,15.4198,15.4194,15.4194,15.4186,15.4186,15.4189,15.4184,15.4167,15.4164,15.4167,15.4163,15.4175,15.4175,15.4177,15.4173,15.4175,15.4178,15.4185,15.4182,15.4176,15.417,15.4179,15.4174,15.4177,15.4179,15.4182,15.4189,15.4198,15.4217,15.4217,15.422,
Thu Apr 16 2020 08:03:54 GMT-0400 (Eastern Daylight Time)
15.4226,15.4213,15.4218,15.4218,15.4209,15.4222,15.4222,15.4228,15.4228,15.4225,15.4231,15.4216,15.4218,15.4221,15.4218,15.4218,15.421,15.4239,15.4237,15.4245,15.4238,15.4238,15.4238,15.4232,15.4228,15.4227,15.4227,15.4233,15.423,15.4238,15.4232,15.4232,15.4226,15.4219,15.4219,15.4213,15.4214,15.4235,15.4246,15.425,15.4259,15.4263,15.4263,15.4268,15.4275,15.428,15.428,15.4276,15.4289,15.4294,15.43,15.43,15.4304,15.4301,15.4299,15.4302,15.4303,15.4309,15.4321,15.4316,
Thu Apr 16 2020 08:04:54 GMT-0400 (Eastern Daylight Time)
15.4311,15.4314,15.4317,15.432,15.4315,15.4315,15.4309,15.4305,15.4302,15.4297,15.4297,15.4293,15.4289,15.4289,15.4289,15.4283,15.4274,15.4271,15.4265,15.4274,15.426,15.4252,15.4255,15.4252,15.4227,15.4233,15.4231,15.4231,15.4229,15.4222,15.4222,15.4225,15.4227,15.4228,15.4228,15.4254,15.4256,15.4253,15.4249,15.4252,15.4249,15.4251,15.4248,15.4248,15.426,15.426,15.4268,15.4268,15.4271,15.4271,15.4274,15.4273,15.4268,15.4272,15.4266,15.4268,15.4273,15.4275,15.4278,15.4281,
Thu Apr 16 2020 08:05:54 GMT-0400 (Eastern Daylight Time)
15.4281,15.4281,15.4284,15.4284,15.4278,15.4278,15.4272,15.4272,15.4278,15.4275,15.4271,15.4271,15.4284,15.4282,15.4285,15.4288,15.4294,15.429,15.4292,15.4294,15.4294,15.4289,15.4287,15.4287,15.4271,15.4275,15.4275,15.4276,15.4276,15.4279,15.4283,15.4287,15.4291,15.4291,15.4294,15.4297,15.4296,15.4308,15.4316,15.432,15.432,15.4324,15.4326,15.4323,15.4323,15.4319,15.4305,15.4305,15.4294,15.429,15.428,15.428,15.4283,15.4283,15.428,15.428,15.4291,15.4295,15.4308,15.4302,
Thu Apr 16 2020 08:06:54 GMT-0400 (Eastern Daylight Time)
15.4307,15.4312,15.4312,15.4312,15.4309,15.4302,15.43,15.4306,15.4304,15.4309,15.4305,15.4305,15.43,15.4298,15.43,15.43,15.4299,15.4299,15.4299,15.4299,15.4299,15.4299,15.4303,15.4306,15.4321,15.4321,15.4321,15.4318,15.4322,15.4333,15.4333,15.4336,15.4343,15.4331,15.4329,15.4332,15.4327,15.4331,15.4334,15.4332,15.4335,15.4341,15.4344,15.4346,15.4356,15.4356,15.4356,15.4354,15.4345,15.434,15.4344,15.4347,15.4335,15.4339,15.4333,15.434,15.4317,15.4312,15.431,15.4322,
Thu Apr 16 2020 08:07:55 GMT-0400 (Eastern Daylight Time)
15.4319,15.4323,15.4315,15.4318,15.431,15.4314,15.4317,15.4311,15.4317,15.432,15.4331,15.4328,15.4316,15.4312,15.4315,15.4315,15.4313,15.4312,15.4318,15.4314,15.4304,15.4309,15.4313,15.4313,15.431,15.43,15.4298,15.4295,15.4298,15.43,15.43,15.43,15.4313,15.4309,15.4306,15.4309,15.4309,15.4305,15.4305,15.4308,15.4301,15.4299,15.4303,15.4301,15.4308,15.4311,15.4311,15.4311,15.428,15.4283,15.4274,15.4276,15.4289,15.428,15.4275,15.4282,15.4293,15.4286,15.4281,15.4281,
Thu Apr 16 2020 08:08:55 GMT-0400 (Eastern Daylight Time)
15.4277,15.4255,15.424,15.424,15.4242,15.4242,15.4239,15.4244,15.4244,15.425,15.4247,15.4243,15.4244,15.4245,15.423,15.423,15.4221,15.4221,15.4218,15.422,15.4233,15.4225,15.4225,15.4225,15.4225,15.4231,15.4235,15.4244,15.4227,15.4231,15.4231,15.4235,15.4233,15.4236,15.4234,15.4231,15.4212,15.4216,15.4212,15.4206,15.4209,15.4208,15.4206,15.421,15.4207,15.4212,15.4202,15.4205,15.4205,15.421,15.4212,15.4205,15.4218,15.4224,15.4233,15.4242,15.4288,15.429,15.429,15.429,
Thu Apr 16 2020 08:09:54 GMT-0400 (Eastern Daylight Time)
15.429,15.429,15.4294,15.4294,15.4289,15.4289,15.4289,15.4282,15.4274,15.4251,15.4244,15.4244,15.4241,15.4245,15.426,15.426,15.4277,15.4277,15.4281,15.4281,15.4282,15.4269,15.4265,15.4265,15.4265,15.4258,15.4258,15.4261,15.4266,15.4268,15.427,15.427,15.4279,15.4279,15.4285,15.4287,15.4289,15.43,15.429,15.4287,15.4284,15.4289,15.4289,15.4282,15.4275,15.4274,15.4277,15.4277,15.4271,15.4238,15.4241,15.4233,15.4233,15.4224,15.4224,15.4221,15.4221,15.4221,15.422,15.422,
Thu Apr 16 2020 08:10:54 GMT-0400 (Eastern Daylight Time)
15.422,15.422,15.422,15.4237,15.4226,15.4233,15.4229,15.424,15.4233,15.424,15.4236,15.4236,15.4244,15.4249,15.4249,15.4246,15.4218,15.4215,15.4215,15.4207,15.4203,15.4187,15.4187,15.4189,15.4184,15.417,15.4173,15.4169,15.416,15.4165,15.4169,15.4172,15.4172,15.4178,15.4176,15.4171,15.4185,15.4185,15.4181,15.4183,15.4188,15.4183,15.4178,15.4182,15.4185,15.4183,15.4191,15.4191,15.4191,15.4185,15.418,15.4183,15.4179,15.4173,15.4169,15.4158,15.4163,15.4152,15.4148,15.4141,
Thu Apr 16 2020 08:11:54 GMT-0400 (Eastern Daylight Time)
15.4137,15.4131,15.4132,15.4135,15.4135,15.4133,15.413,15.4127,15.4132,15.4134,15.4134,15.4134,15.4138,15.4137,15.4137,15.4134,15.4129,15.4126,15.413,15.4133,15.4141,15.4146,15.4143,15.4143,15.4143,15.4143,15.4139,15.4139,15.4133,15.4135,15.4135,15.4132,15.4134,15.4166,15.4166,15.4158,15.4156,15.4145,15.4135,15.4135,15.4135,15.4132,15.4124,15.4121,15.4124,15.413,15.4136,15.4141,15.4144,15.4132,15.4126,15.4119,15.4115,15.4121,15.413,15.4141,15.415,15.415,15.415,15.4155,
Thu Apr 16 2020 08:12:54 GMT-0400 (Eastern Daylight Time)
15.4166,15.4194,15.4195,15.4197,15.4208,15.4215,15.4215,15.4221,15.4221,15.4221,15.4219,15.4216,15.4216,15.422,15.4206,15.4204,15.4207,15.421,15.421,15.4218,15.4213,15.4219,15.4222,15.4218,15.4218,15.4221,15.4224,15.4224,15.4234,15.424,15.4238,15.4238,15.4235,15.423,15.4219,15.4219,15.4222,15.4233,15.423,15.4225,15.4225,15.4221,15.4213,15.4208,15.4207,15.4207,15.4215,15.4218,15.4215,15.4213,15.4216,15.4219,15.4231,15.4229,15.4229,15.4249,15.4249,15.4258,15.4284,15.4284,
Thu Apr 16 2020 08:13:54 GMT-0400 (Eastern Daylight Time)
15.4282,15.429,15.429,15.4294,15.4289,15.4311,15.4311,15.4303,15.4293,15.4292,15.4288,15.4292,15.4288,15.4288,15.4284,15.43,15.43,15.43,15.4298,15.4302,15.4299,15.429,15.429,15.4293,15.4302,15.4291,15.4295,15.4284,15.4281,15.4257,15.4258,15.4263,15.4257,15.4265,15.4268,15.4268,15.4264,15.4266,15.4263,15.4263,15.4259,15.4271,15.4267,15.4266,15.4266,15.4274,15.4274,15.4271,15.4263,15.4263,15.4271,15.4279,15.4276,15.4271,15.4275,15.4275,15.4281,15.4284,15.4287,15.4282,
Thu Apr 16 2020 08:14:54 GMT-0400 (Eastern Daylight Time)
15.4289,15.4284,15.4289,15.4284,15.4287,15.4293,15.43,15.43,15.4302,15.4317,15.4323,15.432,15.4316,15.4316,15.4316,15.4316,15.4311,15.4307,15.4302,15.4294,15.4286,15.4284,15.4288,15.4268,15.4272,15.4278,15.4278,15.4278,15.428,15.4276,15.4284,15.4274,15.428,15.4276,15.4276,15.4276,15.4291,15.4298,15.4295,15.4302,15.4307,15.4298,15.4301,15.4304,15.429,15.429,15.4296,15.4291,15.4291,15.4283,15.4281,15.4282,15.4279,15.4282,15.4281,15.4269,15.4271,15.4263,15.4261,15.4261,
Thu Apr 16 2020 08:15:54 GMT-0400 (Eastern Daylight Time)
15.4261,15.4271,15.4275,15.4275,15.4283,15.427,15.4283,15.4292,15.4291,15.4291,15.4298,15.4298,15.4301,15.4311,15.4305,15.4308,15.4308,15.4298,15.4297,15.4293,15.4291,15.4295,15.4296,15.4293,15.4286,15.4281,15.4281,15.4286,15.4279,15.4278,15.4274,15.4275,15.428,15.4295,15.4302,15.4298,15.4298,15.4291,15.4286,15.4276,15.4273,15.4276,15.4281,15.4309,15.4307,15.4306,15.431,15.4301,15.4305,15.4305,15.4307,15.4307,15.4307,15.4318,15.4322,15.432,15.432,15.4306,15.4303,15.4296,
Thu Apr 16 2020 08:16:54 GMT-0400 (Eastern Daylight Time)
15.4298,15.4296,15.4305,15.4307,15.4307,15.4297,15.4305,15.4305,15.4302,15.4299,15.4304,15.431,15.431,15.4299,15.4299,15.4309,15.4316,15.4313,15.4315,15.4315,15.4333,15.4344,15.4341,15.4344,15.4344,15.4342,15.434,15.4343,15.4339,15.4341,15.4339,15.4339,15.4339,15.4341,15.4349,15.4349,15.4352,15.4354,15.4354,15.4352,15.4352,15.4362,15.4367,15.4376,15.4376,15.4374,15.4372,15.4374,15.4377,15.4374,15.4364,15.4361,15.4357,15.4354,15.4354,15.435,15.435,15.4347,15.4345,15.4331,
Thu Apr 16 2020 08:17:54 GMT-0400 (Eastern Daylight Time)
15.4324,15.4329,15.4329,15.4349,15.4345,15.4341,15.4338,15.4343,15.4343,15.4349,15.4351,15.4351,15.4346,15.4346,15.4346,15.4342,15.4342,15.4343,15.4343,15.434,15.4336,15.4331,15.4327,15.4332,15.4332,15.4336,15.4336,15.4348,15.4348,15.4348,15.4353,15.4358,15.4358,15.4343,15.4334,15.4338,15.4335,15.4335,15.4351,15.434,15.4336,15.4339,15.4337,15.4341,15.4341,15.4341,15.4337,15.4337,15.4334,15.4338,15.4335,15.4361,15.4354,15.4352,15.4362,15.436,15.4369,15.4359,15.4361,15.4373,
Thu Apr 16 2020 08:18:54 GMT-0400 (Eastern Daylight Time)
15.4373,15.438,15.438,15.4383,15.4383,15.4385,15.4379,15.438,15.438,15.4364,15.4357,15.4357,15.4362,15.4364,15.4353,15.4346,15.435,15.4343,15.4346,15.4355,15.435,15.4334,15.4337,15.4348,15.4345,15.4337,15.4344,15.4346,15.4345,15.4349,15.4341,15.4337,15.4337,15.4337,15.4337,15.4337,15.4331,15.4337,15.434,15.434,15.4336,15.4337,15.4342,15.4343,15.4343,15.4345,15.4339,15.4349,15.4346,15.4346,15.4336,15.4326,15.432,15.4317,15.4321,15.4326,15.4326,15.4334,15.4334,15.4334,
Thu Apr 16 2020 08:19:54 GMT-0400 (Eastern Daylight Time)
15.4338,15.4338,15.4332,15.4332,15.4327,15.4352,15.4359,15.4353,15.4365,15.4369,15.4366,15.4369,15.4369,15.436,15.4351,15.4356,15.4356,15.4364,15.4359,15.4352,15.4347,15.4355,15.4332,15.4324,15.4324,15.4321,15.4324,15.4323,15.4327,15.4328,15.4328,15.4325,15.4329,15.4329,15.4322,15.4322,15.4315,15.4317,15.4313,15.4322,15.4332,15.4334,15.4327,15.4317,15.4317,15.4322,15.4306,15.4296,15.4296,15.429,15.4293,15.4293,15.4296,15.4291,15.4303,15.4301,15.4294,15.4288,15.4287,15.4287,
Thu Apr 16 2020 08:20:54 GMT-0400 (Eastern Daylight Time)
15.4287,15.4287,15.4285,15.4285,15.4282,15.4275,15.4275,15.4279,15.4276,15.4279,15.4284,15.4273,15.4264,15.426,15.4248,15.425,15.425,15.425,15.4241,15.4243,15.4252,15.4255,15.4259,15.4256,15.4253,15.4253,15.4255,15.4255,15.4251,15.4249,15.4243,15.4243,15.4243,15.4246,15.4261,15.4257,15.426,15.4257,15.4268,15.4279,15.4279,15.4283,15.4278,15.4265,15.4255,15.4259,15.4259,15.4266,15.4268,15.4268,15.4274,15.428,15.4274,15.427,15.4261,15.4256,15.4256,15.4256,15.4266,15.427,
Thu Apr 16 2020 08:21:54 GMT-0400 (Eastern Daylight Time)
15.4266,15.4268,15.4265,15.4263,15.4264,15.4264,15.4255,15.4249,15.4257,15.4255,15.4247,15.4255,15.426,15.4255,15.4264,15.4261,15.4254,15.4241,15.4238,15.4241,15.4238,15.4241,15.4241,15.4243,15.4236,15.4236,15.4233,15.423,15.423,15.4228,15.4223,15.4229,15.4229,15.4231,15.4227,15.4222,15.4221,15.4224,15.4221,15.4221,15.4219,15.4216,15.4213,15.421,15.4207,15.421,15.4228,15.4223,15.422,15.4223,15.4224,15.4219,15.4208,15.4222,15.4234,15.4239,15.4235,15.4235,15.4232,15.4235,
Thu Apr 16 2020 08:22:54 GMT-0400 (Eastern Daylight Time)
15.4244,15.424,15.4245,15.4245,15.4239,15.423,15.4233,15.4236,15.4236,15.4231,15.4228,15.4232,15.4232,15.4236,15.4244,15.4242,15.4238,15.4238,15.4238,15.4235,15.4235,15.4241,15.4244,15.4265,15.4271,15.4271,15.4268,15.4265,15.4265,15.4261,15.4264,15.4268,15.4265,15.4265,15.4271,15.4261,15.4267,15.4273,15.4267,15.4264,15.4258,15.4266,15.4272,15.4269,15.4267,15.4267,15.426,15.4268,15.4268,15.4264,15.4274,15.4264,15.4264,15.4262,15.423,15.423,15.423,15.423,15.4228,15.4226,
Thu Apr 16 2020 08:23:54 GMT-0400 (Eastern Daylight Time)
15.4222,15.4219,15.422,15.422,15.4209,15.4211,15.4209,15.4209,15.4199,15.4195,15.4191,15.4181,15.4185,15.4185,15.4181,15.4186,15.4188,15.4188,15.4193,15.4194,15.42,15.4202,15.4207,15.4217,15.4219,15.4221,15.4221,15.4218,15.4214,15.422,15.4217,15.422,15.4217,15.4215,15.4222,15.4225,15.4241,15.4234,15.4237,15.4261,15.4264,15.4258,15.4263,15.426,15.426,15.4264,15.4269,15.4269,15.4277,15.4277,15.428,15.4283,15.4289,15.4285,15.4285,15.4288,15.4285,15.4287,15.4292,15.4288,
Thu Apr 16 2020 08:24:54 GMT-0400 (Eastern Daylight Time)
15.4284,15.4284,15.4277,15.4269,15.4269,15.4269,15.4269,15.4269,15.4272,15.4269,15.4269,15.4267,15.4267,15.4264,15.4263,15.4267,15.4267,15.4267,15.4254,15.4251,15.4262,15.4257,15.425,15.425,15.4253,15.4258,15.4258,15.426,15.426,15.4285,15.4286,15.4286,15.4282,15.4282,15.4277,15.4282,15.4279,15.4282,15.4281,15.429,15.4287,15.4287,15.4292,15.4294,15.4291,15.4291,15.4294,15.4295,15.429,15.429,15.428,15.4282,15.4284,15.4279,15.4278,15.4275,15.4272,15.4278,15.4281,15.4294,
Thu Apr 16 2020 08:25:54 GMT-0400 (Eastern Daylight Time)
15.4297,15.4301,15.431,15.4288,15.4291,15.4291,15.4295,15.4295,15.4295,15.4295,15.4295,15.429,15.4289,15.4292,15.4303,15.431,15.4309,15.4315,15.4331,15.4341,15.4341,15.4337,15.4337,15.4345,15.4339,15.4326,15.4329,15.4321,15.4327,15.4345,15.4349,15.4357,15.4355,15.4354,15.4365,15.4363,15.4372,15.4372,15.4354,15.4358,15.4363,15.436,15.436,15.4362,15.4362,15.4352,15.4346,15.436,15.4353,15.4353,15.4361,15.4358,15.4355,15.4349,15.4346,15.4354,15.4352,15.4352,15.4359,15.4356,
Thu Apr 16 2020 08:26:54 GMT-0400 (Eastern Daylight Time)
15.437,15.4367,15.437,15.437,15.4363,15.4349,15.435,15.4345,15.435,15.435,15.4357,15.4357,15.4351,15.4348,15.4356,15.4355,15.4353,15.4364,15.436,15.4365,15.4365,15.4359,15.4358,15.4358,15.4355,15.4351,15.4343,15.4343,15.4328,15.4334,15.4337,15.4336,15.4339,15.4345,15.4341,15.4341,15.4341,15.4341,15.4338,15.4338,15.4338,15.4341,15.4341,15.4337,15.4337,15.4343,15.4342,15.4336,15.4339,15.4339,15.4341,15.4337,15.4339,15.4339,15.4332,15.4332,15.4332,15.4332,15.4332,15.4332,
Thu Apr 16 2020 08:27:54 GMT-0400 (Eastern Daylight Time)
15.4329,15.4334,15.4336,15.4341,15.4341,15.4343,15.4344,15.4344,15.4347,15.435,15.4361,15.4361,15.4361,15.4367,15.4364,15.4363,15.4361,15.4364,15.4361,15.436,15.436,15.4353,15.4357,15.4354,15.4341,15.4349,15.4349,15.4334,15.4326,15.4333,15.4333,15.434,15.4338,15.4338,15.4343,15.4343,15.434,15.434,15.434,15.4337,15.4322,15.4328,15.4325,15.4328,15.4349,15.4349,15.4349,15.4356,15.4349,15.4349,15.4343,15.4355,15.4352,15.4338,15.4338,15.4341,15.4344,15.4341,15.4335,15.4334,
Thu Apr 16 2020 08:28:54 GMT-0400 (Eastern Daylight Time)
15.4338,15.4338,15.4333,15.4339,15.4339,15.4345,15.4351,15.4351,15.4346,15.4353,15.4342,15.4342,15.434,15.434,15.4352,15.4355,15.4355,15.4372,15.4378,15.4378,15.4385,15.4385,15.438,15.4386,15.4391,15.4394,15.4397,15.4397,15.4402,15.4412,15.442,15.442,15.4415,15.4411,15.4384,15.4388,15.4386,15.4391,15.4396,15.4396,15.4396,15.4401,15.4396,15.4388,15.4396,15.4394,15.4383,15.4392,15.438,15.4375,15.4377,15.4373,15.437,15.4381,15.4372,15.4372,15.4375,15.4375,15.4375,15.4377,
Thu Apr 16 2020 08:29:54 GMT-0400 (Eastern Daylight Time)
15.4372,15.4367,15.4341,15.4343,15.4341,15.4344,15.434,15.4335,15.4335,15.4333,15.4337,15.4337,15.4341,15.4335,15.4338,15.433,15.4338,15.4338,15.4328,15.4323,15.4326,15.4319,15.4313,15.431,15.431,15.431,15.4312,15.4312,15.4315,15.4319,15.4318,15.4321,15.4324,15.4324,15.4322,15.4322,15.4318,15.4321,15.4327,15.4316,15.432,15.4321,15.4312,15.4315,15.4309,15.4309,15.4333,15.4333,15.4333,15.4333,15.4321,15.4321,15.4324,15.4304,15.4321,15.4321,15.4321,15.4325,15.4313,15.4306,
Thu Apr 16 2020 08:30:54 GMT-0400 (Eastern Daylight Time)
15.4313,15.4313,15.431,15.4314,15.4322,15.4317,15.4307,15.4302,15.4302,15.4304,15.4307,15.4295,15.4297,15.4297,15.4294,15.4294,15.4289,15.4285,15.4279,15.4279,15.4289,15.4285,15.4286,15.4289,15.4284,15.4284,15.4283,15.4283,15.428,15.4282,15.4282,15.4279,15.4282,15.4264,15.4261,15.4254,15.4258,15.4262,15.4265,15.4268,15.427,15.428,15.4272,15.4272,15.4276,15.4276,15.4273,15.4273,15.427,15.427,15.426,15.4262,15.4262,15.4264,15.4263,15.427,15.427,15.427,15.4272,15.4269,
Thu Apr 16 2020 08:31:54 GMT-0400 (Eastern Daylight Time)
15.4265,15.4261,15.4254,15.4254,15.4245,15.4245,15.4245,15.4245,15.4243,15.4238,15.4238,15.4234,15.4237,15.4237,15.424,15.4242,15.4242,15.4239,15.4234,15.4239,15.4239,15.4239,15.4239,15.4237,15.4237,15.4231,15.4236,15.4222,15.4222,15.4223,15.4214,15.4202,15.4202,15.4202,15.4202,15.4206,15.4208,15.42,15.42,15.4196,15.4199,15.42,15.42,15.4193,15.4193,15.419,15.4192,15.4192,15.4192,15.42,15.4209,15.4205,15.4205,15.4205,15.4192,15.4179,15.4181,15.4181,15.4185,15.4178,
Thu Apr 16 2020 08:32:54 GMT-0400 (Eastern Daylight Time)
15.4178,15.4173,15.4173,15.4173,15.4169,15.4165,15.4165,15.4165,15.4174,15.4174,15.417,15.415,15.415,15.415,15.415,15.4153,15.4157,15.4124,15.4124,15.4112,15.4097,15.4095,15.4095,15.4109,15.4107,15.4107,15.4109,15.4119,15.4124,15.4124,15.4122,15.412,15.4121,15.4121,15.4118,15.4105,15.4113,15.4113,15.4111,15.4117,15.4117,15.4117,15.4132,15.4132,15.4132,15.4129,15.4121,15.4121,15.4121,15.4116,15.4116,15.413,15.4135,15.4129,15.4129,15.415,15.4147,15.4144,15.4144,15.4144,
Thu Apr 16 2020 08:33:54 GMT-0400 (Eastern Daylight Time)
15.4149,15.4145,15.4147,15.4147,15.4151,15.4151,15.4159,15.4162,15.4177,15.4177,15.4171,15.4173,15.4173,15.4168,15.416,15.4157,15.4151,15.4162,15.4162,15.4157,15.415,15.415,15.415,15.4142,15.4142,15.4138,15.4138,15.4142,15.4136,15.4133,15.4133,15.4129,15.4123,15.4125,15.4128,15.4133,15.4139,15.4139,15.4141,15.4143,15.4137,15.4131,15.4133,15.4135,15.4133,15.4133,15.4141,15.4142,15.4147,15.4149,15.4153,15.4154,15.4148,15.4152,15.4157,15.4161,15.4167,15.4163,15.4167,15.4164,
Thu Apr 16 2020 08:34:54 GMT-0400 (Eastern Daylight Time)
15.4159,15.4157,15.4157,15.4163,15.4166,15.4158,15.4171,15.4167,15.4169,15.4171,15.4169,15.4157,15.4152,15.4152,15.4159,15.4153,15.4156,15.4156,15.4156,15.4153,15.4152,15.4149,15.4143,15.4152,15.4155,15.4155,15.4155,15.4159,15.4161,15.4157,15.4157,15.4159,15.4162,15.4169,15.4173,15.4151,15.4151,15.4151,15.4153,15.4153,15.4162,15.4166,15.4166,15.416,15.4168,15.4164,15.4164,15.4175,15.4189,15.4181,15.4181,15.4176,15.4179,15.4199,15.4197,15.4204,15.42,15.4203,15.4206,15.4223,
Thu Apr 16 2020 08:35:54 GMT-0400 (Eastern Daylight Time)
15.422,15.4215,15.4219,15.4225,15.422,15.422,15.4222,15.4219,15.4215,15.4215,15.4218,15.4221,15.4224,15.4232,15.4227,15.4227,15.423,15.4226,15.4251,15.4248,15.4221,15.4224,15.4226,15.4229,15.4229,15.4215,15.4215,15.421,15.4213,15.421,15.4204,15.4206,15.4195,15.4216,15.4216,15.422,15.4224,15.4224,15.4221,15.4224,15.4229,15.4232,15.4232,15.4232,15.4241,15.425,15.4261,15.4239,15.4235,15.4238,15.4243,15.4242,15.4252,15.4252,15.4252,15.4237,15.4226,15.4226,15.4226,15.424,
Thu Apr 16 2020 08:36:54 GMT-0400 (Eastern Daylight Time)
15.4244,15.4244,15.4245,15.4246,15.4248,15.4252,15.4256,15.4264,15.4269,15.4274,15.4266,15.4262,15.4253,15.4251,15.4251,15.4224,15.4234,15.4231,15.4231,15.4217,15.4217,15.4217,15.4217,15.422,15.422,15.422,15.422,15.4227,15.4227,15.4227,15.4227,15.4228,15.4231,15.4229,15.4235,15.425,15.4247,15.4247,15.4249,15.4237,15.4241,15.4245,15.4245,15.4256,15.4254,15.4242,15.4239,15.4241,15.4244,15.424,15.4237,15.4243,15.4243,15.424,15.4248,15.425,15.4251,15.4255,15.425,15.4258,
Thu Apr 16 2020 08:37:54 GMT-0400 (Eastern Daylight Time)
15.4267,15.4267,15.427,15.4272,15.4272,15.4276,15.4278,15.428,15.427,15.4263,15.4258,15.4257,15.426,15.427,15.4262,15.4255,15.4256,15.4251,15.4248,15.4262,15.4259,15.4259,15.4254,15.4249,15.4247,15.4247,15.4238,15.4226,15.4226,15.4223,15.4234,15.4237,15.4237,15.4233,15.4224,15.4245,15.4252,15.4261,15.426,15.4252,15.4257,15.4257,15.4257,15.4263,15.4268,15.4262,15.4257,15.4267,15.4267,15.4247,15.4243,15.4226,15.4226,15.4236,15.424,15.425,15.4248,15.4248,15.4248,15.4245,
Thu Apr 16 2020 08:38:54 GMT-0400 (Eastern Daylight Time)
15.4231,15.4229,15.4233,15.4236,15.4239,15.4233,15.4233,15.4226,15.4229,15.424,15.4243,15.4246,15.4249,15.4249,15.4249,15.4244,15.4247,15.425,15.4253,15.425,15.4249,15.4245,15.4245,15.424,15.4237,15.4231,15.4229,15.4228,15.4232,15.4245,15.4242,15.4229,15.4225,15.4225,15.4227,15.4222,15.4226,15.4224,15.4224,15.4217,15.4217,15.4221,15.4221,15.42,15.42,15.42,15.4207,15.4197,15.4197,15.4194,15.4202,15.4196,15.4198,15.4198,15.4198,15.4194,15.4194,15.4194,15.4193,15.419,
Thu Apr 16 2020 08:39:54 GMT-0400 (Eastern Daylight Time)
15.4186,15.4181,15.4181,15.4174,15.4174,15.4157,15.4148,15.4161,15.4158,15.4158,15.4158,15.4161,15.4161,15.4168,15.4151,15.4146,15.4146,15.4151,15.4151,15.4148,15.4152,15.4145,15.4145,15.4142,15.4144,15.4153,15.4153,15.415,15.4148,15.4151,15.4159,15.4155,15.4158,15.4155,15.4153,15.4153,15.4153,15.4144,15.4144,15.4147,15.4147,15.4147,15.4144,15.4141,15.4141,15.4143,15.4148,15.414,15.4146,15.4157,15.4157,15.4154,15.415,15.4153,15.4153,15.4159,15.4159,15.4158,15.4158,15.4162,
Thu Apr 16 2020 08:40:54 GMT-0400 (Eastern Daylight Time)
15.4169,15.4167,15.4167,15.4167,15.4171,15.4175,15.4178,15.4174,15.4148,15.4151,15.4158,15.4163,15.4159,15.4153,15.4141,15.4141,15.4133,15.4133,15.4133,15.4124,15.4132,15.4128,15.4109,15.4114,15.4111,15.4115,15.412,15.4124,15.4115,15.4115,15.4119,15.4136,15.4136,15.414,15.4137,15.4134,15.4134,15.4137,15.4139,15.4139,15.4142,15.4135,15.4135,15.4138,15.4144,15.4146,15.4146,15.4146,15.4149,15.4149,15.4147,15.4168,15.4165,15.4163,15.4166,15.4171,15.4178,15.4167,15.417,15.4177,
Thu Apr 16 2020 08:41:54 GMT-0400 (Eastern Daylight Time)
15.4177,15.4182,15.4174,15.4176,15.4176,15.4176,15.4176,15.4176,15.4174,15.4178,15.4174,15.4171,15.4169,15.4163,15.4163,15.4159,15.4154,15.4159,15.4159,15.4169,15.4163,15.4162,15.4162,15.4162,15.417,15.4162,15.4162,15.4159,15.4159,15.4163,15.4163,15.416,15.4158,15.4158,15.4156,15.4161,15.4164,15.4158,15.4158,15.4146,15.4144,15.4144,15.4149,15.4149,15.4141,15.4131,15.4131,15.4128,15.4136,15.4134,15.4134,15.4132,15.4125,15.4133,15.4144,15.4149,15.4139,15.4139,15.4135,15.4142,
Thu Apr 16 2020 08:42:54 GMT-0400 (Eastern Daylight Time)
15.4129,15.4124,15.4116,15.4116,15.411,15.4107,15.4111,15.4117,15.4122,15.4118,15.4118,15.4125,15.4125,15.4121,15.4124,15.412,15.4119,15.4119,15.4133,15.4129,15.4129,15.4137,15.4135,15.4138,15.4135,15.4146,15.4149,15.4152,15.4141,15.4137,15.414,15.414,15.4136,15.4136,15.414,15.4117,15.4108,15.4111,15.4114,15.4114,15.4111,15.4113,15.4116,15.4119,15.4121,15.4113,15.411,15.4114,15.411,15.411,15.4106,15.4108,15.4114,15.411,15.4113,15.4113,15.4101,15.4101,15.4094,15.4091,
Thu Apr 16 2020 08:43:54 GMT-0400 (Eastern Daylight Time)
15.4096,15.4095,15.4095,15.4095,15.4097,15.409,15.4087,15.4087,15.4077,15.4077,15.4086,15.4086,15.4086,15.4088,15.4086,15.4086,15.4086,15.4086,15.409,15.4087,15.4087,15.408,15.4076,15.405,15.4053,15.4049,15.406,15.406,15.4056,15.4061,15.4061,15.4061,15.4049,15.4058,15.4062,15.4065,15.4059,15.4082,15.4088,15.4088,15.408,15.408,15.4075,15.4083,15.4079,15.4079,15.4067,15.4067,15.407,15.4075,15.4075,15.4068,15.4068,15.4068,15.4068,15.4068,15.4062,15.4063,15.4067,15.4073,
Thu Apr 16 2020 08:44:54 GMT-0400 (Eastern Daylight Time)
15.4091,15.4091,15.4084,15.408,15.4084,15.408,15.408,15.408,15.4085,15.4085,15.4088,15.4088,15.4091,15.41,15.4107,15.4103,15.4101,15.4092,15.4089,15.4093,15.4081,15.4078,15.4081,15.4081,15.4089,15.4086,15.4085,15.4085,15.4088,15.4088,15.4099,15.4096,15.41,15.4106,15.4106,15.4103,15.4099,15.4103,15.4104,15.4106,15.4102,15.4093,15.4088,15.4088,15.4092,15.4096,15.4091,15.4091,15.4089,15.4091,15.4093,15.409,15.4086,15.4077,15.4081,15.4081,15.4081,15.4078,15.4078,15.4088,
Thu Apr 16 2020 08:45:54 GMT-0400 (Eastern Daylight Time)
15.4091,15.4097,15.4095,15.4098,15.4097,15.4097,15.4097,15.4112,15.4109,15.4111,15.4113,15.4105,15.4103,15.4113,15.4113,15.4116,15.4117,15.4119,15.4113,15.4111,15.4108,15.4122,15.4135,15.4132,15.4128,15.4128,15.4131,15.4136,15.4144,15.4144,15.4149,15.4141,15.4141,15.4148,15.4143,15.4148,15.4129,15.4129,15.4132,15.4132,15.4139,15.4142,15.4144,15.4149,15.4147,15.415,15.4159,15.4162,15.416,15.4163,15.4165,15.4158,15.4162,15.4162,15.4169,15.4169,15.416,15.4157,15.4157,15.416,
Thu Apr 16 2020 08:46:54 GMT-0400 (Eastern Daylight Time)
15.4163,15.4158,15.4163,15.4163,15.4192,15.4181,15.4178,15.4181,15.4174,15.4168,15.4166,15.4166,15.4171,15.4168,15.4168,15.4157,15.416,15.416,15.416,15.4164,15.4163,15.4158,15.4164,15.4168,15.4174,15.4171,15.417,15.4175,15.4175,15.4175,15.4174,15.4171,15.4176,15.4179,15.4176,15.4176,15.4174,15.4175,15.4178,15.4178,15.417,15.417,15.4174,15.4182,15.4189,15.4189,15.4186,15.4188,15.4185,15.4203,15.421,15.4206,15.4213,15.4217,15.4224,15.4224,15.4231,15.4232,15.4236,15.4232,
Thu Apr 16 2020 08:47:54 GMT-0400 (Eastern Daylight Time)
15.4229,15.4232,15.4225,15.4225,15.4217,15.4217,15.4214,15.4214,15.4214,15.4204,15.4204,15.4208,15.421,15.4213,15.4215,15.4212,15.4212,15.421,15.4207,15.4209,15.4214,15.4223,15.4223,15.4225,15.4229,15.4223,15.423,15.4233,15.4235,15.4231,15.4231,15.4231,15.4227,15.4227,15.4226,15.4232,15.4231,15.424,15.424,15.4244,15.4247,15.4229,15.423,15.423,15.4228,15.4225,15.4232,15.4232,15.4232,15.4229,15.4217,15.4222,15.4211,15.4208,15.421,15.421,15.4211,15.4198,15.4201,15.4204,
Thu Apr 16 2020 08:48:54 GMT-0400 (Eastern Daylight Time)
15.4211,15.4208,15.4208,15.4208,15.4212,15.4212,15.4215,15.4215,15.4211,15.4207,15.4202,15.4202,15.4213,15.4213,15.4209,15.4211,15.4211,15.4211,15.4198,15.419,15.4196,15.42,15.4204,15.42,15.4199,15.4196,15.4199,15.4203,15.42,15.4203,15.4194,15.4197,15.4194,15.4194,15.4205,15.4211,15.4216,15.4219,15.4219,15.4223,15.4213,15.4217,15.4214,15.421,15.4203,15.4203,15.4203,15.4206,15.4204,15.4196,15.4194,15.4181,15.4173,15.416,15.4164,15.4167,15.4194,15.4198,15.42,15.4196,
Thu Apr 16 2020 08:49:54 GMT-0400 (Eastern Daylight Time)
15.4192,15.4201,15.4205,15.4205,15.4202,15.4202,15.4208,15.4206,15.4209,15.422,15.4225,15.4229,15.4233,15.4235,15.4232,15.4236,15.4249,15.4243,15.4243,15.4241,15.4241,15.4235,15.4235,15.4236,15.4232,15.4232,15.4222,15.4222,15.4221,15.4226,15.4225,15.4228,15.4221,15.4223,15.4227,15.423,15.4228,15.4229,15.4229,15.4234,15.4217,15.423,15.423,15.4233,15.422,15.4217,15.4223,15.4223,15.4241,15.4236,15.4232,15.4232,15.4237,15.424,15.4242,15.4242,15.4235,15.4232,15.4223,15.4223,
Thu Apr 16 2020 08:50:54 GMT-0400 (Eastern Daylight Time)
15.4224,15.423,15.4226,15.4226,15.4231,15.4228,15.4235,15.4235,15.4235,15.422,15.4223,15.4223,15.4219,15.4228,15.4233,15.4238,15.4244,15.4243,15.4236,15.4261,15.4261,15.4261,15.4263,15.4256,15.4254,15.4257,15.4258,15.4258,15.4258,15.4262,15.427,15.427,15.4269,15.4269,15.4269,15.4269,15.4271,15.4274,15.4274,15.4274,15.4271,15.4274,15.4277,15.4277,15.4275,15.4269,15.4269,15.4264,15.4262,15.4262,15.4279,15.4284,15.4295,15.4311,15.4315,15.4315,15.4318,15.4325,15.4322,15.4329,
Thu Apr 16 2020 08:51:54 GMT-0400 (Eastern Daylight Time)
15.4335,15.4335,15.4335,15.4338,15.4331,15.4335,15.4338,15.4331,15.4327,15.4324,15.4329,15.4329,15.4328,15.4328,15.4334,15.4332,15.4329,15.4329,15.4329,15.4329,15.4329,15.4327,15.4327,15.4323,15.4319,15.4326,15.4335,15.4333,15.433,15.433,15.4333,15.4318,15.4316,15.4322,15.4322,15.4316,15.4317,15.432,15.4312,15.4309,15.4303,15.4303,15.4302,15.43,15.4309,15.4295,15.4299,15.4293,15.4285,15.4282,15.4282,15.428,15.4281,15.4284,15.4287,15.4287,15.4289,15.4296,15.4296,15.4296,
Thu Apr 16 2020 08:52:54 GMT-0400 (Eastern Daylight Time)
15.4296,15.4293,15.4296,15.4314,15.4316,15.4313,15.4308,15.4313,15.432,15.4327,15.433,15.4335,15.4333,15.4334,15.4334,15.4333,15.4333,15.4329,15.4323,15.4326,15.4314,15.4314,15.4311,15.4317,15.4314,15.4314,15.4314,15.432,15.4331,15.4331,15.4312,15.4315,15.4318,15.4325,15.4322,15.4328,15.4317,15.4327,15.4323,15.4327,15.4333,15.4326,15.4323,15.4307,15.4312,15.4312,15.4313,15.4313,15.431,15.4313,15.4302,15.43,15.43,15.4305,15.4305,15.4298,15.4302,15.4304,15.4304,15.4304,
Thu Apr 16 2020 08:53:54 GMT-0400 (Eastern Daylight Time)
15.4298,15.43,15.4311,15.4308,15.4305,15.431,15.4306,15.4302,15.4302,15.4298,15.4298,15.4295,15.4297,15.4303,15.4303,15.4306,15.4306,15.4317,15.4308,15.4305,15.4312,15.4304,15.4313,15.4311,15.4311,15.431,15.431,15.4312,15.431,15.4309,15.4309,15.4312,15.4314,15.4317,15.4324,15.4324,15.4315,15.4309,15.4309,15.4314,15.4314,15.4314,15.4314,15.4308,15.4305,15.4301,15.4286,15.4275,15.4278,15.4274,15.425,15.4246,15.4249,15.425,15.425,15.4248,15.4244,15.4239,15.4239,15.4243,
Thu Apr 16 2020 08:54:55 GMT-0400 (Eastern Daylight Time)
15.4243,15.4241,15.4248,15.4262,15.4258,15.4261,15.4258,15.426,15.426,15.426,15.426,15.4263,15.4263,15.4261,15.4257,15.4253,15.4256,15.4253,15.4256,15.4261,15.4257,15.4254,15.4264,15.4268,15.4268,15.4263,15.4256,15.4256,15.4256,15.4261,15.4257,15.4257,15.4257,15.4256,15.4256,15.4266,15.4269,15.4268,15.4268,15.4266,15.4266,15.4263,15.4274,15.4274,15.4276,15.4272,15.4272,15.4272,15.4298,15.4284,15.4279,15.4279,15.4279,15.4277,15.4279,15.4272,15.4267,15.4254,15.4254,15.425,
Thu Apr 16 2020 08:55:54 GMT-0400 (Eastern Daylight Time)
15.4237,15.4237,15.4225,15.4214,15.4217,15.4209,15.4202,15.42,15.4203,15.4191,15.4191,15.4177,15.4177,15.4168,15.4174,15.4176,15.4171,15.4178,15.4172,15.4172,15.4174,15.417,15.417,15.4165,15.4171,15.4173,15.4173,15.4176,15.4176,15.4182,15.4182,15.4189,15.4189,15.4205,15.4208,15.4209,15.4209,15.4209,15.4207,15.4213,15.4213,15.4208,15.4206,15.421,15.421,15.4219,15.4223,15.422,15.422,15.423,15.4247,15.4241,15.4244,15.4228,15.4222,15.4242,15.4245,15.4248,15.4246,15.4242,
Thu Apr 16 2020 08:56:54 GMT-0400 (Eastern Daylight Time)
15.4242,15.4235,15.4235,15.424,15.4225,15.4232,15.4225,15.4225,15.4225,15.4236,15.4242,15.4248,15.425,15.4267,15.4264,15.4267,15.4264,15.4268,15.4275,15.4275,15.4269,15.4269,15.4273,15.4277,15.4275,15.4272,15.4273,15.427,15.4273,15.4273,15.4273,15.4278,15.4272,15.4276,15.4285,15.4282,15.4285,15.4282,15.4289,15.4274,15.4281,15.4264,15.4258,15.4258,15.4258,15.4255,15.4257,15.4266,15.4266,15.4245,15.4242,15.4242,15.4242,15.4246,15.424,15.4243,15.4248,15.4252,15.4249,15.426,
Thu Apr 16 2020 08:57:54 GMT-0400 (Eastern Daylight Time)
15.426,15.4257,15.4257,15.4248,15.4242,15.4249,15.4252,15.4249,15.4253,15.4252,15.4256,15.4256,15.4261,15.4258,15.4258,15.4248,15.426,15.426,15.4263,15.4263,15.4266,15.4263,15.4263,15.4265,15.4268,15.4261,15.4261,15.4255,15.425,15.4255,15.4262,15.4256,15.4256,15.4264,15.4267,15.4264,15.4258,15.4254,15.4254,15.4245,15.4245,15.4254,15.4251,15.4248,15.4229,15.4229,15.4226,15.421,15.4217,15.4217,15.4211,15.4211,15.4217,15.4215,15.4223,15.4229,15.4232,15.4232,15.4235,15.4235,
Thu Apr 16 2020 08:58:54 GMT-0400 (Eastern Daylight Time)
15.4238,15.4235,15.4235,15.424,15.4231,15.4228,15.4228,15.4228,15.4218,15.4209,15.4202,15.4204,15.4206,15.4203,15.4206,15.4211,15.4219,15.4214,15.4222,15.4222,15.4226,15.4232,15.4229,15.4227,15.4222,15.4223,15.4225,15.4235,15.4235,15.422,15.4216,15.4213,15.4206,15.42,15.4195,15.4195,15.4188,15.4189,15.4189,15.4189,15.4189,15.4191,15.4188,15.4191,15.4188,15.419,15.4184,15.4189,15.4192,15.419,15.4193,15.4198,15.4201,15.4207,15.4207,15.4209,15.4209,15.4216,15.4223,15.4223,
Thu Apr 16 2020 08:59:54 GMT-0400 (Eastern Daylight Time)
15.4218,15.4212,15.4206,15.4206,15.4201,15.4204,15.4207,15.4201,15.4201,15.4212,15.4202,15.4204,15.4204,15.4203,15.4203,15.4203,15.421,15.4211,15.4206,15.4206,15.4206,15.4214,15.4217,15.4224,15.4224,15.4221,15.4221,15.422,15.422,15.4224,15.4224,15.4221,15.4221,15.4224,15.4224,15.4221,15.4223,15.4219,15.4219,15.4217,15.4217,15.4206,15.4213,15.4204,15.4204,15.4182,15.4197,15.419,15.419,15.4194,15.4192,15.4195,15.4181,15.4184,15.419,15.4186,15.419,15.4184,15.4188,15.4185,
Thu Apr 16 2020 09:00:54 GMT-0400 (Eastern Daylight Time)
15.4192,15.4181,15.4179,15.4179,15.4187,15.4187,15.419,15.4187,15.4181,15.4181,15.4183,15.418,15.4184,15.4181,15.4173,15.4176,15.4173,15.4173,15.417,15.4168,15.4165,15.4172,15.4169,15.4171,15.4166,15.4163,15.4163,15.416,15.4152,15.4164,15.4164,15.4163,15.4163,15.4172,15.4168,15.417,15.417,15.4194,15.4194,15.4186,15.4201,15.4195,15.4191,15.4191,15.4187,15.4206,15.4208,15.4211,15.4211,15.4206,15.4198,15.4205,15.421,15.421,15.421,15.4215,15.4215,15.4216,15.4216,15.4205,
Thu Apr 16 2020 09:01:54 GMT-0400 (Eastern Daylight Time)
15.4205,15.4214,15.4207,15.4207,15.4207,15.4194,15.4194,15.4197,15.42,15.4209,15.4224,15.4222,15.4219,15.4214,15.4217,15.4217,15.4217,15.4212,15.4208,15.4211,15.4211,15.4208,15.4208,15.4212,15.4219,15.4223,15.4225,15.4229,15.4225,15.4223,15.4221,15.4225,15.4228,15.4228,15.423,15.423,15.4217,15.4214,15.4214,15.4214,15.421,15.419,15.4192,15.4191,15.4185,15.4177,15.4175,15.4177,15.4184,15.4187,15.42,15.4192,15.4192,15.4196,15.4205,15.4205,15.4203,15.4201,15.4202,15.4208,
Thu Apr 16 2020 09:02:54 GMT-0400 (Eastern Daylight Time)
15.421,15.4203,15.4203,15.4203,15.4203,15.4205,15.4205,15.4213,15.4213,15.4208,15.4212,15.4209,15.4201,15.4199,15.4193,15.4189,15.4196,15.42,15.4177,15.4172,15.4172,15.4166,15.4159,15.4153,15.416,15.4132,15.4137,15.4137,15.4139,15.4136,15.413,15.413,15.4129,15.4143,15.4143,15.4158,15.416,15.4157,15.4155,15.4155,15.4152,15.4152,15.4152,15.414,15.414,15.4143,15.4141,15.4141,15.4133,15.4138,15.4143,15.4136,15.4132,15.4133,15.4133,15.413,15.4126,15.4123,15.4113,15.4113,
Thu Apr 16 2020 09:03:54 GMT-0400 (Eastern Daylight Time)
15.4113,15.4117,15.412,15.412,15.412,15.4117,15.4117,15.4114,15.4123,15.4126,15.4128,15.4128,15.4131,15.4131,15.4124,15.4127,15.4126,15.4121,15.4121,15.4125,15.4128,15.413,15.4126,15.4118,15.4121,15.4118,15.4125,15.4129,15.4129,15.4133,15.4133,15.4132,15.4132,15.4128,15.4131,15.414,15.4146,15.414,15.4131,15.4128,15.4128,15.4128,15.4115,15.4118,15.4115,15.412,15.412,15.413,15.4126,15.4122,15.4125,15.4125,15.4122,15.412,15.4098,15.4096,15.4093,15.4091,15.4088,15.4093,
Thu Apr 16 2020 09:04:54 GMT-0400 (Eastern Daylight Time)
15.4093,15.41,15.408,15.4077,15.4077,15.408,15.4084,15.4088,15.4087,15.4087,15.409,15.409,15.4085,15.409,15.4114,15.4112,15.4112,15.4112,15.4111,15.4094,15.4094,15.4091,15.4098,15.4092,15.4087,15.4086,15.4096,15.4099,15.41,15.4097,15.4097,15.4097,15.4097,15.4094,15.4091,15.4091,15.408,15.408,15.4076,15.4076,15.4076,15.4045,15.4054,15.4054,15.4057,15.4061,15.4074,15.4071,15.4065,15.4065,15.4069,15.4046,15.4043,15.4043,15.4037,15.4037,15.4034,15.4034,15.4034,15.4045,
Thu Apr 16 2020 09:05:54 GMT-0400 (Eastern Daylight Time)
15.4048,15.4048,15.4043,15.4038,15.4033,15.4033,15.4056,15.4053,15.4048,15.4048,15.4055,15.4057,15.4029,15.4026,15.4023,15.4022,15.4019,15.4019,15.4022,15.4017,15.4016,15.4016,15.4017,15.4013,15.401,15.4006,15.3996,15.3999,15.3999,15.3996,15.399,15.4,15.4,15.3987,15.3983,15.3987,15.3975,15.3975,15.401,15.4006,15.4006,15.4008,15.4014,15.4007,15.4003,15.4009,15.4,15.4,15.4003,15.3999,15.4005,15.3993,15.3993,15.3993,15.3972,15.3974,15.3957,15.3953,15.396,15.3953,
Thu Apr 16 2020 09:06:54 GMT-0400 (Eastern Daylight Time)
15.395,15.3945,15.3942,15.3947,15.3947,15.3945,15.3935,15.3935,15.3932,15.3932,15.3954,15.3954,15.3954,15.3943,15.395,15.395,15.3953,15.3945,15.3946,15.3949,15.3952,15.3955,15.397,15.397,15.3957,15.3957,15.396,15.396,15.3971,15.3971,15.3991,15.3991,15.3991,15.3996,15.3999,15.3994,15.3992,15.4001,15.4002,15.4004,15.4004,15.4006,15.4003,15.3982,15.3982,15.3993,15.3991,15.3995,15.3995,15.3993,15.3996,15.3988,15.399,15.3982,15.3979,15.3976,15.3982,15.3987,15.3981,15.4001,
Thu Apr 16 2020 09:07:54 GMT-0400 (Eastern Daylight Time)
15.4001,15.4001,15.4004,15.3997,15.3995,15.3989,15.3989,15.4,15.4,15.4003,15.3998,15.3996,15.3987,15.3982,15.3982,15.3968,15.3968,15.3973,15.3969,15.3979,15.399,15.399,15.4002,15.4004,15.4002,15.4007,15.4018,15.4018,15.4009,15.3993,15.3989,15.3995,15.3995,15.3995,15.4002,15.4002,15.4002,15.3998,15.4,15.4,15.4,15.3995,15.4002,15.4008,15.3997,15.3993,15.3982,15.3982,15.3982,15.3976,15.3957,15.3962,15.3962,15.3962,15.3958,15.3958,15.3955,15.3955,15.3942,15.3947,
Thu Apr 16 2020 09:08:54 GMT-0400 (Eastern Daylight Time)
15.3935,15.3932,15.3943,15.3945,15.3942,15.3935,15.3926,15.3926,15.3924,15.3934,15.3925,15.3929,15.3934,15.3932,15.3932,15.3932,15.3935,15.3935,15.3933,15.3931,15.3927,15.3927,15.3945,15.3949,15.3956,15.3962,15.3969,15.3969,15.3962,15.3962,15.3962,15.3962,15.3971,15.3969,15.3977,15.3981,15.3981,15.3983,15.398,15.3979,15.3974,15.3974,15.3974,15.3993,15.399,15.3992,15.4003,15.4,15.4004,15.4001,15.4001,15.3997,15.3989,15.3989,15.3987,15.3984,15.3975,15.3972,15.3969,15.3973,
Thu Apr 16 2020 09:09:54 GMT-0400 (Eastern Daylight Time)
15.3967,15.3967,15.397,15.3967,15.3977,15.3975,15.3994,15.3994,15.3992,15.3996,15.3987,15.3985,15.398,15.3965,15.3965,15.3966,15.3966,15.3969,15.3978,15.3972,15.3972,15.3966,15.3966,15.3966,15.3974,15.4006,15.4003,15.4013,15.4013,15.4011,15.4002,15.4,15.4,15.4,15.4007,15.4007,15.4009,15.3999,15.3996,15.4,15.4,15.4006,15.4008,15.4001,15.3997,15.4,15.4004,15.4009,15.4017,15.4014,15.4027,15.4022,15.4022,15.4016,15.4012,15.4018,15.4013,15.4007,15.401,15.4005,
Thu Apr 16 2020 09:10:54 GMT-0400 (Eastern Daylight Time)
15.401,15.4015,15.4011,15.4011,15.4011,15.4011,15.4012,15.4002,15.4,15.3995,15.3991,15.3988,15.3992,15.3998,15.3991,15.3991,15.3992,15.3992,15.3992,15.3994,15.3999,15.4005,15.3996,15.3996,15.3996,15.3989,15.3995,15.4003,15.3994,15.3992,15.3988,15.3986,15.3986,15.3987,15.3987,15.3984,15.3984,15.3984,15.3986,15.398,15.396,15.3965,15.3962,15.3967,15.398,15.3977,15.3986,15.3986,15.3978,15.3973,15.3967,15.3972,15.398,15.3983,15.3979,15.3982,15.3982,15.3982,15.3982,15.3977,
Thu Apr 16 2020 09:11:54 GMT-0400 (Eastern Daylight Time)
15.3981,15.3981,15.3982,15.3984,15.3997,15.3994,15.3997,15.3987,15.3985,15.399,15.3995,15.3993,15.3989,15.3986,15.3979,15.3975,15.3977,15.398,15.3983,15.398,15.3983,15.3985,15.3984,15.398,15.398,15.3983,15.3976,15.3978,15.3978,15.3984,15.3985,15.3985,15.3978,15.3978,15.3982,15.3986,15.3993,15.3993,15.4004,15.402,15.402,15.402,15.402,15.4017,15.4021,15.4021,15.401,15.401,15.4005,15.401,15.4003,15.4,15.4,15.4004,15.401,15.401,15.4012,15.4012,15.4006,15.4006,
Thu Apr 16 2020 09:12:54 GMT-0400 (Eastern Daylight Time)
15.4002,15.3992,15.3992,15.3988,15.3988,15.399,15.3981,15.3977,15.3979,15.3979,15.3979,15.3976,15.3986,15.3986,15.3989,15.3987,15.3978,15.3983,15.3977,15.3977,15.3975,15.3975,15.3982,15.3994,15.3997,15.3992,15.3989,15.3989,15.4001,15.4001,15.3988,15.3984,15.3986,15.3984,15.3996,15.3988,15.3985,15.3976,15.3971,15.3967,15.3964,15.397,15.3966,15.3966,15.3982,15.3983,15.3979,15.3986,15.3986,15.3983,15.3978,15.3984,15.3978,15.3975,15.3978,15.3957,15.3965,15.3944,15.3946,15.3959,
Thu Apr 16 2020 09:13:54 GMT-0400 (Eastern Daylight Time)
15.3964,15.3964,15.3964,15.3962,15.3968,15.3959,15.3959,15.395,15.3953,15.3953,15.3953,15.3951,15.3946,15.3946,15.3918,15.3915,15.3923,15.392,15.3926,15.3925,15.3922,15.3922,15.3922,15.3924,15.3924,15.3925,15.3925,15.3932,15.3943,15.3941,15.3941,15.3932,15.394,15.3944,15.3956,15.3962,15.3962,15.3962,15.3958,15.3955,15.3965,15.3962,15.3965,15.3962,15.3965,15.3974,15.3991,15.398,15.3975,15.3969,15.3964,15.3964,15.3966,15.3964,15.3959,15.3962,15.397,15.3985,15.3988,15.3985,
Thu Apr 16 2020 09:14:54 GMT-0400 (Eastern Daylight Time)
15.398,15.398,15.3977,15.3978,15.3977,15.3977,15.3977,15.3986,15.3988,15.3988,15.3977,15.3983,15.3985,15.3994,15.3994,15.399,15.3993,15.4001,15.4013,15.4009,15.4009,15.3986,15.3986,15.3999,15.3991,15.3991,15.3991,15.3991,15.3991,15.3994,15.3978,15.3966,15.397,15.397,15.3977,15.3996,15.3999,15.3992,15.3977,15.3983,15.3986,15.4,15.4,15.3985,15.3985,15.3985,15.3972,15.3972,15.3972,15.3972,15.397,15.3962,15.3956,15.3956,15.3958,15.3958,15.3955,15.3947,15.395,15.3956,
Thu Apr 16 2020 09:15:54 GMT-0400 (Eastern Daylight Time)
15.3957,15.3957,15.3965,15.3966,15.3975,15.3977,15.3977,15.3988,15.3983,15.3983,15.3983,15.3983,15.398,15.3984,15.3984,15.3988,15.398,15.3959,15.3962,15.3958,15.3972,15.3963,15.3956,15.3961,15.3965,15.3958,15.3945,15.3935,15.393,15.3928,15.3941,15.3941,15.3949,15.3949,15.3946,15.3941,15.3944,15.3944,15.3957,15.3935,15.3944,15.3938,15.3938,15.3926,15.3924,15.392,15.3917,15.3913,15.3913,15.3909,15.3909,15.3903,15.3905,15.3901,15.3901,15.3865,15.3865,15.3862,15.3862,15.386,
Thu Apr 16 2020 09:16:54 GMT-0400 (Eastern Daylight Time)
15.3868,15.387,15.387,15.3864,15.3864,15.3861,15.3861,15.386,15.3856,15.3861,15.3864,15.3867,15.3873,15.3879,15.3868,15.3863,15.387,15.387,15.3872,15.3886,15.3886,15.3885,15.3885,15.3891,15.3894,15.3896,15.3893,15.3896,15.3896,15.3896,15.389,15.3894,15.3894,15.3886,15.3882,15.3884,15.3894,15.3894,15.3892,15.3903,15.3903,15.3903,15.391,15.3914,15.3917,15.3911,15.3911,15.3911,15.3908,15.3908,15.3915,15.3906,15.389,15.3887,15.3887,15.3892,15.3892,15.3892,15.3896,15.3893,
Thu Apr 16 2020 09:17:54 GMT-0400 (Eastern Daylight Time)
15.3914,15.3908,15.3893,15.3903,15.3903,15.3906,15.3909,15.3905,15.3898,15.3898,15.3889,15.3892,15.3898,15.3904,15.3906,15.391,15.3912,15.3916,15.3916,15.3913,15.3909,15.3915,15.3915,15.3913,15.3908,15.3905,15.3905,15.3904,15.3908,15.3908,15.3909,15.3909,15.3909,15.3909,15.3914,15.3914,15.3914,15.3917,15.3928,15.392,15.3928,15.3928,15.3929,15.3925,15.3929,15.3938,15.3933,15.3933,15.3931,15.3936,15.3933,15.3933,15.3929,15.3929,15.3929,15.3942,15.3942,15.3938,15.3938,15.3938,
Thu Apr 16 2020 09:18:54 GMT-0400 (Eastern Daylight Time)
15.3935,15.3939,15.3936,15.3935,15.3935,15.3932,15.3929,15.3916,15.3906,15.3904,15.3902,15.3891,15.3896,15.3909,15.3909,15.392,15.392,15.3918,15.3916,15.3914,15.3911,15.3911,15.3908,15.3906,15.39,15.39,15.3896,15.3902,15.3902,15.3897,15.3889,15.3901,15.3895,15.3895,15.3899,15.3904,15.39,15.3913,15.3915,15.3923,15.3919,15.3917,15.3915,15.3918,15.3918,15.3924,15.3924,15.3922,15.3922,15.3919,15.3919,15.3919,15.3919,15.3917,15.3917,15.3907,15.3915,15.3918,15.3918,15.3924,
Thu Apr 16 2020 09:19:54 GMT-0400 (Eastern Daylight Time)
15.3926,15.3926,15.3948,15.3948,15.3956,15.396,15.396,15.3951,15.3952,15.3952,15.3953,15.3958,15.3955,15.3953,15.3956,15.3956,15.3952,15.3952,15.3957,15.3964,15.3968,15.3968,15.3966,15.3972,15.3969,15.3969,15.3969,15.3961,15.3957,15.3959,15.3968,15.3964,15.3962,15.3965,15.3972,15.3982,15.398,15.3975,15.3977,15.3979,15.3975,15.3972,15.3974,15.3968,15.3967,15.3971,15.3969,15.3965,15.3971,15.3971,15.3974,15.3976,15.3983,15.3989,15.3986,15.3983,15.398,15.3982,15.3982,15.3977,
Thu Apr 16 2020 09:20:54 GMT-0400 (Eastern Daylight Time)
15.3983,15.3979,15.3976,15.3979,15.3966,15.3966,15.3968,15.3968,15.3976,15.3973,15.3973,15.3966,15.3962,15.3959,15.3959,15.3941,15.3941,15.3941,15.396,15.396,15.3961,15.3961,15.3954,15.3938,15.3943,15.3946,15.3946,15.3942,15.3942,15.3946,15.3943,15.3942,15.3942,15.3948,15.3948,15.3951,15.3949,15.3949,15.3949,15.3941,15.3935,15.3935,15.3938,15.3941,15.3939,15.3942,15.3942,15.3935,15.3932,15.3932,15.3932,15.3932,15.3932,15.3939,15.3937,15.3935,15.394,15.3943,15.3941,15.3941,
Thu Apr 16 2020 09:21:55 GMT-0400 (Eastern Daylight Time)
15.3943,15.3946,15.3946,15.3949,15.3945,15.3947,15.3931,15.3938,15.3938,15.3929,15.3926,15.3931,15.3925,15.393,15.3935,15.3938,15.3927,15.3927,15.3919,15.3922,15.3895,15.3892,15.3892,15.3891,15.3893,15.3896,15.3893,15.389,15.3883,15.3883,15.3884,15.3893,15.3888,15.3886,15.3889,15.3896,15.389,15.3893,15.3877,15.3878,15.3855,15.3853,15.3847,15.3851,15.3858,15.3861,15.3858,15.3858,15.3855,15.3862,15.3859,15.3851,15.3861,15.3858,15.3854,15.3863,15.3862,15.3856,15.3851,15.3856,
Thu Apr 16 2020 09:22:54 GMT-0400 (Eastern Daylight Time)
15.3856,15.3853,15.385,15.385,15.385,15.3845,15.384,15.3843,15.3845,15.3845,15.3845,15.3845,15.3825,15.3825,15.3825,15.3821,15.3821,15.3823,15.3829,15.3833,15.3833,15.3819,15.3819,15.3816,15.3819,15.3826,15.3826,15.3825,15.3825,15.3828,15.383,15.3844,15.3847,15.3833,15.3828,15.3832,15.3837,15.3831,15.3834,15.3827,15.3831,15.3843,15.3846,15.3843,15.3846,15.3849,15.3839,15.384,15.3845,15.3845,15.3848,15.3848,15.3844,15.3844,15.3846,15.3849,15.3869,15.387,15.387,15.3864,
Thu Apr 16 2020 09:23:54 GMT-0400 (Eastern Daylight Time)
15.3854,15.3843,15.3843,15.3847,15.3845,15.3845,15.3842,15.3833,15.3836,15.3861,15.3861,15.3864,15.3864,15.3871,15.3868,15.3881,15.3887,15.3895,15.3895,15.3895,15.3902,15.3899,15.3928,15.3915,15.392,15.3917,15.3917,15.3914,15.3914,15.3912,15.3912,15.3917,15.391,15.3907,15.3903,15.3913,15.3907,15.3913,15.3919,15.3921,15.3921,15.3918,15.3915,15.3899,15.3899,15.3894,15.3891,15.3894,15.3904,15.3904,15.39,15.3906,15.3898,15.3897,15.3897,15.3888,15.3892,15.39,15.3874,15.3869,
Thu Apr 16 2020 09:24:54 GMT-0400 (Eastern Daylight Time)
15.3881,15.3886,15.3884,15.3879,15.3875,15.3881,15.3881,15.3877,15.3885,15.3874,15.3872,15.3863,15.3867,15.3864,15.3857,15.386,15.3857,15.3859,15.3866,15.3874,15.3863,15.3828,15.3822,15.3821,15.3814,15.3819,15.3815,15.3814,15.3814,15.3814,15.3796,15.3794,15.3787,15.3784,15.3777,15.3777,15.3791,15.3786,15.3779,15.3782,15.3782,15.3784,15.3782,15.3782,15.3783,15.3787,15.3789,15.3792,15.377,15.378,15.3783,15.3786,15.3779,15.3783,15.3789,15.3789,15.3791,15.3795,15.38,15.3805,
Thu Apr 16 2020 09:25:54 GMT-0400 (Eastern Daylight Time)
15.3802,15.3805,15.3808,15.381,15.3794,15.3794,15.3789,15.3768,15.377,15.3774,15.3778,15.378,15.3786,15.3802,15.3798,15.3801,15.3802,15.3798,15.3788,15.3788,15.3786,15.3789,15.3785,15.3791,15.3796,15.3796,15.3822,15.3822,15.3834,15.3834,15.3834,15.384,15.3843,15.3845,15.3829,15.3829,15.3841,15.3847,15.3839,15.3844,15.3854,15.3857,15.3859,15.3855,15.3852,15.3857,15.3853,15.385,15.3834,15.3841,15.3845,15.3842,15.3831,15.3838,15.384,15.384,15.3837,15.3831,15.3828,15.3828,
Thu Apr 16 2020 09:26:55 GMT-0400 (Eastern Daylight Time)
15.3827,15.3827,15.3825,15.3822,15.3846,15.3848,15.3851,15.3851,15.3856,15.3859,15.3859,15.3869,15.3882,15.3887,15.3888,15.3885,15.3875,15.3875,15.3881,15.3878,15.3885,15.3888,15.3888,15.3895,15.39,15.3903,15.3902,15.3902,15.3902,15.3924,15.3937,15.3937,15.3931,15.3927,15.3934,15.3938,15.3936,15.3938,15.3943,15.3947,15.395,15.395,15.395,15.3954,15.3954,15.3954,15.3969,15.3972,15.3974,15.3971,15.3969,15.3969,15.3969,15.3963,15.3969,15.3975,15.3986,15.3994,15.3997,15.3997,
Thu Apr 16 2020 09:27:55 GMT-0400 (Eastern Daylight Time)
15.3985,15.3985,15.3985,15.3982,15.3973,15.3975,15.3978,15.3984,15.3979,15.3958,15.3955,15.3948,15.3954,15.3954,15.3954,15.3962,15.3958,15.3961,15.3967,15.3963,15.3968,15.3974,15.3983,15.3977,15.3977,15.3974,15.3967,15.3967,15.3967,15.3965,15.3954,15.3948,15.3953,15.3953,15.3964,15.3964,15.3956,15.3948,15.3953,15.3956,15.3961,15.3967,15.3973,15.3968,15.3968,15.3959,15.3959,15.3961,15.3951,15.3951,15.3951,15.3959,15.3948,15.3948,15.3948,15.3931,15.3916,15.3919,15.3919,15.3925,
Thu Apr 16 2020 09:28:55 GMT-0400 (Eastern Daylight Time)
15.3916,15.3912,15.3918,15.392,15.3923,15.3923,15.3926,15.3933,15.3933,15.3927,15.3927,15.3927,15.3927,15.3927,15.3929,15.3929,15.3918,15.3918,15.3915,15.3912,15.3924,15.3919,15.3911,15.3909,15.3917,15.3917,15.3911,15.3914,15.3906,15.3908,15.3908,15.3904,15.3899,15.3902,15.3899,15.3899,15.3893,15.3891,15.3908,15.3908,15.3902,15.3905,15.391,15.391,15.3926,15.3926,15.3926,15.3929,15.3927,15.3931,15.3934,15.3934,15.3931,15.3927,15.3922,15.3916,15.391,15.3917,15.3917,15.3919,
Thu Apr 16 2020 09:29:55 GMT-0400 (Eastern Daylight Time)
15.393,15.393,15.3937,15.3933,15.393,15.3921,15.3916,15.3908,15.39,15.39,15.3921,15.3917,15.391,15.3905,15.3905,15.3902,15.3902,15.3899,15.3906,15.3904,15.3904,15.3902,15.3906,15.3902,15.3894,15.3891,15.3877,15.3873,15.3869,15.3869,15.3869,15.3852,15.3847,15.3843,15.384,15.3841,15.3845,15.3848,15.3838,15.3844,15.3847,15.3847,15.3856,15.3853,15.3853,15.3848,15.3848,15.3848,15.3845,15.384,15.384,15.384,15.384,15.3833,15.3833,15.3833,15.3831,15.3828,15.3828,15.3812,
Thu Apr 16 2020 09:30:55 GMT-0400 (Eastern Daylight Time)
15.3812,15.3804,15.3804,15.3804,15.3784,15.378,15.378,15.378,15.3769,15.377,15.377,15.377,15.3775,15.378,15.3787,15.3787,15.3784,15.3765,15.3759,15.377,15.3764,15.3758,15.3755,15.3752,15.3757,15.376,15.3762,15.3762,15.3762,15.3767,15.3773,15.3776,15.3769,15.3769,15.3771,15.3771,15.3781,15.3785,15.3777,15.3751,15.3751,15.3751,15.3751,15.3747,15.3747,15.3753,15.3761,15.3761,15.3754,15.3769,15.3769,15.3767,15.3763,15.376,15.3764,15.3779,15.3774,15.3774,15.3778,15.3776,
Thu Apr 16 2020 09:31:55 GMT-0400 (Eastern Daylight Time)
15.3773,15.3769,15.378,15.38,15.3807,15.3811,15.3808,15.3808,15.3815,15.3819,15.3815,15.3818,15.3844,15.384,15.3837,15.3843,15.3852,15.3852,15.385,15.3883,15.3886,15.388,15.3873,15.3854,15.3854,15.3846,15.3844,15.3844,15.384,15.3844,15.3836,15.3839,15.3837,15.3842,15.3843,15.3843,15.3847,15.3847,15.3843,15.3838,15.3842,15.3836,15.3836,15.3841,15.3838,15.3834,15.3831,15.3831,15.3836,15.3836,15.3836,15.3836,15.3815,15.3808,15.3801,15.3804,15.3807,15.3801,15.3788,15.3787,
Thu Apr 16 2020 09:32:54 GMT-0400 (Eastern Daylight Time)
15.3796,15.3796,15.3796,15.3792,15.3768,15.377,15.3774,15.3768,15.3768,15.3771,15.3771,15.3769,15.3774,15.3782,15.378,15.3777,15.3776,15.3772,15.3772,15.3772,15.3764,15.3771,15.3771,15.3771,15.378,15.378,15.3783,15.3788,15.3784,15.3784,15.3784,15.3785,15.3793,15.379,15.3821,15.3819,15.3812,15.3812,15.3819,15.3827,15.382,15.3823,15.3815,15.3815,15.381,15.3801,15.3804,15.3801,15.3801,15.3801,15.3803,15.3805,15.3807,15.3822,15.3801,15.3798,15.3795,15.3789,15.3785,15.3786,
Thu Apr 16 2020 09:33:54 GMT-0400 (Eastern Daylight Time)
15.3785,15.3798,15.3798,15.3804,15.3797,15.3792,15.3792,15.3799,15.3801,15.3808,15.3805,15.3803,15.3802,15.3799,15.3818,15.3817,15.3817,15.3815,15.3815,15.3815,15.3816,15.3816,15.3818,15.3823,15.3816,15.3819,15.3817,15.3812,15.3812,15.381,15.3807,15.381,15.381,15.381,15.3808,15.3832,15.384,15.3824,15.3821,15.3826,15.3833,15.3836,15.3841,15.3847,15.3853,15.3858,15.3858,15.3855,15.385,15.385,15.3858,15.3862,15.3865,15.3866,15.3863,15.3869,15.3869,15.3872,15.3876,15.3884,
Thu Apr 16 2020 09:34:54 GMT-0400 (Eastern Daylight Time)
15.3897,15.3897,15.3893,15.3893,15.3897,15.3895,15.3895,15.3893,15.3893,15.3885,15.3909,15.3904,15.3904,15.3904,15.3907,15.3909,15.3904,15.3921,15.3915,15.391,15.391,15.392,15.392,15.3919,15.3927,15.3924,15.3922,15.3895,15.3891,15.3917,15.3914,15.392,15.3917,15.3918,15.3918,15.3909,15.391,15.3905,15.3901,15.3906,15.3906,15.391,15.3902,15.3907,15.3907,15.39,15.3902,15.3906,15.3902,15.3887,15.3889,15.3897,15.3883,15.3886,15.3889,15.3889,15.3913,15.391,15.391,15.391,
Thu Apr 16 2020 09:35:54 GMT-0400 (Eastern Daylight Time)
15.391,15.3897,15.3911,15.3907,15.3909,15.3925,15.3925,15.393,15.3963,15.3957,15.3958,15.3958,15.3958,15.3957,15.3952,15.3947,15.392,15.3917,15.3927,15.393,15.3936,15.3931,15.3934,15.3921,15.3921,15.3918,15.3918,15.3921,15.3921,15.3921,15.392,15.3917,15.3922,15.3944,15.3947,15.3951,15.3951,15.3953,15.3959,15.3959,15.3956,15.3953,15.3956,15.3965,15.3968,15.3968,15.3962,15.3962,15.3962,15.3962,15.3964,15.3964,15.3964,15.3947,15.3949,15.3943,15.3948,15.3943,15.3939,15.3922,
Thu Apr 16 2020 09:36:54 GMT-0400 (Eastern Daylight Time)
15.3922,15.3907,15.3912,15.3919,15.3915,15.3923,15.3923,15.393,15.393,15.392,15.3918,15.3918,15.3938,15.3951,15.3933,15.3933,15.3942,15.3948,15.3951,15.3954,15.3948,15.3948,15.3948,15.3955,15.3955,15.3958,15.396,15.3963,15.3963,15.3963,15.3968,15.3971,15.3974,15.3977,15.3984,15.3978,15.3978,15.3979,15.3982,15.3987,15.3994,15.3998,15.4,15.3995,15.3992,15.3974,15.398,15.3972,15.3966,15.3969,15.3973,15.3976,15.3983,15.3976,15.3981,15.3981,15.397,15.3997,15.3997,15.3997,
Thu Apr 16 2020 09:37:54 GMT-0400 (Eastern Daylight Time)
15.3986,15.3983,15.398,15.3983,15.3981,15.3981,15.3981,15.3979,15.3994,15.3994,15.3989,15.3991,15.3984,15.3984,15.399,15.3985,15.3985,15.3991,15.3986,15.3985,15.3989,15.3984,15.3978,15.3974,15.3974,15.3981,15.3981,15.3981,15.3972,15.4,15.3996,15.4004,15.4001,15.4002,15.4005,15.4005,15.4001,15.3995,15.3994,15.3994,15.3997,15.3995,15.3986,15.398,15.3983,15.3965,15.3963,15.3963,15.3955,15.3957,15.3957,15.3954,15.3958,15.3958,15.3958,15.3966,15.3962,15.3955,15.396,15.3957,
Thu Apr 16 2020 09:38:54 GMT-0400 (Eastern Daylight Time)
15.3957,15.3957,15.3955,15.3947,15.3947,15.3945,15.3948,15.3948,15.3948,15.3951,15.3958,15.3962,15.396,15.396,15.3955,15.395,15.3976,15.3977,15.3964,15.396,15.396,15.3953,15.3953,15.3956,15.396,15.3969,15.3976,15.3974,15.3979,15.3979,15.3979,15.3979,15.3979,15.3975,15.3975,15.3971,15.3974,15.3974,15.3971,15.3967,15.396,15.3965,15.3958,15.3958,15.3963,15.3966,15.3963,15.3963,15.3958,15.3957,15.3961,15.3963,15.396,15.3961,15.3953,15.3954,15.3955,15.3955,15.396,15.3963,
Thu Apr 16 2020 09:39:54 GMT-0400 (Eastern Daylight Time)
15.3963,15.3956,15.3956,15.3953,15.3957,15.3956,15.395,15.3935,15.3935,15.3951,15.3951,15.3948,15.3945,15.3948,15.3948,15.3946,15.3942,15.3941,15.3958,15.3965,15.3971,15.3976,15.3975,15.3975,15.3971,15.3974,15.3971,15.3968,15.398,15.397,15.3975,15.398,15.398,15.3978,15.3976,15.3976,15.3976,15.3976,15.3973,15.398,15.3983,15.3991,15.3991,15.3995,15.3989,15.3989,15.3993,15.3989,15.3986,15.3995,15.3995,15.3993,15.399,15.3991,15.3989,15.3984,15.3984,15.3983,15.3983,15.3983,
Thu Apr 16 2020 09:40:54 GMT-0400 (Eastern Daylight Time)
15.3988,15.3986,15.3976,15.3976,15.397,15.397,15.3973,15.3971,15.3962,15.3962,15.3941,15.3941,15.3937,15.3939,15.3939,15.3943,15.3943,15.3942,15.3939,15.3939,15.3928,15.3928,15.3928,15.3935,15.3938,15.395,15.3956,15.3956,15.3949,15.3954,15.3957,15.3962,15.3959,15.3972,15.3976,15.397,15.3966,15.3953,15.3951,15.3951,15.3946,15.3926,15.3927,15.3927,15.3927,15.3924,15.3927,15.3927,15.3931,15.3933,15.3933,15.3928,15.392,15.392,15.392,15.3917,15.3917,15.3917,15.3913,15.391,
Thu Apr 16 2020 09:41:54 GMT-0400 (Eastern Daylight Time)
15.3912,15.3908,15.3906,15.389,15.3886,15.3893,15.3896,15.3891,15.3891,15.3893,15.3889,15.3899,15.3899,15.3887,15.3886,15.3883,15.3883,15.3889,15.3887,15.3878,15.3878,15.3886,15.3894,15.39,15.3897,15.3884,15.3879,15.3883,15.3876,15.3873,15.3865,15.3865,15.3865,15.3859,15.3859,15.3863,15.3868,15.3864,15.3849,15.3856,15.3863,15.3879,15.3879,15.3879,15.3879,15.3885,15.3882,15.3895,15.3891,15.3889,15.3879,15.3879,15.3887,15.3878,15.3878,15.3878,15.3868,15.3871,15.3866,15.3848,
Thu Apr 16 2020 09:42:54 GMT-0400 (Eastern Daylight Time)
15.3851,15.3864,15.3864,15.3871,15.3871,15.3873,15.387,15.387,15.387,15.3868,15.387,15.3867,15.3864,15.3868,15.3848,15.3853,15.3864,15.386,15.386,15.386,15.3866,15.3863,15.3853,15.385,15.385,15.3835,15.383,15.383,15.3841,15.3841,15.3833,15.3835,15.3836,15.3835,15.3831,15.3831,15.3835,15.3831,15.3833,15.3833,15.3827,15.3848,15.3853,15.3853,15.385,15.3859,15.3863,15.3856,15.3862,15.3866,15.387,15.3861,15.388,15.388,15.3884,15.3884,15.3905,15.3905,15.3905,15.3909,
Thu Apr 16 2020 09:43:54 GMT-0400 (Eastern Daylight Time)
15.3905,15.3897,15.3899,15.3891,15.3885,15.3892,15.3881,15.3865,15.3871,15.3866,15.3866,15.3869,15.3869,15.3867,15.3871,15.3871,15.3862,15.3867,15.387,15.387,15.386,15.3856,15.3856,15.3856,15.386,15.3842,15.3839,15.383,15.3822,15.3832,15.3829,15.3829,15.3824,15.3817,15.3808,15.3804,15.3807,15.3815,15.3814,15.3811,15.3807,15.381,15.3809,15.3812,15.3812,15.3812,15.3808,15.3808,15.3801,15.3793,15.3793,15.3799,15.379,15.3788,15.3792,15.3783,15.378,15.378,15.3783,15.3788,
Thu Apr 16 2020 09:44:54 GMT-0400 (Eastern Daylight Time)
15.3783,15.378,15.3778,15.3778,15.3781,15.3771,15.3774,15.3774,15.377,15.3766,15.3777,15.38,15.3787,15.3795,15.3792,15.3792,15.3792,15.3817,15.3822,15.3822,15.3829,15.3835,15.3825,15.3824,15.3833,15.3833,15.3836,15.3841,15.386,15.3864,15.3857,15.3857,15.386,15.3858,15.3865,15.3865,15.3868,15.387,15.3867,15.387,15.387,15.3864,15.3863,15.3858,15.3854,15.3857,15.3859,15.3857,15.3857,15.3862,15.3862,15.3855,15.3857,15.386,15.385,15.385,15.3845,15.3855,15.3858,15.3863,
Thu Apr 16 2020 09:45:54 GMT-0400 (Eastern Daylight Time)
15.3859,15.3857,15.3861,15.3858,15.3867,15.3872,15.3872,15.3875,15.3872,15.3872,15.3872,15.3876,15.3882,15.3879,15.3872,15.3869,15.3882,15.3877,15.3887,15.3883,15.3879,15.3879,15.3879,15.3879,15.3874,15.3883,15.388,15.3884,15.3884,15.3876,15.3879,15.3879,15.3879,15.3881,15.3897,15.3919,15.3919,15.3916,15.3918,15.3918,15.3921,15.3921,15.3924,15.3907,15.3907,15.3906,15.3905,15.3905,15.3907,15.3907,15.391,15.3906,15.3906,15.3906,15.3895,15.3892,15.3886,15.3902,15.3907,15.3905,
Thu Apr 16 2020 09:46:54 GMT-0400 (Eastern Daylight Time)
15.3912,15.391,15.3912,15.3905,15.3902,15.3902,15.3899,15.3899,15.3896,15.3892,15.389,15.3886,15.3881,15.3881,15.3879,15.3879,15.3873,15.3875,15.3872,15.3877,15.3868,15.3868,15.3872,15.3875,15.3879,15.3879,15.3877,15.3872,15.3876,15.3876,15.3874,15.3873,15.3873,15.388,15.3894,15.3884,15.3887,15.3887,15.3884,15.3881,15.3881,15.388,15.3875,15.3881,15.3881,15.3881,15.3882,15.3878,15.3878,15.3891,15.3891,15.3889,15.3892,15.3889,15.3886,15.3881,15.3884,15.3886,15.3895,15.3888,
Thu Apr 16 2020 09:47:54 GMT-0400 (Eastern Daylight Time)
15.3888,15.3896,15.3896,15.3904,15.3904,15.3901,15.3894,15.389,15.389,15.3891,15.3891,15.3889,15.3889,15.3902,15.3877,15.3884,15.3884,15.3899,15.3893,15.3887,15.3874,15.3877,15.3878,15.3875,15.3875,15.3872,15.3875,15.3875,15.3859,15.3857,15.3862,15.3865,15.3876,15.3876,15.388,15.3883,15.3885,15.3891,15.3894,15.3893,15.3898,15.3898,15.3911,15.3911,15.3911,15.3905,15.3903,15.3905,15.3908,15.3897,15.3897,15.3899,15.3908,15.3904,15.3904,15.3904,15.3908,15.3918,15.3923,15.3928,
Thu Apr 16 2020 09:48:54 GMT-0400 (Eastern Daylight Time)
15.3914,15.3924,15.3917,15.391,15.3908,15.3901,15.3903,15.3905,15.3905,15.3905,15.3903,15.3903,15.3893,15.3898,15.3909,15.3907,15.3917,15.3916,15.3916,15.3916,15.3914,15.3914,15.391,15.3917,15.3917,15.3911,15.392,15.3916,15.3916,15.3923,15.3956,15.3973,15.3973,15.3981,15.397,15.3972,15.3975,15.3982,15.3988,15.399,15.398,15.398,15.3983,15.3983,15.3983,15.3978,15.4002,15.4006,15.4008,15.4021,15.4026,15.4033,15.4022,15.4032,15.4036,15.404,15.4036,15.4036,15.4039,15.4039,
Thu Apr 16 2020 09:49:54 GMT-0400 (Eastern Daylight Time)
15.4042,15.4039,15.4033,15.4041,15.4045,15.4045,15.4041,15.4041,15.4034,15.4034,15.4042,15.4042,15.4035,15.4032,15.4048,15.4043,15.4035,15.4031,15.4034,15.4034,15.4034,15.4034,15.4034,15.4034,15.4036,15.4046,15.405,15.4041,15.4046,15.4046,15.4048,15.4044,15.4039,15.4037,15.4025,15.4025,15.4025,15.4025,15.4034,15.4034,15.4039,15.4039,15.4036,15.4051,15.4031,15.4028,15.4031,15.4034,15.4028,15.4033,15.403,15.4033,15.4041,15.4037,15.4034,15.403,15.4033,15.4028,15.4028,15.4028,
Thu Apr 16 2020 09:50:54 GMT-0400 (Eastern Daylight Time)
15.4032,15.4029,15.4021,15.4021,15.4018,15.4018,15.4014,15.4021,15.4024,15.4023,15.403,15.403,15.4032,15.4038,15.4036,15.4039,15.4036,15.404,15.4037,15.4037,15.4037,15.4035,15.4043,15.404,15.4033,15.4033,15.4044,15.4044,15.404,15.4044,15.4048,15.4041,15.4041,15.4041,15.4042,15.4034,15.4032,15.4007,15.4004,15.4008,15.4007,15.4007,15.3994,15.3991,15.3982,15.3976,15.3969,15.3966,15.3968,15.3971,15.3982,15.3982,15.3983,15.3983,15.3988,15.399,15.3988,15.3996,15.3996,15.3995,
Thu Apr 16 2020 09:51:54 GMT-0400 (Eastern Daylight Time)
15.3995,15.3995,15.3992,15.3984,15.3988,15.3988,15.3988,15.3988,15.3988,15.4013,15.402,15.4022,15.4048,15.4048,15.4048,15.4053,15.4056,15.4051,15.405,15.4043,15.404,15.4054,15.4051,15.4051,15.4055,15.4055,15.405,15.4053,15.4051,15.4051,15.404,15.404,15.4047,15.4035,15.4033,15.4037,15.4037,15.4037,15.4041,15.4043,15.4047,15.4046,15.4046,15.4046,15.4046,15.4031,15.4028,15.4031,15.4036,15.4038,15.4028,15.4031,15.4036,15.4031,15.4033,15.4025,15.4031,15.4053,15.4047,15.4043,
Thu Apr 16 2020 09:52:54 GMT-0400 (Eastern Daylight Time)
15.4045,15.4045,15.4038,15.4038,15.404,15.404,15.4051,15.4059,15.4055,15.406,15.4077,15.4077,15.4075,15.4079,15.4076,15.4073,15.406,15.4053,15.4059,15.4062,15.4062,15.406,15.4065,15.407,15.4073,15.4073,15.4083,15.4086,15.4083,15.4081,15.4068,15.4069,15.4046,15.405,15.4047,15.4042,15.4045,15.4045,15.4049,15.4049,15.4057,15.4064,15.406,15.406,15.4057,15.4057,15.4057,15.4057,15.4053,15.406,15.4058,15.4058,15.4066,15.4066,15.4063,15.4053,15.4055,15.4051,15.4047,15.4047,
Thu Apr 16 2020 09:53:54 GMT-0400 (Eastern Daylight Time)
15.4054,15.4047,15.4044,15.4047,15.4067,15.4064,15.4064,15.4075,15.4072,15.4072,15.4072,15.4072,15.4068,15.4068,15.4068,15.4075,15.4074,15.4088,15.4088,15.4088,15.4083,15.4083,15.4066,15.4062,15.4065,15.4062,15.4066,15.406,15.4065,15.4065,15.4038,15.4043,15.4047,15.4043,15.4046,15.4049,15.4055,15.4055,15.4055,15.4053,15.4023,15.4019,15.4027,15.4027,15.403,15.4024,15.4024,15.4024,15.4024,15.4016,15.4019,15.4027,15.4035,15.4029,15.4035,15.4035,15.4035,15.4032,15.4028,15.4031,
Thu Apr 16 2020 09:54:54 GMT-0400 (Eastern Daylight Time)
15.4025,15.4021,15.4018,15.4018,15.4018,15.4015,15.4015,15.4015,15.4013,15.4017,15.402,15.4027,15.4036,15.4036,15.4037,15.4032,15.4032,15.4036,15.4032,15.4029,15.4026,15.4023,15.402,15.402,15.4009,15.4013,15.4015,15.4021,15.4018,15.4018,15.4015,15.401,15.4007,15.401,15.401,15.401,15.4013,15.4028,15.403,15.403,15.4022,15.4027,15.4037,15.4043,15.4048,15.4048,15.4054,15.4051,15.4055,15.4058,15.4049,15.4056,15.4056,15.4056,15.4031,15.4035,15.4035,15.4035,15.4047,15.4047,
Thu Apr 16 2020 09:55:54 GMT-0400 (Eastern Daylight Time)
15.4044,15.4047,15.405,15.4052,15.4052,15.4052,15.4048,15.4039,15.4042,15.4034,15.4032,15.4032,15.4032,15.4029,15.4029,15.4034,15.4037,15.404,15.4043,15.4031,15.4014,15.4014,15.4014,15.4025,15.4017,15.4017,15.4013,15.4011,15.3989,15.3989,15.3986,15.3981,15.3981,15.3976,15.3979,15.3975,15.3983,15.3983,15.4001,15.4007,15.4017,15.4017,15.4011,15.4009,15.3996,15.3999,15.3988,15.3986,15.3988,15.3985,15.3985,15.3987,15.3984,15.3984,15.3984,15.3979,15.3979,15.3998,15.3996,15.3993,
Thu Apr 16 2020 09:56:55 GMT-0400 (Eastern Daylight Time)
15.3996,15.3996,15.3996,15.3999,15.4009,15.4015,15.4012,15.4016,15.4012,15.4012,15.4012,15.3987,15.3992,15.399,15.3991,15.3996,15.3996,15.3992,15.3996,15.3996,15.3996,15.3993,15.3993,15.3991,15.3995,15.3999,15.4009,15.4,15.4,15.4002,15.4007,15.3989,15.3983,15.3979,15.3972,15.3976,15.3974,15.3978,15.3968,15.3956,15.396,15.3965,15.3971,15.3976,15.3981,15.3981,15.3981,15.3985,15.3996,15.3996,15.3991,15.3998,15.4003,15.4016,15.4016,15.402,15.4024,15.4026,15.4022,15.4015,
Thu Apr 16 2020 09:57:54 GMT-0400 (Eastern Daylight Time)
15.4022,15.4022,15.4024,15.4021,15.4011,15.4011,15.4011,15.4017,15.4013,15.4016,15.4026,15.403,15.4037,15.4034,15.4035,15.4035,15.4033,15.4025,15.4025,15.4027,15.402,15.4022,15.4011,15.4018,15.4018,15.4018,15.4018,15.4018,15.4024,15.4039,15.4043,15.4049,15.4054,15.4054,15.4051,15.4037,15.404,15.405,15.4047,15.4054,15.4041,15.4044,15.4047,15.4035,15.4035,15.4033,15.4034,15.4022,15.4022,15.4021,15.4024,15.4024,15.4036,15.4036,15.4039,15.4047,15.4055,15.4058,15.4061,15.4059,
Thu Apr 16 2020 09:58:55 GMT-0400 (Eastern Daylight Time)
15.4057,15.4063,15.4066,15.4074,15.4074,15.4064,15.4068,15.4064,15.4036,15.4032,15.4034,15.4034,15.403,15.403,15.403,15.4033,15.4038,15.4038,15.4038,15.4037,15.4046,15.4051,15.4073,15.4067,15.408,15.4084,15.4084,15.4084,15.4081,15.4077,15.408,15.408,15.4081,15.409,15.409,15.4098,15.4099,15.4102,15.4102,15.4105,15.4103,15.41,15.4103,15.4082,15.4076,15.4087,15.409,15.4086,15.4086,15.409,15.409,15.409,15.409,15.4096,15.4098,15.4089,15.4097,15.4104,15.4101,15.4098,
Thu Apr 16 2020 09:59:54 GMT-0400 (Eastern Daylight Time)
15.4095,15.4104,15.411,15.4107,15.4107,15.4103,15.4103,15.4103,15.4103,15.4108,15.4123,15.4132,15.4132,15.4132,15.4132,15.4126,15.412,15.4107,15.4107,15.4098,15.41,15.4101,15.4089,15.4086,15.4081,15.4071,15.4071,15.4068,15.4064,15.4058,15.4061,15.4052,15.4055,15.4055,15.4053,15.4073,15.4078,15.4083,15.4085,15.4079,15.4076,15.4079,15.4086,15.4086,15.4106,15.4106,15.4103,15.4104,15.4104,15.4107,15.4117,15.4121,15.4125,15.4134,15.4134,15.4132,15.4132,15.4129,15.4129,15.4137,
Thu Apr 16 2020 10:00:54 GMT-0400 (Eastern Daylight Time)
15.4131,15.4127,15.413,15.413,15.4116,15.4116,15.4116,15.411,15.411,15.4107,15.411,15.4122,15.4126,15.4129,15.4132,15.4129,15.4129,15.4129,15.4134,15.4144,15.4147,15.4163,15.4165,15.4165,15.4175,15.4181,15.4184,15.4185,15.4188,15.4188,15.4185,15.4167,15.4171,15.4165,15.4156,15.4151,15.416,15.4156,15.4149,15.4155,15.4155,15.4161,15.4156,15.4164,15.4168,15.4171,15.4165,15.4163,15.4163,15.4171,15.4162,15.4176,15.418,15.4183,15.4183,15.4173,15.4163,15.417,15.4173,15.4176,
Thu Apr 16 2020 10:01:54 GMT-0400 (Eastern Daylight Time)
15.4172,15.4177,15.4177,15.4177,15.4179,15.4184,15.418,15.4176,15.4176,15.417,15.417,15.4169,15.4175,15.4165,15.4162,15.4136,15.4132,15.4135,15.4141,15.4146,15.4142,15.4142,15.4152,15.4149,15.4153,15.4153,15.4147,15.4147,15.4158,15.4158,15.4158,15.4164,15.4175,15.4175,15.4175,15.4173,15.4182,15.4185,15.4189,15.4189,15.4185,15.4187,15.4214,15.4219,15.4224,15.4224,15.4228,15.4228,15.4225,15.4233,15.423,15.4249,15.4241,15.4233,15.4233,15.4236,15.4239,15.4239,15.4235,15.4228,
Thu Apr 16 2020 10:02:54 GMT-0400 (Eastern Daylight Time)
15.4228,15.4232,15.4219,15.4216,15.4211,15.4206,15.4202,15.4213,15.4213,15.4218,15.4218,15.4212,15.4215,15.4212,15.4215,15.422,15.4222,15.4219,15.4226,15.4226,15.4229,15.4229,15.4232,15.4235,15.4248,15.4246,15.425,15.4238,15.4229,15.4222,15.4226,15.4232,15.4226,15.4221,15.4217,15.4221,15.4235,15.4253,15.425,15.4244,15.4248,15.4258,15.4258,15.426,15.426,15.426,15.4256,15.4246,15.4246,15.4242,15.424,15.425,15.4247,15.4247,15.425,15.4244,15.4249,15.4247,15.4253,15.4265,
Thu Apr 16 2020 10:03:55 GMT-0400 (Eastern Daylight Time)
15.4265,15.4265,15.4265,15.4261,15.4259,15.4264,15.4269,15.4286,15.4286,15.4289,15.4288,15.429,15.4293,15.4295,15.4297,15.43,15.4306,15.4306,15.43,15.4304,15.4296,15.4294,15.4294,15.4294,15.4295,15.4295,15.4295,15.4312,15.431,15.431,15.4316,15.4327,15.4323,15.4323,15.4323,15.4323,15.4309,15.4309,15.4309,15.4306,15.43,15.4306,15.4323,15.4327,15.433,15.4329,15.4332,15.4341,15.4346,15.4346,15.4346,15.4349,15.4346,15.434,15.434,15.4349,15.4345,15.4345,15.4353,15.4352,
Thu Apr 16 2020 10:04:54 GMT-0400 (Eastern Daylight Time)
15.435,15.4353,15.4349,15.4352,15.4342,15.4342,15.4342,15.4342,15.4345,15.4341,15.4345,15.4349,15.4356,15.4366,15.4366,15.4365,15.4365,15.4362,15.4361,15.4356,15.4356,15.4353,15.4357,15.4334,15.4337,15.4341,15.4353,15.4353,15.4356,15.4356,15.4356,15.4375,15.4372,15.4368,15.4371,15.437,15.437,15.4376,15.4371,15.4371,15.4374,15.4374,15.4374,15.4374,15.4372,15.4372,15.4352,15.4355,15.4355,15.4349,15.4357,15.4364,15.4364,15.4361,15.436,15.436,15.4363,15.4358,15.4355,15.4355,
Thu Apr 16 2020 10:05:55 GMT-0400 (Eastern Daylight Time)
15.4352,15.4349,15.4351,15.4348,15.4335,15.4335,15.433,15.4333,15.4333,15.4326,15.4329,15.4327,15.4325,15.4322,15.432,15.4324,15.432,15.432,15.432,15.433,15.433,15.4334,15.4334,15.4334,15.4326,15.4332,15.433,15.433,15.4317,15.4314,15.4314,15.4309,15.4309,15.4309,15.4311,15.432,15.4321,15.4325,15.4313,15.4327,15.4336,15.4336,15.4336,15.4336,15.434,15.434,15.434,15.434,15.434,15.4345,15.4345,15.4354,15.4354,15.436,15.4359,15.4359,15.4359,15.4359,15.4359,15.436,
Thu Apr 16 2020 10:06:55 GMT-0400 (Eastern Daylight Time)
15.4359,15.4359,15.436,15.4361,15.4361,15.4361,15.4361,15.436,15.436,15.4361,15.4361,15.4361,15.4361,15.436,15.436,15.436,15.4361,15.436,15.436,15.436,15.4361,15.4361,15.4361,15.4361,15.436,15.436,15.436,15.436,15.436,15.436,15.436,15.436,15.436,15.436,15.436,15.4352,15.4344,15.4345,15.4348,15.4348,15.4348,15.4338,15.4344,15.4338,15.4342,15.4352,15.4352,15.4336,15.4339,15.4339,15.4339,15.4339,15.4341,15.4341,15.4349,15.4344,15.434,15.433,15.433,15.4338,
Thu Apr 16 2020 10:07:55 GMT-0400 (Eastern Daylight Time)
15.4333,15.4329,15.4329,15.4323,15.4308,15.4308,15.4308,15.4319,15.4322,15.4322,15.4325,15.4325,15.4332,15.4332,15.4345,15.4348,15.4348,15.4341,15.4341,15.4355,15.4362,15.4359,15.4356,15.4338,15.4347,15.4351,15.4351,15.4351,15.4339,15.4339,15.4339,15.4344,15.4347,15.4347,15.4341,15.4335,15.4328,15.4319,15.4321,15.4319,15.4315,15.4315,15.4305,15.4305,15.4305,15.4304,15.4304,15.4307,15.4304,15.4304,15.4304,15.4316,15.4316,15.4318,15.4315,15.4315,15.4312,15.4303,15.4303,15.4303,
Thu Apr 16 2020 10:08:55 GMT-0400 (Eastern Daylight Time)
15.4295,15.4301,15.4299,15.4299,15.4296,15.4294,15.4294,15.4291,15.4288,15.4288,15.4288,15.4281,15.426,15.4257,15.4256,15.4261,15.4257,15.4254,15.4254,15.4264,15.4262,15.4258,15.4263,15.4241,15.4241,15.4236,15.424,15.4252,15.424,15.4244,15.4252,15.4228,15.4226,15.4226,15.4232,15.4232,15.4237,15.4239,15.4236,15.4237,15.4235,15.4233,15.4236,15.4229,15.4237,15.4246,15.4239,15.4216,15.4206,15.4206,15.4195,15.4192,15.4187,15.4187,15.4195,15.4192,15.4195,15.4199,15.4197,15.4197,
Thu Apr 16 2020 10:09:55 GMT-0400 (Eastern Daylight Time)
15.4207,15.4207,15.4207,15.4205,15.4206,15.4204,15.4195,15.4192,15.42,15.4207,15.4207,15.4202,15.4205,15.42,15.42,15.4197,15.4221,15.4219,15.4219,15.4211,15.4215,15.4208,15.4214,15.4214,15.4212,15.4218,15.4218,15.4218,15.4227,15.4219,15.4219,15.4219,15.4221,15.4219,15.4219,15.4221,15.4217,15.422,15.4223,15.4226,15.4218,15.4212,15.4212,15.4211,15.4215,15.4218,15.4223,15.4218,15.4223,15.4232,15.4236,15.4225,15.423,15.422,15.422,15.4234,15.4241,15.4234,15.424,15.4237,
Thu Apr 16 2020 10:10:54 GMT-0400 (Eastern Daylight Time)
15.4241,15.4246,15.4246,15.4246,15.4246,15.4246,15.4246,15.4246,15.424,15.4233,15.4233,15.4233,15.4233,15.4241,15.4241,15.4231,15.4226,15.4231,15.4221,15.4218,15.4209,15.4212,15.4209,15.4212,15.4212,15.4214,15.4209,15.4213,15.4213,15.4227,15.423,15.4227,15.4228,15.4224,15.4235,15.4232,15.4218,15.4216,15.4214,15.4214,15.421,15.4216,15.4222,15.4222,15.4223,15.4223,15.4219,15.4219,15.4222,15.4228,15.4228,15.4222,15.4214,15.421,15.4215,15.4215,15.4221,15.4217,15.4217,15.4217,
