Wed Apr 15 2020 20:56:53 GMT-0400 (Eastern Daylight Time)
15.4696,15.4702,15.4705,15.4705,15.4705,15.4709,15.4709,15.4713,15.4711,15.4694,15.4694,15.4694,15.4686,15.4681,15.4676,15.4673,15.4678,15.4656,15.4652,15.4654,15.4664,15.4667,15.4674,15.4677,15.468,15.4689,15.4689,15.4694,15.469,15.468,15.468,15.4689,15.469,15.4685,15.4679,15.467,15.4671,15.4676,15.4669,15.4674,15.4674,15.4676,15.4673,15.4673,15.4673,15.4679,15.4676,15.468,15.468,15.468,15.468,15.4669,15.4663,15.4659,15.4667,15.4667,15.4664,15.4658,15.466,15.466,
Wed Apr 15 2020 20:57:54 GMT-0400 (Eastern Daylight Time)
15.4657,15.4662,15.4658,15.4663,15.4665,15.4659,15.4655,15.4659,15.4664,15.4662,15.466,15.466,15.4663,15.4663,15.4662,15.4662,15.4662,15.4662,15.4658,15.4645,15.4641,15.4634,15.4634,15.4634,15.465,15.4644,15.4641,15.4638,15.4635,15.4635,15.4645,15.4645,15.4648,15.4648,15.4638,15.4642,15.4638,15.4642,15.4642,15.4644,15.4643,15.4643,15.464,15.4637,15.4639,15.4638,15.4642,15.4632,15.4638,15.4637,15.4634,15.4632,15.4623,15.4623,15.4632,15.4632,15.4644,15.4648,15.4655,15.4667,
Wed Apr 15 2020 20:58:53 GMT-0400 (Eastern Daylight Time)
15.467,15.4664,15.4664,15.4662,15.466,15.4652,15.4655,15.4655,15.4655,15.4647,15.4655,15.4655,15.4662,15.4666,15.4662,15.4664,15.4689,15.4696,15.4699,15.4697,15.4703,15.4703,15.47,15.4703,15.471,15.4715,15.4713,15.471,15.4717,15.4715,15.4717,15.472,15.4713,15.4716,15.4718,15.4718,15.4719,15.4717,15.4715,15.4719,15.471,15.4718,15.4718,15.4707,15.4707,15.4707,15.4707,15.4703,15.4689,15.4692,15.4698,15.4698,15.4678,15.4678,15.4686,15.469,15.4686,15.4689,15.4685,15.4681,
Wed Apr 15 2020 20:59:54 GMT-0400 (Eastern Daylight Time)
15.4681,15.4681,15.4681,15.4679,15.4685,15.4658,15.4653,15.4644,15.4627,15.4627,15.4616,15.4616,15.4608,15.4611,15.4609,15.4602,15.4577,15.4582,15.4591,15.4585,15.458,15.4585,15.4571,15.4567,15.4565,15.4569,15.4569,15.4574,15.457,15.4567,15.4574,15.4572,15.4572,15.4572,15.4577,15.4581,15.4581,15.4575,15.4575,15.4573,15.4574,15.458,15.4575,15.4581,15.4588,15.459,15.4583,15.4586,15.4573,15.4573,15.4576,15.458,15.4574,15.4574,15.458,15.4584,15.4579,15.4579,15.457,15.457,
Wed Apr 15 2020 21:00:53 GMT-0400 (Eastern Daylight Time)
15.457,15.457,15.4572,15.4572,15.4579,15.4576,15.4576,15.4579,15.4579,15.4579,15.4581,15.4581,15.4579,15.4573,15.4583,15.4577,15.4577,15.46,15.46,15.4598,15.4605,15.4614,15.4619,15.4619,15.4599,15.4603,15.4607,15.4595,15.4597,15.4608,15.4608,15.46,15.4598,15.4576,15.4591,15.4587,15.4587,15.4586,15.4595,15.4589,15.4585,15.4592,15.4596,15.4587,15.4589,15.4586,15.4579,15.4574,15.4574,15.4579,15.4579,15.4581,15.4585,15.4583,15.4583,15.4573,15.4571,15.4565,15.4565,15.4561,
Wed Apr 15 2020 21:01:53 GMT-0400 (Eastern Daylight Time)
15.4554,15.4552,15.455,15.4552,15.456,15.4568,15.4568,15.4568,15.457,15.4568,15.457,15.4573,15.4573,15.4567,15.4583,15.4576,15.4573,15.4568,15.4564,15.4564,15.4569,15.4575,15.4568,15.4557,15.4553,15.4559,15.4567,15.4564,15.4569,15.4572,15.4581,15.4579,15.4584,15.4576,15.4576,15.4575,15.4586,15.4586,15.4584,15.4587,15.4583,15.458,15.4588,15.4591,15.4598,15.4598,15.4594,15.4601,15.4593,15.4603,15.4603,15.4603,15.46,15.4606,15.4616,15.4616,15.4614,15.461,15.4613,15.4613,
Wed Apr 15 2020 21:02:53 GMT-0400 (Eastern Daylight Time)
15.4599,15.4623,15.4613,15.4613,15.4613,15.4615,15.4604,15.4602,15.4606,15.4599,15.4599,15.46,15.4591,15.4591,15.4574,15.457,15.4567,15.4562,15.4565,15.4561,15.4565,15.4571,15.4571,15.4586,15.4586,15.4584,15.4584,15.458,15.457,15.4569,15.4574,15.4578,15.4575,15.4578,15.4582,15.4582,15.4582,15.4586,15.4583,15.4583,15.4566,15.4567,15.456,15.4563,15.4566,15.4564,15.456,15.456,15.4565,15.4565,15.4567,15.4564,15.457,15.4567,15.4577,15.456,15.4567,15.4567,15.457,15.4582,
Wed Apr 15 2020 21:03:53 GMT-0400 (Eastern Daylight Time)
15.4568,15.457,15.4576,15.4576,15.4572,15.4572,15.4572,15.4577,15.4577,15.4552,15.4538,15.4553,15.4553,15.4556,15.4556,15.4556,15.4556,15.4564,15.4566,15.4566,15.4563,15.4567,15.4567,15.4575,15.4575,15.4584,15.4588,15.4591,15.4583,15.4587,15.459,15.459,15.4594,15.4596,15.4601,15.461,15.4615,15.4619,15.4621,15.4624,15.4624,15.4623,15.4605,15.4605,15.4609,15.4623,15.4623,15.4625,15.4633,15.4612,15.4616,15.4616,15.4616,15.4619,15.4624,15.462,15.4617,15.462,15.4615,15.4618,
Wed Apr 15 2020 21:04:53 GMT-0400 (Eastern Daylight Time)
15.4619,15.4606,15.4599,15.4602,15.4606,15.4599,15.4594,15.4591,15.4598,15.4592,15.4592,15.4596,15.4589,15.4592,15.4615,15.4615,15.4618,15.4618,15.4614,15.4616,15.4603,15.4588,15.4586,15.4582,15.4589,15.46,15.4595,15.459,15.459,15.4589,15.4579,15.4568,15.4568,15.4564,15.4561,15.4548,15.4548,15.455,15.4539,15.4546,15.4552,15.4552,15.4548,15.4553,15.455,15.455,15.455,15.4542,15.4537,15.4534,15.4508,15.4508,15.4508,15.4507,15.4505,15.4502,15.45,15.4502,15.4498,15.4498,
Wed Apr 15 2020 21:05:53 GMT-0400 (Eastern Daylight Time)
15.4497,15.4497,15.4492,15.4489,15.4482,15.4482,15.4482,15.4482,15.4489,15.4495,15.4501,15.4493,15.4496,15.4491,15.4499,15.4494,15.4486,15.4497,15.4497,15.4503,15.4503,15.4504,15.4504,15.4504,15.4498,15.4498,15.4499,15.4502,15.4498,15.4514,15.4516,15.4513,15.4513,15.4509,15.4521,15.4522,15.4522,15.4507,15.4509,15.4504,15.4504,15.4498,15.4511,15.4513,15.4513,15.4511,15.4504,15.4504,15.4501,15.4517,15.452,15.4537,15.4531,15.4527,15.4519,15.4519,15.4519,15.4517,15.4515,15.4511,
Wed Apr 15 2020 21:06:53 GMT-0400 (Eastern Daylight Time)
15.4515,15.4514,15.4514,15.4514,15.4514,15.4518,15.4514,15.4518,15.4518,15.4529,15.4518,15.4506,15.4504,15.4501,15.4501,15.4509,15.4509,15.4519,15.4515,15.4515,15.4509,15.4509,15.4512,15.4512,15.4519,15.4519,15.4511,15.45,15.4496,15.4496,15.4506,15.4511,15.4532,15.4532,15.4535,15.4535,15.4538,15.4535,15.4532,15.4525,15.4525,15.453,15.4517,15.4514,15.4508,15.4507,15.4499,15.4503,15.4506,15.4503,15.4499,15.4499,15.4492,15.4489,15.4493,15.4485,15.449,15.4493,15.4491,15.4483,
Wed Apr 15 2020 21:07:53 GMT-0400 (Eastern Daylight Time)
15.4487,15.4484,15.4475,15.4467,15.4463,15.4461,15.4468,15.4468,15.4458,15.4456,15.4456,15.4453,15.4481,15.4476,15.4479,15.4483,15.4485,15.4485,15.4483,15.4481,15.4484,15.4491,15.4494,15.4491,15.4491,15.4486,15.4489,15.4485,15.448,15.449,15.4473,15.4473,15.4462,15.4468,15.4468,15.4462,15.4462,15.4475,15.4465,15.4468,15.4465,15.4476,15.4476,15.447,15.4492,15.4488,15.4491,15.4485,15.4477,15.4467,15.4475,15.4475,15.4475,15.452,15.452,15.452,15.4521,15.4535,15.454,15.455,
Wed Apr 15 2020 21:08:53 GMT-0400 (Eastern Daylight Time)
15.455,15.4545,15.4542,15.4534,15.4534,15.4539,15.4542,15.454,15.4539,15.4535,15.4533,15.453,15.4533,15.4532,15.4525,15.4536,15.4534,15.4534,15.4538,15.4536,15.4535,15.4536,15.4536,15.454,15.4541,15.4551,15.4553,15.4563,15.4559,15.4563,15.4563,15.4559,15.4565,15.4572,15.4579,15.4592,15.4592,15.458,15.4586,15.4594,15.459,15.4593,15.4597,15.4597,15.4603,15.4603,15.4606,15.4606,15.4606,15.4602,15.4602,15.4602,15.4602,15.4598,15.4595,15.4588,15.459,15.4591,15.4595,15.4595,
Wed Apr 15 2020 21:09:53 GMT-0400 (Eastern Daylight Time)
15.4595,15.4592,15.4587,15.4591,15.4591,15.4591,15.4595,15.4598,15.4601,15.4604,15.4607,15.4607,15.4601,15.461,15.461,15.461,15.4614,15.4619,15.4617,15.4617,15.462,15.4625,15.4614,15.4614,15.4611,15.4615,15.4618,15.464,15.4637,15.4634,15.4636,15.4636,15.4636,15.4621,15.4616,15.4616,15.4616,15.4611,15.4605,15.4605,15.4609,15.4618,15.4613,15.4611,15.462,15.4617,15.4627,15.4627,15.463,15.4635,15.4637,15.4637,15.4645,15.4634,15.4631,15.4631,15.4631,15.4636,15.4625,15.4625,
Wed Apr 15 2020 21:10:53 GMT-0400 (Eastern Daylight Time)
15.4622,15.4619,15.462,15.462,15.4614,15.4616,15.4618,15.4626,15.4626,15.4625,15.4621,15.4618,15.4619,15.4616,15.4616,15.4619,15.4616,15.4619,15.4616,15.4605,15.4605,15.4604,15.4604,15.4604,15.4611,15.4602,15.4597,15.4594,15.4594,15.4585,15.4585,15.4593,15.4589,15.4599,15.4599,15.4596,15.4591,15.4591,15.4589,15.4589,15.4584,15.4567,15.457,15.4574,15.4574,15.4577,15.4575,15.4575,15.4583,15.4576,15.4571,15.4569,15.4564,15.4549,15.4544,15.4536,15.4528,15.4531,15.4532,15.4532,
Wed Apr 15 2020 21:11:53 GMT-0400 (Eastern Daylight Time)
15.4544,15.4548,15.4551,15.4565,15.4575,15.457,15.4577,15.457,15.4564,15.4557,15.4566,15.4566,15.4577,15.4577,15.4572,15.4579,15.457,15.4568,15.4565,15.4573,15.457,15.4572,15.457,15.457,15.4574,15.4571,15.4558,15.4542,15.4545,15.4544,15.4547,15.4543,15.4539,15.4528,15.4535,15.4538,15.4538,15.4541,15.4535,15.4535,15.4542,15.4542,15.4536,15.4539,15.4541,15.4563,15.4566,15.4563,15.4565,15.4566,15.4574,15.4571,15.4574,15.4574,15.4568,15.4578,15.4582,15.4582,15.4573,15.4577,
Wed Apr 15 2020 21:12:53 GMT-0400 (Eastern Daylight Time)
15.4577,15.4586,15.4578,15.461,15.4614,15.4618,15.4625,15.4625,15.4609,15.4603,15.4606,15.4604,15.46,15.4597,15.4597,15.4591,15.4588,15.4586,15.4582,15.4588,15.4583,15.4583,15.4587,15.4588,15.4588,15.4594,15.4579,15.4579,15.4576,15.4576,15.4576,15.4576,15.4588,15.4584,15.4588,15.4591,15.4587,15.4581,15.4581,15.4577,15.4563,15.4559,15.4559,15.4561,15.4577,15.4575,15.457,15.4567,15.4559,15.4547,15.4547,15.4549,15.4545,15.454,15.4555,15.4558,15.4563,15.456,15.4556,15.4553,
Wed Apr 15 2020 21:13:54 GMT-0400 (Eastern Daylight Time)
15.4553,15.4553,15.455,15.4545,15.454,15.4536,15.4528,15.4523,15.4529,15.4529,15.4529,15.4531,15.4533,15.4542,15.4517,15.4498,15.45,15.4488,15.4491,15.449,15.4492,15.4484,15.4484,15.4509,15.4506,15.4503,15.4501,15.4498,15.4501,15.4501,15.4508,15.4511,15.4509,15.4505,15.4507,15.4502,15.4497,15.4506,15.4515,15.4515,15.4515,15.4524,15.4519,15.4527,15.4527,15.4533,15.4546,15.4549,15.4546,15.4546,15.4551,15.457,15.4573,15.4569,15.4562,15.4573,15.4576,15.4573,15.4576,15.4579,
Wed Apr 15 2020 21:14:54 GMT-0400 (Eastern Daylight Time)
15.4585,15.459,15.4575,15.4575,15.4575,15.4571,15.4583,15.4583,15.4583,15.4583,15.4591,15.4596,15.4599,15.4568,15.4568,15.4564,15.4564,15.4566,15.4574,15.4557,15.456,15.456,15.4553,15.4557,15.456,15.4563,15.4564,15.456,15.4556,15.4561,15.4557,15.455,15.4556,15.4553,15.4552,15.4554,15.4559,15.4559,15.4562,15.4566,15.4563,15.456,15.4558,15.4561,15.4563,15.4563,15.4557,15.4555,15.4555,15.4551,15.4551,15.4561,15.4564,15.4556,15.4561,15.4557,15.4554,15.4559,15.4559,15.4555,
Wed Apr 15 2020 21:15:53 GMT-0400 (Eastern Daylight Time)
15.4551,15.4551,15.4548,15.4548,15.4544,15.4539,15.4539,15.4535,15.4535,15.4531,15.4531,15.4533,15.4543,15.4541,15.4541,15.4541,15.4544,15.4544,15.4543,15.4546,15.4551,15.4546,15.4538,15.4538,15.4541,15.4541,15.4541,15.4544,15.4544,15.4557,15.4557,15.4557,15.4559,15.4559,15.4562,15.4555,15.456,15.4555,15.4555,15.4559,15.4559,15.4565,15.4564,15.4542,15.4542,15.4535,15.4547,15.4538,15.4538,15.4529,15.4536,15.4533,15.4538,15.4538,15.4537,15.454,15.454,15.4547,15.455,15.4557,
Wed Apr 15 2020 21:16:54 GMT-0400 (Eastern Daylight Time)
15.4563,15.4563,15.4559,15.4552,15.4556,15.4561,15.4544,15.4535,15.4554,15.4551,15.4554,15.4558,15.4561,15.4561,15.4559,15.4559,15.4559,15.4553,15.4545,15.4548,15.4566,15.4563,15.4558,15.4561,15.4558,15.4551,15.4553,15.454,15.4553,15.4553,15.4556,15.4548,15.4527,15.4542,15.4532,15.4535,15.4524,15.4524,15.4514,15.4514,15.4506,15.451,15.4513,15.451,15.4517,15.4517,15.4516,15.4519,15.4529,15.4529,15.4539,15.4555,15.4558,15.4557,15.455,15.4546,15.4549,15.4549,15.4549,15.4555,
Wed Apr 15 2020 21:17:54 GMT-0400 (Eastern Daylight Time)
15.4526,15.4526,15.4532,15.4535,15.453,15.453,15.4531,15.4526,15.4526,15.4526,15.4525,15.4529,15.4536,15.4536,15.4536,15.4536,15.4534,15.4539,15.4537,15.4534,15.4534,15.4534,15.4544,15.4534,15.4542,15.4546,15.4549,15.4557,15.4555,15.4558,15.4554,15.4557,15.4557,15.4563,15.4565,15.457,15.4567,15.4576,15.4577,15.4575,15.457,15.4563,15.4539,15.4539,15.4542,15.4542,15.4542,15.4541,15.4544,15.4563,15.4561,15.4547,15.4542,15.4553,15.4544,15.4537,15.4537,15.4545,15.4545,15.4548,
Wed Apr 15 2020 21:18:54 GMT-0400 (Eastern Daylight Time)
15.4548,15.4543,15.4546,15.4548,15.4541,15.4543,15.454,15.4532,15.4535,15.4543,15.4536,15.4536,15.4524,15.4519,15.4519,15.4519,15.4521,15.4521,15.4521,15.4518,15.4512,15.4506,15.451,15.4508,15.4497,15.4488,15.4482,15.4488,15.4485,15.449,15.449,15.4499,15.4498,15.4498,15.4498,15.4498,15.4495,15.4469,15.4475,15.4475,15.448,15.4483,15.4492,15.4489,15.4489,15.4498,15.4486,15.4486,15.4483,15.4479,15.4485,15.4483,15.4479,15.4479,15.4472,15.4486,15.4486,15.4485,15.4499,15.4495,
Wed Apr 15 2020 21:19:53 GMT-0400 (Eastern Daylight Time)
15.4498,15.4488,15.4487,15.4483,15.4489,15.4486,15.4486,15.4478,15.4478,15.4481,15.4487,15.4482,15.4482,15.4482,15.4482,15.4479,15.4475,15.4482,15.4481,15.4478,15.447,15.4466,15.4482,15.4469,15.4466,15.4466,15.4463,15.4452,15.4452,15.4471,15.4468,15.4474,15.4467,15.4474,15.4474,15.447,15.4467,15.4477,15.4481,15.4485,15.4481,15.4481,15.4474,15.4473,15.4468,15.4465,15.4465,15.4467,15.4473,15.4462,15.4483,15.4483,15.4483,15.448,15.4487,15.4487,15.4479,15.4473,15.4467,15.4455,
Wed Apr 15 2020 21:20:53 GMT-0400 (Eastern Daylight Time)
15.4449,15.4436,15.4436,15.4432,15.4435,15.4439,15.4433,15.443,15.4427,15.4427,15.4424,15.442,15.4419,15.4419,15.4425,15.4423,15.4417,15.442,15.4411,15.4404,15.4408,15.441,15.4419,15.4416,15.4414,15.4395,15.4392,15.4387,15.438,15.4386,15.4384,15.4384,15.4387,15.4398,15.4401,15.4401,15.4406,15.4408,15.4405,15.4392,15.4392,15.4392,15.4411,15.4411,15.4405,15.4402,15.4402,15.4398,15.4402,15.4402,15.4402,15.4403,15.4403,15.4403,15.4397,15.44,15.4408,15.4403,15.4403,15.4402,
Wed Apr 15 2020 21:21:54 GMT-0400 (Eastern Daylight Time)
15.44,15.4397,15.4399,15.4391,15.4382,15.4373,15.4369,15.4369,15.4371,15.4371,15.437,15.4368,15.4368,15.437,15.437,15.4365,15.4362,15.4358,15.4361,15.4354,15.4344,15.4347,15.4346,15.4359,15.4359,15.4366,15.4358,15.436,15.4356,15.436,15.4363,15.4367,15.4364,15.4359,15.4357,15.4364,15.4369,15.4372,15.4377,15.4378,15.4378,15.4385,15.4394,15.4394,15.4397,15.4397,15.4417,15.4392,15.4381,15.4384,15.4381,15.4386,15.4386,15.4386,15.4386,15.4379,15.4375,15.4374,15.4371,15.4371,
Wed Apr 15 2020 21:22:54 GMT-0400 (Eastern Daylight Time)
15.4372,15.4377,15.4382,15.4379,15.4398,15.4398,15.4394,15.4406,15.4406,15.4414,15.4412,15.4414,15.4414,15.4409,15.4412,15.4429,15.4429,15.4429,15.4419,15.4426,15.4434,15.4431,15.4433,15.4433,15.4433,15.4436,15.4432,15.4431,15.4431,15.4433,15.4431,15.4434,15.4437,15.4435,15.4437,15.4434,15.4439,15.4439,15.4439,15.4437,15.4435,15.443,15.4434,15.4428,15.4436,15.4436,15.4436,15.4441,15.443,15.4422,15.4428,15.443,15.4425,15.4422,15.4418,15.4425,15.443,15.4439,15.4454,15.4457,
Wed Apr 15 2020 21:23:54 GMT-0400 (Eastern Daylight Time)
15.445,15.445,15.4447,15.4434,15.443,15.4426,15.4426,15.4431,15.4431,15.4434,15.4428,15.4421,15.4424,15.4427,15.4427,15.4431,15.4431,15.4435,15.4422,15.4426,15.443,15.4428,15.4428,15.44,15.4407,15.4403,15.441,15.4419,15.4419,15.4422,15.4424,15.4419,15.4419,15.4417,15.4417,15.4414,15.4414,15.4414,15.4403,15.4409,15.4403,15.44,15.4406,15.441,15.441,15.4407,15.4409,15.4409,15.4407,15.4403,15.4412,15.4412,15.4419,15.4414,15.4412,15.4412,15.4406,15.4406,15.4428,15.4419,
Wed Apr 15 2020 21:24:54 GMT-0400 (Eastern Daylight Time)
15.4438,15.4438,15.4438,15.4423,15.4421,15.4428,15.4428,15.4426,15.4426,15.4429,15.4426,15.4411,15.4404,15.4404,15.4407,15.4419,15.4418,15.4432,15.4438,15.4433,15.4434,15.4427,15.4427,15.4427,15.4427,15.4427,15.4425,15.4425,15.4428,15.4433,15.4432,15.4439,15.4429,15.4397,15.4395,15.4408,15.4402,15.4404,15.44,15.4398,15.4384,15.4381,15.4381,15.4376,15.4392,15.4392,15.4392,15.4395,15.4388,15.4381,15.4384,15.4392,15.4392,15.4392,15.4395,15.4389,15.4388,15.4398,15.4398,15.4402,
