Sun Apr 19 2020 05:32:00 GMT-0400 (Eastern Daylight Time)
14.8856,14.8856,14.8856,14.8851,14.8821,14.8827,14.8824,14.8824,14.8806,14.8802,14.88,14.88,14.8793,14.8778,14.8775,14.8794,14.8779,14.8779,14.8778,14.8775,14.8768,14.8763,14.8766,14.8771,14.8779,14.8779,14.8781,14.8781,14.8779,14.8775,14.8782,14.8782,14.8778,14.8775,14.8775,14.8773,14.8771,14.8773,14.878,14.8774,14.8778,14.8773,14.8775,14.8781,14.8782,14.8779,14.8777,14.8777,14.8772,14.8779,14.8777,14.8774,14.8778,14.8783,14.8777,14.878,14.8774,14.8778,14.8781,14.8752,
Sun Apr 19 2020 05:32:59 GMT-0400 (Eastern Daylight Time)
14.8743,14.8741,14.8737,14.8733,14.8736,14.8736,14.8742,14.8741,14.8741,14.8741,14.8744,14.8744,14.8736,14.8735,14.8735,14.8731,14.8725,14.8718,14.8715,14.8704,14.8695,14.8676,14.8676,14.8679,14.8686,14.8689,14.8689,14.8686,14.8684,14.8687,14.8692,14.8692,14.8692,14.8699,14.8699,14.8693,14.8692,14.8686,14.8686,14.8686,14.8688,14.8686,14.8683,14.8686,14.8689,14.8681,14.8684,14.8687,14.8679,14.8671,14.8657,14.8654,14.8667,14.8667,14.8671,14.8669,14.8672,14.8672,14.8672,14.8677,
Sun Apr 19 2020 05:34:00 GMT-0400 (Eastern Daylight Time)
14.8679,14.8676,14.8676,14.868,14.8687,14.8687,14.8686,14.8686,14.868,14.8682,14.8687,14.8673,14.8673,14.8674,14.8669,14.8669,14.8666,14.8666,14.8668,14.8657,14.8658,14.8658,14.8658,14.8662,14.8646,14.8646,14.8642,14.8645,14.8645,14.8648,14.8648,14.8648,14.8637,14.8641,14.8641,14.8637,14.864,14.8643,14.8639,14.8639,14.8644,14.8659,14.8656,14.8658,14.8661,14.8661,14.8665,14.8665,14.8677,14.8674,14.8674,14.8674,14.8673,14.8675,14.8675,14.8671,14.8671,14.8668,14.8665,14.8665,
Sun Apr 19 2020 05:34:59 GMT-0400 (Eastern Daylight Time)
14.8657,14.8636,14.8636,14.8632,14.8636,14.8636,14.8632,14.8632,14.8641,14.8637,14.8637,14.8623,14.862,14.8617,14.8617,14.8621,14.8617,14.8617,14.862,14.8612,14.862,14.8614,14.8614,14.8607,14.8612,14.8608,14.8604,14.8604,14.8605,14.8607,14.8604,14.8601,14.8601,14.8601,14.8598,14.8592,14.8586,14.8586,14.8589,14.8593,14.8594,14.8591,14.8591,14.8591,14.8589,14.8598,14.8596,14.8592,14.8579,14.8573,14.8573,14.8578,14.858,14.8586,14.8586,14.8589,14.859,14.8587,14.8596,14.8596,
Sun Apr 19 2020 05:35:59 GMT-0400 (Eastern Daylight Time)
14.8596,14.8599,14.8602,14.8602,14.861,14.8606,14.8606,14.8603,14.8607,14.8608,14.861,14.8607,14.86,14.8605,14.8593,14.8593,14.8592,14.8589,14.8595,14.8592,14.8594,14.8596,14.8596,14.8603,14.8609,14.8609,14.8607,14.8601,14.8611,14.8606,14.8609,14.8612,14.8619,14.8622,14.8621,14.8619,14.8621,14.8632,14.8637,14.8639,14.865,14.8643,14.8643,14.8639,14.8644,14.8641,14.8634,14.8634,14.8625,14.8625,14.862,14.8612,14.8614,14.861,14.8597,14.8595,14.8597,14.8597,14.86,14.8605,
Sun Apr 19 2020 05:36:59 GMT-0400 (Eastern Daylight Time)
14.8602,14.8604,14.86,14.86,14.86,14.86,14.86,14.8603,14.8604,14.8607,14.8607,14.8607,14.8611,14.8611,14.8611,14.8611,14.8614,14.8614,14.8612,14.8608,14.8611,14.8624,14.8624,14.8624,14.8644,14.8641,14.8633,14.863,14.8634,14.8621,14.8623,14.8618,14.8614,14.8609,14.8605,14.8599,14.8619,14.8608,14.8605,14.8605,14.8603,14.8603,14.86,14.8593,14.8595,14.8592,14.8591,14.8594,14.8598,14.86,14.86,14.86,14.8609,14.8621,14.8624,14.8628,14.8628,14.8631,14.8637,14.8639,
Sun Apr 19 2020 05:37:59 GMT-0400 (Eastern Daylight Time)
14.8642,14.864,14.8625,14.8625,14.8628,14.863,14.8633,14.8633,14.862,14.8627,14.8627,14.8633,14.863,14.862,14.8623,14.8623,14.862,14.8608,14.8608,14.8608,14.8629,14.8643,14.8643,14.8651,14.8661,14.8666,14.8672,14.8675,14.8675,14.8675,14.8684,14.8684,14.8679,14.8676,14.8676,14.8676,14.8681,14.8679,14.8676,14.8679,14.8673,14.8668,14.8668,14.8663,14.8674,14.8687,14.8687,14.8679,14.8679,14.8675,14.868,14.868,14.8643,14.8644,14.8644,14.8649,14.8652,14.8647,14.8643,14.864,
Sun Apr 19 2020 05:38:59 GMT-0400 (Eastern Daylight Time)
14.864,14.8634,14.8634,14.8613,14.8613,14.8619,14.8624,14.8625,14.8625,14.862,14.862,14.862,14.8622,14.8619,14.8619,14.8619,14.8622,14.8622,14.8616,14.8616,14.8616,14.8619,14.8619,14.8622,14.8615,14.8607,14.8604,14.86,14.8596,14.859,14.859,14.8588,14.8588,14.8588,14.8584,14.8579,14.8577,14.8579,14.8576,14.8569,14.8569,14.8562,14.8567,14.8567,14.8567,14.8562,14.856,14.8555,14.8551,14.8547,14.8542,14.8542,14.8534,14.8514,14.8516,14.8513,14.8513,14.8505,14.8502,14.851,
Sun Apr 19 2020 05:39:59 GMT-0400 (Eastern Daylight Time)
14.8507,14.8523,14.8523,14.8523,14.8522,14.8529,14.8529,14.852,14.8521,14.8518,14.8518,14.8523,14.8519,14.8516,14.8513,14.8513,14.8503,14.851,14.851,14.851,14.8505,14.8516,14.8516,14.8516,14.8519,14.8509,14.8509,14.8506,14.8506,14.8527,14.8525,14.8519,14.8523,14.8529,14.8529,14.8529,14.8517,14.8516,14.852,14.8517,14.8519,14.854,14.854,14.8536,14.8536,14.8541,14.8553,14.855,14.8546,14.8542,14.8534,14.8536,14.8553,14.8555,14.8556,14.8553,14.8563,14.8553,14.855,14.8558,
Sun Apr 19 2020 05:40:59 GMT-0400 (Eastern Daylight Time)
14.8547,14.855,14.855,14.855,14.855,14.8548,14.8548,14.8551,14.8545,14.8545,14.8547,14.8547,14.8541,14.8537,14.8541,14.8541,14.8534,14.8535,14.8535,14.8533,14.8541,14.8546,14.8546,14.8539,14.8546,14.855,14.8551,14.8554,14.8551,14.8562,14.8559,14.8552,14.8552,14.8546,14.8546,14.855,14.8555,14.8551,14.8546,14.8548,14.8548,14.8556,14.8561,14.8561,14.8561,14.8563,14.8563,14.8545,14.855,14.8553,14.8559,14.8556,14.8551,14.8551,14.8557,14.8552,14.8554,14.8541,14.8548,14.8546,
Sun Apr 19 2020 05:41:59 GMT-0400 (Eastern Daylight Time)
14.8551,14.8532,14.8535,14.8533,14.8542,14.8533,14.8535,14.8528,14.8523,14.8516,14.8516,14.8513,14.8517,14.8506,14.8511,14.8511,14.8501,14.8501,14.8498,14.8498,14.8502,14.8505,14.8507,14.8504,14.8522,14.8525,14.8521,14.8521,14.8526,14.8521,14.8521,14.8513,14.8505,14.8508,14.8508,14.8504,14.8506,14.8498,14.8494,14.8478,14.8485,14.8498,14.8494,14.8494,14.8491,14.8497,14.8488,14.8484,14.8483,14.8498,14.8496,14.8499,14.8508,14.8502,14.8506,14.851,14.851,14.8513,14.8519,14.8519,
Sun Apr 19 2020 05:42:59 GMT-0400 (Eastern Daylight Time)
14.8521,14.8526,14.8526,14.8526,14.8536,14.8539,14.8535,14.8528,14.8528,14.854,14.8547,14.855,14.8553,14.8553,14.8562,14.8565,14.8561,14.8565,14.8571,14.857,14.8548,14.8551,14.8545,14.8541,14.8544,14.854,14.8537,14.8534,14.8537,14.8537,14.8506,14.8506,14.8491,14.8488,14.8485,14.8485,14.8464,14.8463,14.8463,14.8457,14.8459,14.8459,14.8462,14.8462,14.8466,14.8469,14.8471,14.8471,14.8462,14.8466,14.8461,14.8464,14.846,14.8464,14.8464,14.8448,14.8443,14.8443,14.8433,14.8433,
Sun Apr 19 2020 05:43:59 GMT-0400 (Eastern Daylight Time)
14.8433,14.8429,14.8436,14.8436,14.8434,14.8439,14.8439,14.8443,14.8437,14.8435,14.8436,14.8433,14.8433,14.8432,14.8432,14.8432,14.8432,14.8412,14.8418,14.8414,14.8414,14.8409,14.8404,14.8398,14.8392,14.8396,14.8415,14.8421,14.8421,14.8421,14.8425,14.8425,14.8425,14.8436,14.8427,14.8429,14.8431,14.8434,14.8419,14.8424,14.8424,14.8427,14.8427,14.843,14.84,14.8398,14.839,14.8379,14.8376,14.8372,14.8372,14.8374,14.8363,14.836,14.8352,14.8352,14.8352,14.8357,14.8363,14.8366,
Sun Apr 19 2020 05:44:59 GMT-0400 (Eastern Daylight Time)
14.836,14.8357,14.8347,14.8347,14.8351,14.8358,14.8359,14.8368,14.8368,14.8372,14.8373,14.8385,14.8385,14.8385,14.8383,14.8386,14.8383,14.8394,14.8374,14.8374,14.837,14.837,14.8374,14.8374,14.8379,14.8376,14.8373,14.8376,14.8376,14.8382,14.8382,14.8384,14.8374,14.8371,14.8356,14.836,14.8357,14.8357,14.8362,14.8366,14.8366,14.837,14.8371,14.8371,14.8397,14.8401,14.8401,14.8395,14.8402,14.8399,14.8398,14.8398,14.8402,14.8396,14.8394,14.8394,14.8395,14.8385,14.8382,14.8385,
Sun Apr 19 2020 05:45:59 GMT-0400 (Eastern Daylight Time)
14.8388,14.8386,14.8396,14.8396,14.8396,14.8426,14.8419,14.8433,14.8438,14.8438,14.8434,14.8439,14.8436,14.8433,14.8423,14.8423,14.8434,14.8434,14.8438,14.8436,14.8433,14.8433,14.8435,14.8435,14.8434,14.8439,14.8438,14.845,14.8446,14.8446,14.8446,14.8446,14.8446,14.8446,14.8457,14.847,14.8464,14.8464,14.8471,14.8473,14.8473,14.8476,14.8476,14.8478,14.8475,14.8475,14.8479,14.8477,14.8482,14.8479,14.8476,14.8476,14.848,14.8477,14.8485,14.8496,14.8502,14.8502,14.8501,14.8508,
Sun Apr 19 2020 05:46:59 GMT-0400 (Eastern Daylight Time)
14.8508,14.8504,14.8524,14.852,14.852,14.8521,14.8514,14.8508,14.8511,14.8508,14.8505,14.8505,14.8505,14.8507,14.852,14.8523,14.8531,14.8531,14.8546,14.8541,14.8541,14.8518,14.8524,14.852,14.8523,14.8526,14.8552,14.8552,14.8555,14.8562,14.8557,14.8557,14.856,14.8557,14.854,14.854,14.8547,14.853,14.8536,14.8545,14.8525,14.8525,14.8518,14.852,14.8523,14.8523,14.8526,14.852,14.8514,14.8514,14.8519,14.8526,14.8523,14.8517,14.8527,14.8524,14.8506,14.8503,14.852,14.8524,
Sun Apr 19 2020 05:47:59 GMT-0400 (Eastern Daylight Time)
14.8515,14.8518,14.8521,14.8513,14.8513,14.8513,14.8517,14.8514,14.8518,14.8523,14.8525,14.8521,14.8524,14.852,14.8525,14.8525,14.8527,14.8522,14.8527,14.8527,14.8519,14.8519,14.8513,14.8509,14.8515,14.8513,14.8515,14.8515,14.8521,14.8528,14.8524,14.8527,14.8529,14.8526,14.8529,14.8528,14.8528,14.8523,14.8509,14.8506,14.8506,14.8502,14.8504,14.8509,14.8517,14.8517,14.8511,14.8519,14.8519,14.8514,14.8509,14.8512,14.8512,14.8507,14.8517,14.8517,14.8509,14.8518,14.8518,14.8527,
Sun Apr 19 2020 05:48:59 GMT-0400 (Eastern Daylight Time)
14.8527,14.8515,14.852,14.8519,14.8519,14.8514,14.8514,14.8514,14.8517,14.8524,14.8533,14.8536,14.853,14.8536,14.8532,14.8533,14.8533,14.8533,14.8538,14.854,14.8547,14.8557,14.8557,14.8567,14.8571,14.8594,14.8594,14.8594,14.8601,14.8587,14.8581,14.8593,14.8598,14.8598,14.8598,14.8598,14.8607,14.8607,14.8607,14.8609,14.8605,14.8603,14.8607,14.8607,14.8607,14.8605,14.8603,14.8603,14.86,14.8598,14.8594,14.8594,14.8571,14.8576,14.8578,14.8573,14.8573,14.8573,14.8573,14.8569,
Sun Apr 19 2020 05:49:59 GMT-0400 (Eastern Daylight Time)
14.8569,14.8573,14.8574,14.8568,14.8564,14.8564,14.8549,14.8549,14.8552,14.8561,14.857,14.857,14.8578,14.8572,14.8569,14.8566,14.8566,14.8566,14.8556,14.856,14.8564,14.8577,14.858,14.8586,14.8582,14.8582,14.8599,14.8601,14.8597,14.8586,14.8589,14.8585,14.8589,14.8589,14.8581,14.8585,14.8569,14.8569,14.8572,14.8566,14.8566,14.8566,14.8563,14.8557,14.8557,14.8548,14.8551,14.8558,14.8567,14.8564,14.8554,14.8552,14.855,14.855,14.855,14.8553,14.855,14.8553,14.8549,14.8546,
Sun Apr 19 2020 05:50:59 GMT-0400 (Eastern Daylight Time)
14.8534,14.8537,14.8527,14.8527,14.8516,14.852,14.8522,14.8517,14.8517,14.8517,14.853,14.8527,14.8524,14.8524,14.852,14.8513,14.8513,14.851,14.851,14.8526,14.853,14.8522,14.8535,14.8529,14.8526,14.8526,14.8531,14.8536,14.8542,14.8547,14.8556,14.8551,14.8547,14.8547,14.855,14.8549,14.8552,14.8556,14.8568,14.8574,14.8564,14.8564,14.8563,14.8557,14.8555,14.8563,14.8563,14.8578,14.8562,14.8562,14.8559,14.8551,14.8521,14.8525,14.8522,14.8525,14.8525,14.8508,14.8511,14.8492,
Sun Apr 19 2020 05:51:59 GMT-0400 (Eastern Daylight Time)
14.8492,14.8501,14.8508,14.8508,14.8508,14.8515,14.8515,14.8518,14.8521,14.8524,14.8524,14.8525,14.8533,14.8533,14.853,14.8533,14.8525,14.8531,14.8527,14.8518,14.8515,14.8515,14.8511,14.8502,14.8505,14.8508,14.8503,14.8505,14.851,14.8514,14.8517,14.8513,14.8511,14.8507,14.8514,14.8525,14.8525,14.8521,14.8525,14.8523,14.8537,14.8541,14.8541,14.854,14.8543,14.8536,14.854,14.8544,14.8524,14.8524,14.8524,14.8527,14.8535,14.853,14.8535,14.852,14.8515,14.8527,14.8528,14.8528,
Sun Apr 19 2020 05:53:00 GMT-0400 (Eastern Daylight Time)
14.8528,14.8528,14.8525,14.8527,14.8524,14.8524,14.8527,14.8522,14.8516,14.851,14.8505,14.8504,14.8506,14.8511,14.8511,14.8514,14.8503,14.8491,14.8487,14.8491,14.8493,14.8493,14.8493,14.8499,14.8496,14.8499,14.8499,14.8499,14.8499,14.8496,14.8496,14.8496,14.849,14.8493,14.8493,14.8491,14.8475,14.8478,14.8479,14.8471,14.8473,14.8487,14.8479,14.8476,14.8467,14.8467,14.8467,14.847,14.8484,14.8484,14.8489,14.8482,14.8484,14.8481,14.8487,14.8481,14.8484,14.8484,14.8481,14.8482,
Sun Apr 19 2020 05:53:59 GMT-0400 (Eastern Daylight Time)
14.8482,14.8485,14.8493,14.8501,14.8507,14.851,14.8512,14.8516,14.8516,14.8512,14.8518,14.8521,14.8518,14.8511,14.8514,14.8511,14.851,14.8489,14.8489,14.8486,14.8476,14.8476,14.8486,14.8479,14.8479,14.8481,14.8492,14.8524,14.8534,14.853,14.853,14.8528,14.853,14.853,14.8528,14.8528,14.8525,14.8516,14.8516,14.852,14.8517,14.8522,14.8522,14.8523,14.8523,14.8515,14.8512,14.851,14.8506,14.8518,14.8518,14.8515,14.8515,14.8513,14.8516,14.8525,14.8525,14.8525,14.851,14.8518,
Sun Apr 19 2020 05:55:00 GMT-0400 (Eastern Daylight Time)
14.8517,14.8517,14.8517,14.8527,14.8532,14.8532,14.8532,14.8532,14.8551,14.8551,14.8548,14.8545,14.8539,14.8539,14.8549,14.8551,14.8545,14.8541,14.8541,14.8538,14.8542,14.8547,14.8547,14.8557,14.8549,14.8552,14.8561,14.8568,14.8568,14.8568,14.8574,14.8588,14.8591,14.8603,14.8613,14.8613,14.862,14.8617,14.8599,14.8607,14.8611,14.8611,14.8611,14.861,14.861,14.8613,14.8613,14.8621,14.8628,14.8644,14.865,14.8648,14.8644,14.8648,14.8648,14.8652,14.8643,14.864,14.8643,14.865,
Sun Apr 19 2020 05:56:00 GMT-0400 (Eastern Daylight Time)
14.865,14.8643,14.8633,14.8633,14.864,14.8644,14.8647,14.8647,14.8641,14.8637,14.8641,14.8638,14.8641,14.8654,14.8658,14.8666,14.8666,14.866,14.8663,14.8648,14.8648,14.865,14.8647,14.8648,14.864,14.8642,14.8637,14.8637,14.8637,14.8639,14.8647,14.8646,14.8643,14.864,14.8642,14.8642,14.8639,14.8643,14.8645,14.8643,14.8646,14.8649,14.8646,14.8646,14.8646,14.864,14.8644,14.8648,14.8653,14.8662,14.8662,14.8675,14.8665,14.8669,14.8667,14.8673,14.8673,14.8674,14.8669,14.8675,
Sun Apr 19 2020 05:57:00 GMT-0400 (Eastern Daylight Time)
14.8672,14.8672,14.8678,14.8673,14.8673,14.8673,14.8665,14.8658,14.8663,14.8651,14.8648,14.8648,14.8641,14.8641,14.8645,14.8639,14.8639,14.8647,14.8647,14.8663,14.866,14.8657,14.8657,14.8644,14.8651,14.8651,14.8654,14.8656,14.8652,14.8652,14.865,14.8655,14.8649,14.864,14.8637,14.8634,14.8657,14.8653,14.865,14.8647,14.865,14.8647,14.8647,14.8644,14.8638,14.8638,14.864,14.8644,14.864,14.864,14.8644,14.8651,14.8654,14.8645,14.8645,14.8653,14.8658,14.8651,14.8626,14.8629,
Sun Apr 19 2020 05:58:59 GMT-0400 (Eastern Daylight Time)
14.8629,14.8629,14.8631,14.8616,14.8616,14.8618,14.8618,14.8613,14.8593,14.8593,14.8612,14.8594,14.8594,14.8602,14.8602,14.8602,14.8604,14.8602,14.8602,14.86,14.8596,14.8596,14.8606,14.8606,14.8601,14.8604,14.8604,14.8604,14.8604,14.8618,14.8614,14.8617,14.8616,14.862,14.8617,14.862,14.8619,14.8621,14.8623,14.8627,14.8626,14.8631,14.8631,14.8645,14.864,14.8636,14.8636,14.865,14.8642,14.8664,14.8694,14.8689,14.8683,14.8686,14.8692,14.8697,14.8693,14.8689,14.8685,14.868,
Sun Apr 19 2020 06:00:00 GMT-0400 (Eastern Daylight Time)
14.8681,14.8677,14.8674,14.8681,14.8685,14.8717,14.8717,14.872,14.8723,14.8717,14.8714,14.871,14.8709,14.871,14.871,14.871,14.8704,14.8675,14.8678,14.8672,14.8669,14.867,14.8673,14.8652,14.8655,14.866,14.8669,14.8669,14.8681,14.869,14.8679,14.8696,14.8696,14.8696,14.8692,14.8689,14.8692,14.8699,14.8702,14.87,14.8693,14.8701,14.8703,14.87,14.8697,14.8682,14.8685,14.8685,14.8672,14.8665,14.8666,14.8667,14.8673,14.8669,14.8673,14.8678,14.8683,14.8657,14.8651,14.8653,
Sun Apr 19 2020 06:00:59 GMT-0400 (Eastern Daylight Time)
14.8662,14.8669,14.8669,14.8669,14.8669,14.8672,14.8672,14.8665,14.8665,14.8665,14.8665,14.8675,14.8679,14.8682,14.8682,14.8667,14.8658,14.8658,14.8658,14.8658,14.8662,14.8665,14.8665,14.8671,14.8674,14.8673,14.8673,14.8669,14.8687,14.8695,14.8698,14.8696,14.8706,14.8695,14.8695,14.8687,14.87,14.8703,14.8707,14.8705,14.8687,14.8681,14.8681,14.8685,14.8689,14.8694,14.8704,14.8707,14.8711,14.8711,14.8706,14.8702,14.8703,14.8697,14.8703,14.8703,14.8706,14.8707,14.8704,14.8701,
Sun Apr 19 2020 06:02:00 GMT-0400 (Eastern Daylight Time)
14.8701,14.8709,14.8709,14.8712,14.8706,14.8699,14.8692,14.8688,14.8691,14.8691,14.8691,14.869,14.869,14.8684,14.8683,14.8688,14.8666,14.8663,14.8667,14.8664,14.8667,14.8689,14.8691,14.8684,14.8672,14.8672,14.8665,14.8665,14.868,14.8684,14.8676,14.8673,14.8659,14.8662,14.8665,14.8665,14.8677,14.8682,14.8682,14.8685,14.8688,14.8685,14.8686,14.8686,14.8686,14.8685,14.8683,14.8683,14.8684,14.8678,14.8675,14.8678,14.8678,14.8675,14.8672,14.8672,14.8675,14.867,14.867,14.8668,
Sun Apr 19 2020 06:03:00 GMT-0400 (Eastern Daylight Time)
14.8664,14.8662,14.8662,14.8665,14.8665,14.8665,14.8659,14.8661,14.8671,14.8669,14.8672,14.865,14.865,14.8646,14.8651,14.8651,14.8649,14.8649,14.8646,14.8639,14.8645,14.8645,14.8642,14.8647,14.8653,14.865,14.8653,14.8655,14.866,14.866,14.8657,14.8667,14.8667,14.8671,14.8665,14.867,14.8683,14.8707,14.8709,14.8707,14.87,14.8703,14.8707,14.8707,14.871,14.8707,14.8707,14.8707,14.8713,14.871,14.8713,14.8713,14.8706,14.8703,14.8703,14.8696,14.8705,14.8709,14.8698,14.8698,
Sun Apr 19 2020 06:03:59 GMT-0400 (Eastern Daylight Time)
14.8705,14.8705,14.8698,14.8698,14.8698,14.8704,14.8702,14.8702,14.8713,14.872,14.8725,14.8736,14.8736,14.8736,14.8741,14.8738,14.8746,14.8751,14.8761,14.8759,14.8745,14.875,14.8758,14.8753,14.8781,14.8791,14.8797,14.8797,14.8808,14.8808,14.8805,14.8812,14.8815,14.8803,14.8806,14.8807,14.881,14.8815,14.8807,14.8807,14.8802,14.8802,14.8795,14.8791,14.8776,14.8773,14.878,14.8775,14.8779,14.8779,14.8784,14.8787,14.8787,14.8796,14.8796,14.8813,14.8817,14.8803,14.8803,14.8795,
Sun Apr 19 2020 06:04:59 GMT-0400 (Eastern Daylight Time)
14.8789,14.8789,14.8786,14.8776,14.8779,14.8779,14.8771,14.8771,14.8767,14.8769,14.877,14.877,14.876,14.8763,14.8757,14.8761,14.8758,14.8797,14.8797,14.88,14.8821,14.8814,14.8814,14.8817,14.8806,14.8809,14.8816,14.8816,14.8807,14.8812,14.8812,14.8809,14.8809,14.8795,14.8795,14.8786,14.8791,14.8784,14.8784,14.8802,14.8802,14.8797,14.8797,14.8801,14.8807,14.8818,14.8823,14.8807,14.8799,14.8803,14.8806,14.88,14.8792,14.8792,14.8782,14.8782,14.8786,14.8782,14.8778,14.8778,
Sun Apr 19 2020 06:05:59 GMT-0400 (Eastern Daylight Time)
14.8778,14.8775,14.8782,14.8782,14.8782,14.8784,14.8785,14.8784,14.8784,14.8785,14.8791,14.8798,14.8798,14.8798,14.8798,14.8795,14.8791,14.8799,14.8799,14.8799,14.8799,14.8799,14.8799,14.8783,14.8775,14.878,14.878,14.8786,14.8788,14.878,14.878,14.8793,14.8791,14.8781,14.8786,14.8786,14.8775,14.8773,14.877,14.8762,14.8762,14.8764,14.8761,14.8767,14.8763,14.8759,14.8759,14.8753,14.8753,14.8737,14.8725,14.8724,14.8724,14.8725,14.873,14.8739,14.8739,14.874,14.8737,14.8732,
Sun Apr 19 2020 06:06:59 GMT-0400 (Eastern Daylight Time)
14.8741,14.8743,14.8734,14.8734,14.8734,14.8757,14.8757,14.8757,14.8757,14.8757,14.8757,14.8755,14.8759,14.8765,14.8761,14.8771,14.8771,14.8762,14.8765,14.877,14.8777,14.8788,14.8778,14.8774,14.8764,14.8753,14.8752,14.8749,14.875,14.8755,14.8762,14.8771,14.8774,14.8762,14.877,14.877,14.8773,14.878,14.8789,14.8789,14.88,14.8811,14.8808,14.8808,14.8811,14.8814,14.8806,14.8814,14.8814,14.8812,14.8808,14.8809,14.8808,14.8808,14.8804,14.8804,14.8807,14.8798,14.8801,14.8796,
Sun Apr 19 2020 06:07:59 GMT-0400 (Eastern Daylight Time)
14.8797,14.8793,14.8793,14.879,14.879,14.879,14.8794,14.8798,14.8797,14.88,14.8823,14.8823,14.8832,14.8834,14.8834,14.8841,14.8847,14.8853,14.8855,14.8855,14.8851,14.8851,14.8848,14.8852,14.8852,14.8849,14.8832,14.8832,14.8824,14.8821,14.8821,14.8818,14.8813,14.8802,14.8802,14.8798,14.88,14.8799,14.8795,14.8791,14.8787,14.8785,14.8785,14.8776,14.8782,14.878,14.8769,14.8761,14.8757,14.8757,14.876,14.8752,14.8752,14.8756,14.8756,14.8756,14.8746,14.8744,14.8747,14.8747,
Sun Apr 19 2020 06:08:59 GMT-0400 (Eastern Daylight Time)
14.8739,14.8739,14.8739,14.8735,14.8742,14.8742,14.8754,14.8765,14.8762,14.876,14.8751,14.875,14.875,14.875,14.8762,14.8759,14.8753,14.8746,14.8751,14.8744,14.8741,14.8778,14.8775,14.8779,14.8779,14.8803,14.8799,14.8799,14.88,14.8795,14.8804,14.8804,14.8801,14.8804,14.8804,14.8806,14.8806,14.8817,14.8817,14.8812,14.8812,14.88,14.88,14.8796,14.8767,14.8762,14.8767,14.8764,14.8757,14.8749,14.8749,14.8743,14.8746,14.8754,14.8747,14.8747,14.8745,14.8745,14.8745,14.8747,
Sun Apr 19 2020 06:09:59 GMT-0400 (Eastern Daylight Time)
14.8734,14.8734,14.8734,14.8734,14.8741,14.8741,14.8741,14.8745,14.8742,14.8705,14.8703,14.8706,14.8709,14.8708,14.871,14.8719,14.8719,14.8719,14.8719,14.8716,14.8721,14.8732,14.8729,14.8724,14.8726,14.8723,14.873,14.8727,14.8731,14.874,14.8738,14.8741,14.875,14.8748,14.8748,14.8748,14.8754,14.8759,14.8759,14.8751,14.8751,14.8746,14.8749,14.876,14.8757,14.8752,14.8752,14.8757,14.8742,14.8744,14.8753,14.8753,14.8758,14.8763,14.8757,14.8757,14.8755,14.8755,14.8764,14.876,
Sun Apr 19 2020 06:10:59 GMT-0400 (Eastern Daylight Time)
14.8761,14.8751,14.8751,14.8751,14.874,14.874,14.8744,14.8746,14.8737,14.8731,14.8733,14.8736,14.873,14.8713,14.871,14.8724,14.8724,14.8729,14.8731,14.8736,14.8726,14.8726,14.8734,14.8731,14.8731,14.8724,14.8727,14.8727,14.8718,14.8728,14.8731,14.8731,14.8735,14.872,14.8716,14.8719,14.8723,14.8725,14.8725,14.8729,14.8719,14.8729,14.8729,14.8729,14.8734,14.8733,14.8725,14.8725,14.8725,14.8724,14.8729,14.8729,14.8733,14.8716,14.8731,14.8723,14.8723,14.8731,14.8728,14.8731,
Sun Apr 19 2020 06:11:59 GMT-0400 (Eastern Daylight Time)
14.8727,14.8731,14.8731,14.8731,14.8718,14.8714,14.8711,14.8715,14.8723,14.8724,14.8722,14.8722,14.8722,14.8723,14.8729,14.8717,14.8719,14.8719,14.8719,14.8721,14.8721,14.8736,14.8732,14.8729,14.8734,14.8729,14.8732,14.8737,14.8745,14.8748,14.8744,14.8744,14.8744,14.8747,14.8747,14.8749,14.8749,14.8749,14.8752,14.8748,14.875,14.8743,14.8727,14.8723,14.8719,14.8726,14.8728,14.8734,14.8737,14.8733,14.8722,14.8726,14.8713,14.8704,14.8708,14.8708,14.8698,14.8691,14.8698,14.8695,
Sun Apr 19 2020 06:12:59 GMT-0400 (Eastern Daylight Time)
14.87,14.87,14.87,14.8693,14.8693,14.8661,14.8675,14.8683,14.8692,14.8692,14.8689,14.8689,14.8686,14.868,14.8671,14.867,14.8675,14.8675,14.8673,14.8691,14.8683,14.8683,14.869,14.8688,14.8692,14.8686,14.8677,14.8636,14.8636,14.8624,14.8622,14.8611,14.8616,14.8613,14.8608,14.8616,14.8607,14.8604,14.8597,14.86,14.8602,14.8605,14.8578,14.8578,14.8578,14.8572,14.8578,14.8584,14.8587,14.8592,14.8589,14.8589,14.8606,14.8606,14.8614,14.8629,14.8627,14.8627,14.8626,14.8617,
Sun Apr 19 2020 06:13:59 GMT-0400 (Eastern Daylight Time)
14.8621,14.8627,14.863,14.8632,14.8632,14.8624,14.8619,14.8605,14.8609,14.8609,14.8616,14.8608,14.8611,14.8611,14.8609,14.8622,14.8601,14.8597,14.8593,14.8598,14.8597,14.8607,14.8607,14.862,14.8616,14.861,14.8607,14.8607,14.8607,14.8607,14.8607,14.8603,14.8593,14.8593,14.8598,14.8598,14.8589,14.8593,14.8585,14.8577,14.8577,14.8583,14.857,14.8573,14.8579,14.8576,14.8573,14.8573,14.858,14.8576,14.8571,14.8563,14.8563,14.8569,14.8571,14.8539,14.8539,14.8536,14.8538,14.8526,
Sun Apr 19 2020 06:15:00 GMT-0400 (Eastern Daylight Time)
14.853,14.853,14.8527,14.8521,14.8527,14.8527,14.8529,14.8519,14.8516,14.8523,14.8523,14.852,14.8529,14.8529,14.8534,14.8538,14.8535,14.8553,14.8562,14.8556,14.8549,14.8549,14.8553,14.8528,14.8531,14.8531,14.8531,14.8522,14.8525,14.8525,14.8535,14.8521,14.8515,14.8508,14.8534,14.853,14.8523,14.8513,14.8511,14.8514,14.8511,14.8511,14.8511,14.8506,14.8509,14.8509,14.8512,14.8511,14.8513,14.8513,14.8512,14.8512,14.8514,14.8516,14.8513,14.8525,14.8525,14.8516,14.8513,14.851,
Sun Apr 19 2020 06:15:59 GMT-0400 (Eastern Daylight Time)
14.8503,14.8506,14.8506,14.8506,14.8506,14.8496,14.8496,14.8492,14.8492,14.8488,14.8488,14.8481,14.8485,14.8499,14.8498,14.8503,14.851,14.8507,14.8503,14.8503,14.8503,14.8508,14.8512,14.8514,14.8507,14.8507,14.8507,14.8496,14.8528,14.8525,14.8535,14.854,14.854,14.8536,14.8533,14.8529,14.8538,14.8538,14.8538,14.8538,14.8536,14.8531,14.8531,14.8528,14.8533,14.8533,14.8548,14.8548,14.8548,14.8553,14.8553,14.8551,14.8531,14.8531,14.8533,14.852,14.8522,14.8523,14.8523,14.852,
Sun Apr 19 2020 06:16:59 GMT-0400 (Eastern Daylight Time)
14.8524,14.8524,14.8526,14.8524,14.8524,14.852,14.8519,14.8523,14.8523,14.8527,14.8524,14.8521,14.8514,14.851,14.8515,14.8515,14.8517,14.8513,14.8513,14.8506,14.8502,14.8506,14.8506,14.8512,14.8515,14.8515,14.8512,14.8512,14.8512,14.8509,14.851,14.8479,14.8482,14.848,14.8487,14.849,14.8487,14.8487,14.8479,14.8443,14.8434,14.8437,14.8437,14.8435,14.8438,14.8441,14.8441,14.8438,14.8436,14.843,14.8421,14.8428,14.843,14.8428,14.8425,14.8421,14.8416,14.842,14.8426,14.8427,
Sun Apr 19 2020 06:18:00 GMT-0400 (Eastern Daylight Time)
14.843,14.8434,14.8434,14.844,14.8445,14.8445,14.8448,14.8449,14.8449,14.8444,14.8446,14.8449,14.8442,14.8442,14.8435,14.8411,14.8406,14.8404,14.8398,14.84,14.84,14.8405,14.8407,14.8414,14.842,14.8425,14.8427,14.8427,14.8424,14.8424,14.8411,14.8403,14.8397,14.8399,14.8399,14.8399,14.8396,14.8396,14.8392,14.8392,14.8392,14.8389,14.8389,14.8389,14.8391,14.8391,14.8391,14.8391,14.8395,14.8395,14.8392,14.8399,14.8399,14.8402,14.8406,14.8398,14.84,14.8401,14.8429,14.8426,
Sun Apr 19 2020 06:18:59 GMT-0400 (Eastern Daylight Time)
14.8426,14.8429,14.8426,14.8433,14.8433,14.8451,14.8451,14.8464,14.8446,14.8446,14.8446,14.844,14.8444,14.8456,14.8456,14.8456,14.8456,14.8466,14.8461,14.8461,14.8456,14.8451,14.8447,14.8462,14.8458,14.8462,14.8456,14.845,14.845,14.8447,14.8454,14.8456,14.844,14.8436,14.8442,14.8439,14.8429,14.8425,14.841,14.8423,14.8425,14.8425,14.8441,14.8438,14.8443,14.844,14.8437,14.8429,14.8425,14.8421,14.8422,14.8422,14.8422,14.8424,14.8428,14.8413,14.8419,14.8417,14.8411,14.8416,
Sun Apr 19 2020 06:20:00 GMT-0400 (Eastern Daylight Time)
14.8418,14.842,14.8418,14.8415,14.841,14.8416,14.8413,14.8413,14.8416,14.8404,14.84,14.8403,14.8397,14.8424,14.8424,14.8418,14.842,14.8415,14.8415,14.8424,14.8424,14.8424,14.8424,14.8417,14.8413,14.8418,14.8434,14.8424,14.8428,14.8425,14.8431,14.8422,14.841,14.8433,14.8445,14.8445,14.8445,14.8438,14.8445,14.8438,14.8442,14.8438,14.8433,14.8429,14.8426,14.842,14.8379,14.8376,14.8378,14.8378,14.8378,14.8376,14.8376,14.837,14.8375,14.8375,14.8374,14.8371,14.8369,14.8369,
Sun Apr 19 2020 06:21:00 GMT-0400 (Eastern Daylight Time)
14.836,14.836,14.8358,14.8358,14.8358,14.8358,14.8334,14.8357,14.8357,14.8357,14.8363,14.8363,14.837,14.8378,14.8378,14.8378,14.8392,14.8391,14.8391,14.8391,14.8387,14.8387,14.8376,14.8372,14.8355,14.8355,14.8362,14.8357,14.8363,14.8363,14.8363,14.8372,14.8376,14.838,14.8383,14.8383,14.8387,14.8378,14.8378,14.8378,14.8367,14.8364,14.8364,14.837,14.8365,14.8361,14.8363,14.8342,14.8342,14.8347,14.8357,14.8377,14.8382,14.8375,14.8375,14.8376,14.8379,14.8379,14.8345,14.8345,
Sun Apr 19 2020 06:21:59 GMT-0400 (Eastern Daylight Time)
14.8349,14.8351,14.8349,14.8349,14.8349,14.8349,14.8349,14.8351,14.8374,14.8374,14.8372,14.8372,14.8367,14.8372,14.8381,14.8391,14.8391,14.8393,14.8396,14.8389,14.8389,14.8389,14.8415,14.8406,14.8413,14.841,14.8414,14.8408,14.841,14.841,14.8407,14.8407,14.8412,14.8405,14.8402,14.8407,14.8408,14.8404,14.8414,14.8395,14.8411,14.8411,14.8411,14.8414,14.8406,14.8403,14.841,14.8408,14.8397,14.8401,14.8401,14.8405,14.8414,14.8414,14.8417,14.8417,14.8413,14.841,14.8406,14.8412,
Sun Apr 19 2020 06:22:59 GMT-0400 (Eastern Daylight Time)
14.8404,14.8412,14.8412,14.8412,14.8411,14.8411,14.8411,14.8405,14.8401,14.8398,14.8398,14.8401,14.8401,14.8401,14.8401,14.8401,14.8404,14.8404,14.841,14.8396,14.8406,14.8412,14.8414,14.8419,14.8419,14.8419,14.8419,14.8419,14.8424,14.8424,14.8417,14.8422,14.8431,14.8421,14.8421,14.8422,14.8428,14.8448,14.8454,14.8454,14.8456,14.8452,14.845,14.845,14.845,14.8442,14.8447,14.8447,14.846,14.8468,14.8464,14.8462,14.8463,14.8463,14.8466,14.8466,14.8446,14.8442,14.8453,14.8443,
Sun Apr 19 2020 06:23:59 GMT-0400 (Eastern Daylight Time)
14.8468,14.8468,14.8471,14.8476,14.8482,14.8492,14.849,14.8498,14.8503,14.8503,14.8482,14.8482,14.8485,14.8502,14.8495,14.8479,14.8458,14.8462,14.8465,14.8462,14.8468,14.8477,14.8477,14.8474,14.8482,14.8476,14.8473,14.8461,14.8457,14.8455,14.846,14.8463,14.8461,14.8461,14.8465,14.8462,14.846,14.8466,14.8466,14.8456,14.8465,14.8472,14.8472,14.8472,14.847,14.8472,14.8476,14.8479,14.8471,14.8471,14.8472,14.849,14.8482,14.8479,14.8487,14.8483,14.8485,14.8487,14.8484,14.8481,
Sun Apr 19 2020 06:25:00 GMT-0400 (Eastern Daylight Time)
14.8483,14.848,14.848,14.8476,14.8476,14.8476,14.8469,14.8469,14.8472,14.8472,14.8475,14.8488,14.8488,14.8491,14.8492,14.8487,14.8484,14.8485,14.8485,14.8462,14.8468,14.8468,14.8468,14.846,14.8466,14.8462,14.8465,14.847,14.8447,14.8447,14.8445,14.845,14.8472,14.8466,14.8466,14.847,14.8466,14.8469,14.8469,14.8481,14.8477,14.8477,14.8477,14.8477,14.8474,14.847,14.8466,14.8462,14.8458,14.8458,14.848,14.8481,14.8472,14.847,14.8474,14.8467,14.847,14.8467,14.8472,14.8472,
Sun Apr 19 2020 06:25:59 GMT-0400 (Eastern Daylight Time)
14.8479,14.8475,14.8475,14.8475,14.8475,14.8468,14.8468,14.8468,14.8485,14.8486,14.8486,14.8473,14.8473,14.8461,14.8461,14.8465,14.8478,14.8478,14.8476,14.8472,14.8475,14.848,14.8475,14.8471,14.8482,14.8474,14.8474,14.8474,14.8473,14.8463,14.8472,14.848,14.8484,14.8484,14.848,14.8477,14.848,14.8478,14.847,14.8467,14.8441,14.8441,14.8438,14.8432,14.8435,14.8432,14.8432,14.8429,14.8429,14.843,14.843,14.8427,14.8438,14.8438,14.8432,14.8424,14.8417,14.8417,14.8409,14.8409,
Sun Apr 19 2020 06:27:00 GMT-0400 (Eastern Daylight Time)
14.8409,14.8407,14.8407,14.8407,14.8407,14.8418,14.8418,14.8414,14.843,14.842,14.842,14.8437,14.8441,14.8438,14.8445,14.8445,14.847,14.847,14.847,14.847,14.8469,14.8473,14.8511,14.8511,14.8507,14.8502,14.8502,14.8496,14.8484,14.848,14.8483,14.8481,14.8473,14.8476,14.8474,14.8463,14.8451,14.8449,14.8452,14.8456,14.8448,14.8455,14.8461,14.8461,14.8465,14.8468,14.8462,14.8458,14.8489,14.8468,14.8472,14.8474,14.8469,14.8465,14.8468,14.8472,14.8468,14.8484,14.848,14.8484,
Sun Apr 19 2020 06:27:59 GMT-0400 (Eastern Daylight Time)
14.8486,14.8488,14.8485,14.8485,14.8485,14.8478,14.8471,14.8473,14.8466,14.8455,14.8464,14.8464,14.8464,14.8464,14.8464,14.8464,14.846,14.8471,14.8467,14.8464,14.8464,14.8464,14.8462,14.8464,14.8461,14.8464,14.8464,14.8464,14.8472,14.847,14.8464,14.8464,14.8466,14.8466,14.8456,14.8456,14.8451,14.8436,14.8436,14.8439,14.8441,14.8444,14.8441,14.8444,14.8444,14.8439,14.8439,14.8439,14.8437,14.8433,14.8433,14.8433,14.8427,14.844,14.8434,14.843,14.8433,14.8437,14.8437,14.845,
Sun Apr 19 2020 06:28:59 GMT-0400 (Eastern Daylight Time)
14.845,14.8444,14.8444,14.8461,14.8464,14.846,14.846,14.8471,14.8473,14.8485,14.8481,14.8481,14.8478,14.848,14.8484,14.848,14.8479,14.8474,14.8483,14.8483,14.8483,14.8473,14.8482,14.8482,14.8479,14.8485,14.8485,14.8482,14.8482,14.8466,14.8469,14.8463,14.8465,14.8458,14.8451,14.8453,14.8456,14.8452,14.8454,14.8454,14.8461,14.8447,14.8452,14.8452,14.8453,14.8479,14.848,14.848,14.8483,14.8483,14.8481,14.8478,14.8478,14.8491,14.8504,14.851,14.8518,14.8521,14.8515,14.8521,
Sun Apr 19 2020 06:29:59 GMT-0400 (Eastern Daylight Time)
14.8511,14.8522,14.852,14.852,14.8516,14.8512,14.8499,14.8499,14.8505,14.851,14.8516,14.8519,14.8517,14.8508,14.8518,14.8516,14.8523,14.8523,14.8523,14.8519,14.8503,14.8508,14.8499,14.8507,14.8502,14.8509,14.8515,14.852,14.8525,14.8527,14.8523,14.852,14.852,14.8523,14.8535,14.8528,14.8528,14.8534,14.8534,14.8538,14.8535,14.8541,14.8542,14.8539,14.8539,14.854,14.8543,14.8547,14.8543,14.854,14.8545,14.8542,14.8542,14.8549,14.8549,14.855,14.855,14.856,14.8562,14.8556,
Sun Apr 19 2020 06:30:59 GMT-0400 (Eastern Daylight Time)
14.8556,14.8562,14.8562,14.8562,14.8562,14.8555,14.8555,14.8555,14.8555,14.8555,14.8552,14.856,14.8557,14.8543,14.8543,14.8528,14.8524,14.852,14.8517,14.8521,14.8521,14.8525,14.8525,14.8523,14.8514,14.8506,14.8506,14.8503,14.8495,14.8486,14.8486,14.8493,14.848,14.8488,14.8497,14.8488,14.8488,14.8493,14.8497,14.8495,14.8492,14.8481,14.8479,14.8489,14.8486,14.8499,14.8509,14.8512,14.8509,14.8502,14.8492,14.8488,14.8485,14.8488,14.8488,14.8487,14.8487,14.8509,14.8498,14.8495,
Sun Apr 19 2020 06:31:59 GMT-0400 (Eastern Daylight Time)
14.8499,14.8503,14.8506,14.8506,14.8519,14.8519,14.8517,14.8517,14.8527,14.8534,14.853,14.8535,14.8535,14.8532,14.8529,14.853,14.853,14.8536,14.8534,14.8534,14.8519,14.8519,14.8521,14.8524,14.853,14.8538,14.8541,14.8546,14.8546,14.8543,14.8539,14.8539,14.8535,14.854,14.8544,14.8546,14.8546,14.8538,14.8535,14.8544,14.8536,14.8539,14.8542,14.8542,14.8527,14.8529,14.8531,14.8536,14.8533,14.853,14.8533,14.8523,14.8521,14.8499,14.8504,14.8501,14.8491,14.8487,14.8487,14.8487,
