Thu Apr 16 2020 05:51:54 GMT-0400 (Eastern Daylight Time)
15.4652,15.4665,15.4665,15.4665,15.4665,15.4665,15.4662,15.4665,15.4665,15.4659,15.4668,15.4668,15.4654,15.4657,15.4657,15.466,15.466,15.4652,15.4661,15.4661,15.4659,15.4659,15.4665,15.467,15.467,15.4677,15.4684,15.4684,15.4684,15.4674,15.4674,15.4676,15.4678,15.4672,15.4676,15.4674,15.4672,15.4665,15.4663,15.4667,15.4664,15.466,15.4665,15.4662,15.4667,15.4672,15.4672,15.4683,15.4683,15.468,15.4676,15.4676,15.4672,15.4675,15.4675,15.4672,15.4668,15.4668,15.4663,15.466,
Thu Apr 16 2020 05:52:54 GMT-0400 (Eastern Daylight Time)
15.466,15.4663,15.4665,15.4665,15.4668,15.4668,15.4665,15.4665,15.4665,15.4664,15.4657,15.4654,15.4654,15.4647,15.4649,15.4645,15.4643,15.4645,15.4647,15.4651,15.4651,15.4649,15.4649,15.4644,15.4641,15.4645,15.4655,15.4651,15.4649,15.4652,15.4622,15.4626,15.4631,15.4598,15.4598,15.4595,15.4599,15.4594,15.4614,15.4607,15.4609,15.459,15.4587,15.4594,15.4597,15.4606,15.4606,15.4606,15.4603,15.4591,15.4601,15.4604,15.4604,15.4601,15.4597,15.4594,15.4594,15.4592,15.46,15.4606,
Thu Apr 16 2020 05:53:55 GMT-0400 (Eastern Daylight Time)
15.4606,15.4609,15.4612,15.4628,15.4625,15.4629,15.4621,15.4621,15.4624,15.4618,15.4621,15.4636,15.4633,15.4633,15.4629,15.4629,15.4629,15.4629,15.4634,15.4634,15.463,15.4624,15.4631,15.4636,15.4641,15.4645,15.4641,15.4632,15.4637,15.4637,15.464,15.464,15.4631,15.4631,15.4622,15.4622,15.4622,15.4619,15.4626,15.4613,15.4623,15.4614,15.4614,15.461,15.461,15.461,15.46,15.4598,15.4594,15.4586,15.4585,15.4588,15.4588,15.4591,15.4587,15.4592,15.4589,15.4603,15.4592,15.4592,
Thu Apr 16 2020 05:54:54 GMT-0400 (Eastern Daylight Time)
15.4581,15.4581,15.4582,15.4582,15.4582,15.4582,15.4582,15.4582,15.4637,15.4663,15.4675,15.4683,15.4683,15.4686,15.4693,15.4693,15.4683,15.4685,15.4687,15.4685,15.4685,15.4664,15.4662,15.4652,15.4643,15.4643,15.464,15.464,15.4643,15.4643,15.4647,15.4658,15.4663,15.4663,15.4674,15.4674,15.4679,15.4688,15.4691,15.4691,15.4694,15.4699,15.471,15.4713,15.4709,15.4699,15.4695,15.4695,15.4695,15.4695,15.4708,15.471,15.4717,15.4717,15.4707,15.4702,15.4706,15.4706,15.4708,15.4715,
Thu Apr 16 2020 05:55:54 GMT-0400 (Eastern Daylight Time)
15.472,15.4722,15.4708,15.4708,15.4708,15.4708,15.4708,15.4708,15.4713,15.4718,15.4718,15.4722,15.4722,15.4724,15.4718,15.4701,15.4695,15.4691,15.4684,15.4676,15.4678,15.4678,15.4665,15.4665,15.4665,15.4671,15.4664,15.4666,15.4663,15.4663,15.4674,15.4672,15.4667,15.4667,15.4677,15.4677,15.4672,15.4651,15.4636,15.464,15.4638,15.464,15.465,15.4644,15.4647,15.4647,15.465,15.465,15.4643,15.4649,15.4649,15.4649,15.4646,15.4646,15.4617,15.4611,15.4593,15.46,15.46,15.4602,
Thu Apr 16 2020 05:56:54 GMT-0400 (Eastern Daylight Time)
15.4605,15.4605,15.4605,15.461,15.4613,15.4613,15.4617,15.4621,15.4621,15.4623,15.4615,15.4615,15.4615,15.4605,15.4605,15.461,15.4607,15.462,15.4607,15.4608,15.4612,15.4612,15.4617,15.4616,15.4616,15.4619,15.4625,15.4617,15.4628,15.4628,15.4634,15.4631,15.4626,15.4626,15.4626,15.4624,15.4613,15.4613,15.4606,15.4607,15.4605,15.4598,15.4606,15.4606,15.4597,15.459,15.4594,15.4588,15.4592,15.4588,15.4592,15.4599,15.4591,15.4585,15.4617,15.4613,15.4621,15.4596,15.4596,15.4596,
Thu Apr 16 2020 05:57:54 GMT-0400 (Eastern Daylight Time)
15.459,15.4596,15.4597,15.4597,15.4597,15.4597,15.4626,15.4626,15.463,15.4633,15.4619,15.4627,15.4619,15.4617,15.4616,15.4613,15.4613,15.4604,15.4597,15.4602,15.4602,15.46,15.4597,15.4597,15.4597,15.4597,15.4604,15.4608,15.4611,15.4604,15.4601,15.4601,15.4597,15.4591,15.46,15.46,15.4583,15.4583,15.4596,15.4596,15.4596,15.4598,15.4604,15.4612,15.4612,15.4615,15.4618,15.4602,15.4602,15.4602,15.4602,15.46,15.4593,15.4596,15.4584,15.4581,15.4578,15.4578,15.4573,15.4605,
Thu Apr 16 2020 05:58:55 GMT-0400 (Eastern Daylight Time)
15.4608,15.4608,15.4599,15.4599,15.4595,15.4598,15.4603,15.46,15.4603,15.4598,15.4589,15.4585,15.4589,15.4586,15.4573,15.4573,15.4577,15.4574,15.4564,15.4564,15.4566,15.4562,15.4565,15.456,15.4557,15.4544,15.4537,15.4538,15.4534,15.4537,15.454,15.4545,15.4542,15.454,15.4533,15.4533,15.454,15.454,15.4539,15.4539,15.4539,15.4532,15.4537,15.4535,15.4544,15.4544,15.4551,15.4551,15.4551,15.4543,15.4541,15.4541,15.4546,15.4547,15.4553,15.456,15.4557,15.4554,15.4557,15.4561,
Thu Apr 16 2020 05:59:54 GMT-0400 (Eastern Daylight Time)
15.4558,15.4558,15.4558,15.4558,15.4558,15.4558,15.4558,15.4558,15.4558,15.454,15.4543,15.4543,15.4543,15.4543,15.4552,15.4552,15.4547,15.4547,15.4537,15.4529,15.4522,15.4519,15.4513,15.451,15.4513,15.4508,15.4504,15.4504,15.4504,15.4479,15.4471,15.4474,15.4474,15.4466,15.4461,15.4459,15.4469,15.4472,15.4482,15.4485,15.4485,15.4488,15.449,15.449,15.4493,15.45,15.4501,15.4499,15.4496,15.4491,15.4488,15.4484,15.4486,15.4481,15.4482,15.449,15.4492,15.449,15.4478,15.448,
Thu Apr 16 2020 06:00:54 GMT-0400 (Eastern Daylight Time)
15.4483,15.4485,15.4482,15.4482,15.4482,15.4475,15.4479,15.4479,15.4482,15.4476,15.4492,15.4492,15.4494,15.4494,15.4494,15.4496,15.4496,15.4491,15.4503,15.4503,15.4499,15.4491,15.4496,15.4496,15.4488,15.4488,15.4478,15.4471,15.4463,15.4467,15.4467,15.446,15.4454,15.4472,15.4478,15.4484,15.4484,15.4486,15.4483,15.4493,15.4493,15.4504,15.4507,15.4507,15.4502,15.4505,15.4512,15.4512,15.4512,15.4515,15.4521,15.453,15.4538,15.4544,15.4549,15.4545,15.4542,15.4549,15.4552,15.4537,
Thu Apr 16 2020 06:01:54 GMT-0400 (Eastern Daylight Time)
15.4546,15.4546,15.4543,15.4543,15.4548,15.4548,15.4563,15.456,15.457,15.457,15.4568,15.4568,15.4555,15.4555,15.4557,15.4557,15.4557,15.4557,15.4558,15.4558,15.4556,15.456,15.4551,15.4539,15.4542,15.4538,15.4546,15.4553,15.4555,15.4552,15.4552,15.4552,15.4553,15.4553,15.4557,15.4551,15.4545,15.4549,15.4555,15.4552,15.4555,15.4556,15.4553,15.4536,15.4525,15.4525,15.4519,15.4512,15.4513,15.4513,15.4516,15.4516,15.4519,15.4499,15.4507,15.4501,15.4503,15.4499,15.4529,15.4536,
Thu Apr 16 2020 06:02:54 GMT-0400 (Eastern Daylight Time)
15.4539,15.4539,15.4533,15.4533,15.4527,15.4527,15.4534,15.4538,15.4538,15.4535,15.4532,15.4528,15.453,15.453,15.4534,15.4518,15.452,15.4515,15.4513,15.4519,15.4517,15.4517,15.4519,15.4523,15.452,15.4518,15.4512,15.4512,15.4512,15.4507,15.451,15.4508,15.4512,15.4512,15.4513,15.4508,15.4509,15.4501,15.4499,15.4499,15.4496,15.4485,15.4475,15.4478,15.4478,15.4467,15.4464,15.4458,15.446,15.446,15.446,15.4461,15.4459,15.4487,15.4487,15.449,15.4509,15.4511,15.4505,15.4503,
Thu Apr 16 2020 06:03:54 GMT-0400 (Eastern Daylight Time)
15.4503,15.4502,15.451,15.451,15.451,15.451,15.4511,15.4509,15.451,15.4506,15.4509,15.4509,15.4505,15.4499,15.4493,15.45,15.4496,15.4492,15.4492,15.4492,15.4489,15.4485,15.4482,15.4476,15.4479,15.4482,15.4485,15.4483,15.4488,15.4488,15.4498,15.4501,15.4507,15.4511,15.4507,15.4508,15.4511,15.4516,15.4516,15.4514,15.4518,15.4518,15.4518,15.4509,15.4506,15.4503,15.4503,15.4501,15.4495,15.4495,15.4496,15.4493,15.4484,15.4484,15.4475,15.4478,15.4488,15.4488,15.449,15.4493,
Thu Apr 16 2020 06:04:54 GMT-0400 (Eastern Daylight Time)
15.4499,15.4499,15.4504,15.451,15.451,15.451,15.4513,15.4511,15.4517,15.4504,15.4501,15.4503,15.45,15.4508,15.4513,15.4506,15.4508,15.4494,15.4494,15.4483,15.4467,15.4464,15.4466,15.446,15.4465,15.4467,15.4463,15.4468,15.4468,15.4464,15.4464,15.4448,15.4441,15.4448,15.4445,15.4451,15.4454,15.4454,15.4444,15.4444,15.4449,15.4451,15.4449,15.444,15.4445,15.4454,15.4454,15.4453,15.4453,15.4449,15.4449,15.4446,15.4439,15.4434,15.4434,15.4429,15.4427,15.4427,15.442,15.4423,
Thu Apr 16 2020 06:05:54 GMT-0400 (Eastern Daylight Time)
15.4428,15.4436,15.4427,15.4427,15.4427,15.4427,15.4427,15.4447,15.4456,15.4436,15.4458,15.4467,15.4467,15.4467,15.4473,15.4477,15.4472,15.4472,15.4469,15.4457,15.4469,15.4461,15.4461,15.4453,15.4425,15.4422,15.4429,15.4431,15.4433,15.4433,15.4433,15.4454,15.4454,15.445,15.4457,15.4464,15.4467,15.4467,15.4467,15.4474,15.4471,15.4465,15.4465,15.4459,15.4459,15.4459,15.4453,15.4453,15.4455,15.4455,15.4451,15.4441,15.4443,15.4443,15.4443,15.4436,15.4433,15.4433,15.4436,15.4455,
Thu Apr 16 2020 06:06:54 GMT-0400 (Eastern Daylight Time)
15.4449,15.4449,15.4444,15.4444,15.4444,15.4444,15.4444,15.4444,15.445,15.4453,15.4452,15.448,15.4477,15.4486,15.4486,15.4479,15.4479,15.4475,15.4484,15.449,15.4493,15.4489,15.4489,15.4482,15.4482,15.4482,15.4486,15.449,15.4494,15.4494,15.4489,15.4484,15.4482,15.4479,15.4482,15.448,15.4488,15.4488,15.4488,15.4499,15.4495,15.45,15.4503,15.4506,15.4511,15.4509,15.4512,15.4516,15.4516,15.4518,15.4513,15.4509,15.4505,15.4507,15.451,15.4516,15.4509,15.4509,15.4511,15.4502,
Thu Apr 16 2020 06:08:55 GMT-0400 (Eastern Daylight Time)
15.4502,15.4499,15.4499,15.4499,15.4526,15.4523,15.4504,15.45,15.4495,15.4471,15.4471,15.4512,15.4468,15.4471,15.446,15.446,15.4474,15.447,15.4467,15.4467,15.4475,15.4484,15.4484,15.4494,15.4494,15.4491,15.4498,15.4473,15.4469,15.448,15.4483,15.4473,15.4473,15.4483,15.4481,15.4484,15.4487,15.4492,15.4502,15.4496,15.4493,15.4493,15.449,15.4513,15.4517,15.4515,15.4513,15.4513,15.4517,15.4515,15.451,15.4502,15.4502,15.4494,15.4494,15.4498,15.4498,15.4498,15.4499,15.4499,
Thu Apr 16 2020 06:09:54 GMT-0400 (Eastern Daylight Time)
15.4495,15.4495,15.4495,15.4491,15.4491,15.4491,15.4491,15.4491,15.4491,15.4491,15.4508,15.4508,15.4508,15.453,15.4543,15.4547,15.4538,15.4531,15.4531,15.4531,15.4532,15.4529,15.4532,15.4533,15.453,15.453,15.453,15.4522,15.4528,15.4507,15.4507,15.4515,15.4507,15.4504,15.4511,15.4505,15.4499,15.4502,15.4504,15.4498,15.4505,15.4505,15.4517,15.4514,15.4518,15.4517,15.4522,15.4508,15.4511,15.4502,15.4494,15.4494,15.4494,15.4491,15.4491,15.4487,15.4487,15.449,15.449,15.4494,
Thu Apr 16 2020 06:10:54 GMT-0400 (Eastern Daylight Time)
15.4495,15.4495,15.449,15.449,15.449,15.449,15.4488,15.4488,15.4487,15.4483,15.4489,15.448,15.4471,15.4463,15.4461,15.4461,15.4461,15.4463,15.4465,15.4464,15.446,15.4453,15.4456,15.4448,15.4451,15.4451,15.4451,15.4449,15.444,15.4445,15.4468,15.4458,15.4458,15.4452,15.4447,15.4448,15.4445,15.4445,15.4455,15.4462,15.4457,15.4457,15.4454,15.4458,15.4458,15.4461,15.4458,15.4456,15.4449,15.4449,15.4445,15.4433,15.4433,15.4428,15.4428,15.4457,15.4464,15.4464,15.4464,15.4456,
Thu Apr 16 2020 06:11:54 GMT-0400 (Eastern Daylight Time)
15.4484,15.4475,15.4471,15.4471,15.4467,15.4463,15.4461,15.448,15.448,15.4482,15.4482,15.4486,15.4482,15.4482,15.4485,15.4482,15.4482,15.4476,15.4476,15.4476,15.4476,15.4482,15.4486,15.4505,15.4508,15.4511,15.4509,15.4509,15.4508,15.4503,15.45,15.4508,15.4504,15.4501,15.4499,15.4495,15.45,15.4495,15.4498,15.4499,15.4499,15.4496,15.4496,15.4491,15.4491,15.4488,15.4497,15.4493,15.4495,15.4486,15.4486,15.4479,15.4479,15.4479,15.4484,15.4458,15.4462,15.4462,15.4462,15.4464,
Thu Apr 16 2020 06:12:54 GMT-0400 (Eastern Daylight Time)
15.4464,15.4458,15.4458,15.4458,15.4458,15.4458,15.4458,15.4458,15.4458,15.4451,15.4451,15.4451,15.4447,15.445,15.4454,15.4454,15.4457,15.4453,15.4453,15.4442,15.4445,15.4447,15.4449,15.4446,15.4451,15.4451,15.4447,15.4454,15.4458,15.4458,15.4461,15.4468,15.4473,15.4473,15.4464,15.447,15.4473,15.4481,15.4478,15.4481,15.4489,15.4493,15.4493,15.4497,15.4508,15.4508,15.4505,15.4505,15.4505,15.4502,15.4489,15.4481,15.4481,15.4473,15.4476,15.448,15.4478,15.4474,15.4501,15.4505,
Thu Apr 16 2020 06:13:55 GMT-0400 (Eastern Daylight Time)
15.45,15.4488,15.4488,15.4495,15.4495,15.4492,15.4487,15.4481,15.4481,15.4476,15.4474,15.4474,15.4474,15.4465,15.4465,15.4471,15.4479,15.4472,15.4469,15.4472,15.4476,15.4478,15.4482,15.4476,15.447,15.447,15.4465,15.4454,15.4456,15.4454,15.4454,15.4447,15.4451,15.4448,15.4445,15.4448,15.4451,15.4462,15.4458,15.4458,15.4444,15.4447,15.4445,15.4444,15.4437,15.444,15.444,15.4445,15.4446,15.4446,15.4448,15.4444,15.444,15.444,15.4439,15.4443,15.4441,15.4443,15.4448,15.4446,
Thu Apr 16 2020 06:14:54 GMT-0400 (Eastern Daylight Time)
15.4446,15.445,15.445,15.4442,15.4442,15.4452,15.4445,15.4447,15.4447,15.445,15.4452,15.4448,15.4448,15.446,15.446,15.4458,15.4456,15.4456,15.4459,15.4459,15.4456,15.4453,15.4453,15.445,15.4446,15.4432,15.4432,15.4431,15.4422,15.4427,15.4425,15.4425,15.4431,15.4433,15.4433,15.4433,15.4429,15.4429,15.4429,15.4417,15.442,15.4417,15.4417,15.4422,15.442,15.4425,15.4422,15.4422,15.4427,15.443,15.4434,15.4434,15.4438,15.4443,15.4443,15.4446,15.4443,15.4448,15.4453,15.4458,
Thu Apr 16 2020 06:15:54 GMT-0400 (Eastern Daylight Time)
15.4449,15.4453,15.4463,15.4463,15.4463,15.4463,15.4463,15.4475,15.4472,15.4475,15.4472,15.4475,15.4478,15.4486,15.4495,15.4498,15.449,15.4489,15.4483,15.4487,15.4471,15.4471,15.4464,15.4464,15.4472,15.4477,15.4477,15.4455,15.4448,15.4448,15.4446,15.4448,15.4452,15.4452,15.4443,15.444,15.444,15.4434,15.4433,15.4429,15.4432,15.4435,15.4467,15.4472,15.4472,15.4466,15.4468,15.447,15.4473,15.4471,15.4478,15.447,15.4457,15.4461,15.4461,15.4461,15.4464,15.4468,15.4472,15.4469,
Thu Apr 16 2020 06:16:54 GMT-0400 (Eastern Daylight Time)
15.4467,15.4463,15.4465,15.4465,15.4472,15.4468,15.4465,15.4469,15.4459,15.4464,15.4461,15.4479,15.4476,15.4476,15.4471,15.447,15.448,15.4483,15.448,15.4476,15.4476,15.4474,15.4473,15.4473,15.4488,15.4488,15.4484,15.4484,15.4482,15.4482,15.4472,15.4468,15.4468,15.4468,15.4472,15.4472,15.448,15.4484,15.4484,15.4491,15.4503,15.4503,15.4503,15.4497,15.45,15.4495,15.4495,15.4497,15.4491,15.4469,15.4468,15.4468,15.4453,15.4449,15.4449,15.4447,15.4447,15.4442,15.4438,15.4435,
Thu Apr 16 2020 06:17:54 GMT-0400 (Eastern Daylight Time)
15.4428,15.4425,15.4416,15.4417,15.4417,15.4427,15.4427,15.4422,15.443,15.443,15.4435,15.4425,15.4425,15.4422,15.4422,15.4413,15.4425,15.4428,15.4428,15.4428,15.4428,15.4428,15.4427,15.4434,15.4435,15.4442,15.4445,15.4437,15.444,15.4442,15.4442,15.4442,15.444,15.444,15.4445,15.445,15.4448,15.4448,15.4451,15.4448,15.4453,15.4451,15.4451,15.4451,15.4446,15.4446,15.4449,15.4449,15.4446,15.4453,15.4453,15.4453,15.445,15.445,15.445,15.4452,15.4447,15.4442,15.4459,15.4459,
Thu Apr 16 2020 06:20:54 GMT-0400 (Eastern Daylight Time)
15.4485,15.4485,15.4485,15.4481,15.4481,15.4474,15.4461,15.4461,15.4468,15.4468,15.4473,15.4473,15.4464,15.4468,15.4465,15.4465,15.4455,15.4458,15.4461,15.4461,15.4461,15.4468,15.4468,15.4468,15.4456,15.4468,15.4458,15.4462,15.4464,15.4469,15.4473,15.4471,15.4478,15.4486,15.4495,15.4495,15.4505,15.4508,15.451,15.451,15.4513,15.4521,15.4521,15.4518,15.4518,15.4522,15.4522,15.4524,15.4524,15.4529,15.4524,15.4528,15.4538,15.4538,15.4538,15.4538,15.4533,15.4533,15.4531,15.4547,
Thu Apr 16 2020 06:21:54 GMT-0400 (Eastern Daylight Time)
15.4547,15.454,15.454,15.454,15.456,15.456,15.4572,15.4572,15.4579,15.4581,15.4584,15.4584,15.457,15.4572,15.4566,15.457,15.4579,15.4579,15.4576,15.4579,15.4577,15.4553,15.4555,15.4558,15.4575,15.4575,15.457,15.4567,15.4564,15.456,15.4556,15.4556,15.4561,15.4567,15.4564,15.4571,15.457,15.457,15.4567,15.4567,15.4569,15.4567,15.4568,15.4573,15.4562,15.4565,15.4558,15.4558,15.4569,15.4566,15.4556,15.4558,15.4545,15.454,15.4533,15.4533,15.4521,15.4521,15.4523,15.4513,
Thu Apr 16 2020 06:22:54 GMT-0400 (Eastern Daylight Time)
15.451,15.4514,15.4514,15.4503,15.451,15.451,15.45,15.4504,15.4502,15.4491,15.4494,15.4489,15.4483,15.4487,15.4487,15.4496,15.4492,15.4477,15.448,15.4475,15.4474,15.4479,15.4479,15.4471,15.4443,15.4433,15.443,15.4426,15.4432,15.4432,15.4428,15.4428,15.443,15.443,15.443,15.4425,15.4412,15.4412,15.4412,15.4409,15.4402,15.4402,15.4395,15.4395,15.4392,15.4395,15.4389,15.4392,15.4389,15.4389,15.4396,15.4398,15.4401,15.4392,15.4394,15.4391,15.4391,15.4382,15.4385,15.4384,
Thu Apr 16 2020 06:23:55 GMT-0400 (Eastern Daylight Time)
15.438,15.4372,15.4372,15.4372,15.438,15.4384,15.4386,15.4384,15.4387,15.4391,15.4391,15.4385,15.438,15.438,15.4388,15.4392,15.4393,15.4393,15.4396,15.4403,15.4391,15.4391,15.4396,15.4393,15.4387,15.4384,15.4391,15.4393,15.4381,15.4381,15.4375,15.4375,15.4369,15.4361,15.4356,15.4348,15.4355,15.4355,15.436,15.4357,15.436,15.4357,15.4363,15.4368,15.4368,15.4368,15.438,15.4376,15.4373,15.4369,15.4369,15.4367,15.4379,15.4379,15.4379,15.4372,15.4381,15.4376,15.4386,15.4386,
Thu Apr 16 2020 06:24:54 GMT-0400 (Eastern Daylight Time)
15.4386,15.4386,15.4386,15.4386,15.4386,15.4341,15.4346,15.4337,15.4333,15.4328,15.433,15.4328,15.4322,15.4326,15.433,15.4327,15.433,15.4333,15.4343,15.4343,15.434,15.434,15.434,15.434,15.4336,15.4336,15.4327,15.433,15.433,15.4346,15.4349,15.4349,15.4346,15.4355,15.4367,15.4361,15.4369,15.436,15.436,15.435,15.435,15.435,15.435,15.435,15.4354,15.4349,15.4354,15.4348,15.4343,15.4347,15.434,15.434,15.433,15.433,15.433,15.433,15.4324,15.4324,15.4325,15.4325,
Thu Apr 16 2020 06:25:54 GMT-0400 (Eastern Daylight Time)
15.4325,15.4331,15.4331,15.4331,15.4331,15.4335,15.4327,15.4327,15.4327,15.4331,15.4323,15.4322,15.4322,15.4325,15.4325,15.4323,15.4323,15.4325,15.4325,15.4325,15.4325,15.4325,15.4325,15.4324,15.4327,15.4358,15.4377,15.4385,15.4385,15.4387,15.4395,15.439,15.4395,15.4416,15.4424,15.442,15.442,15.4426,15.4432,15.4425,15.4434,15.4416,15.4416,15.4416,15.4413,15.4413,15.4425,15.4425,15.4425,15.4434,15.4431,15.4435,15.4439,15.4432,15.4428,15.4428,15.4424,15.4418,15.4416,15.4414,
Thu Apr 16 2020 06:26:54 GMT-0400 (Eastern Daylight Time)
15.4425,15.4413,15.441,15.441,15.4406,15.4411,15.4408,15.4416,15.4416,15.441,15.441,15.4407,15.4406,15.4401,15.4401,15.4405,15.4407,15.4407,15.4407,15.4416,15.4422,15.4425,15.4425,15.4427,15.443,15.4433,15.4434,15.4429,15.4427,15.4431,15.4441,15.4445,15.4445,15.4452,15.4456,15.4456,15.4462,15.4475,15.4477,15.4479,15.4473,15.4463,15.4448,15.4451,15.4454,15.4454,15.4454,15.4457,15.4461,15.4472,15.4472,15.4454,15.4454,15.448,15.448,15.4466,15.4464,15.447,15.4476,15.4476,
Thu Apr 16 2020 06:27:54 GMT-0400 (Eastern Daylight Time)
15.4473,15.4471,15.4471,15.4471,15.4484,15.4478,15.4476,15.4479,15.4487,15.4462,15.4467,15.447,15.4473,15.448,15.4483,15.45,15.45,15.4504,15.4507,15.4482,15.4499,15.4503,15.4494,15.4512,15.4514,15.4512,15.4519,15.4524,15.4521,15.4516,15.4522,15.4522,15.4517,15.4528,15.4517,15.4515,15.4515,15.4524,15.4529,15.4522,15.4527,15.4537,15.4532,15.4532,15.4525,15.4535,15.4535,15.4527,15.4527,15.4527,15.4527,15.4521,15.4521,15.4524,15.4524,15.4504,15.4478,15.4473,15.4476,15.4473,
Thu Apr 16 2020 06:28:54 GMT-0400 (Eastern Daylight Time)
15.4473,15.4475,15.4468,15.4468,15.4476,15.4478,15.4487,15.4484,15.4506,15.4505,15.4502,15.4503,15.4503,15.4497,15.4497,15.4508,15.4506,15.4509,15.4506,15.4506,15.4509,15.4508,15.4502,15.4499,15.4505,15.4506,15.4513,15.4513,15.4513,15.4491,15.4489,15.4513,15.4516,15.4519,15.4522,15.4519,15.4521,15.4524,15.4529,15.4529,15.4529,15.4512,15.4515,15.4511,15.4513,15.4513,15.4513,15.4516,15.4516,15.4513,15.4509,15.4512,15.4512,15.4514,15.4514,15.4516,15.4513,15.4515,15.452,15.4528,
Thu Apr 16 2020 06:29:54 GMT-0400 (Eastern Daylight Time)
15.4528,15.4527,15.4537,15.4537,15.4539,15.4539,15.4542,15.4534,15.4534,15.4539,15.4539,15.4541,15.4541,15.4541,15.454,15.454,15.4543,15.4547,15.4555,15.4531,15.4531,15.4534,15.4536,15.4553,15.4557,15.4561,15.4559,15.457,15.4586,15.4594,15.4592,15.4592,15.4592,15.4597,15.4597,15.4594,15.4603,15.4611,15.4625,15.4622,15.4619,15.4608,15.461,15.461,15.4607,15.4603,15.4603,15.4603,15.46,15.4595,15.4599,15.4604,15.4604,15.4607,15.4607,15.4607,15.4607,15.4608,15.4606,15.4617,
Thu Apr 16 2020 06:30:54 GMT-0400 (Eastern Daylight Time)
15.4617,15.4617,15.4617,15.4617,15.4629,15.4626,15.4617,15.4619,15.4623,15.4612,15.4609,15.4607,15.4602,15.4594,15.4579,15.4579,15.4582,15.4582,15.4584,15.4582,15.4586,15.4588,15.4583,15.4589,15.4589,15.4589,15.4589,15.4586,15.4586,15.4606,15.4606,15.4606,15.4606,15.4613,15.4609,15.4615,15.4621,15.4627,15.4629,15.4623,15.4623,15.4617,15.4621,15.463,15.4627,15.4657,15.4657,15.4661,15.4664,15.468,15.4688,15.4697,15.4696,15.47,15.47,15.4704,15.4704,15.4689,15.4689,15.4686,
Thu Apr 16 2020 06:31:54 GMT-0400 (Eastern Daylight Time)
15.4686,15.4683,15.4683,15.4683,15.4683,15.4687,15.4694,15.4689,15.4693,15.4691,15.4691,15.4685,15.4685,15.4671,15.4678,15.4686,15.468,15.4686,15.4686,15.4686,15.4683,15.468,15.4678,15.4678,15.4663,15.4668,15.4665,15.4675,15.4672,15.4647,15.465,15.465,15.4657,15.4679,15.4679,15.4682,15.4679,15.4672,15.4672,15.4666,15.4669,15.4673,15.4655,15.4655,15.4647,15.465,15.4646,15.4642,15.4642,15.4648,15.4652,15.4676,15.4672,15.4671,15.4674,15.4684,15.4684,15.4678,15.4682,15.468,
Thu Apr 16 2020 06:32:54 GMT-0400 (Eastern Daylight Time)
15.4676,15.4675,15.4675,15.4686,15.4686,15.47,15.4697,15.4687,15.47,15.4696,15.4692,15.4684,15.4681,15.4677,15.4671,15.4674,15.4674,15.4679,15.471,15.4707,15.4713,15.4722,15.4726,15.4723,15.4723,15.4718,15.4721,15.4711,15.4706,15.4706,15.4697,15.4693,15.4693,15.47,15.4695,15.4692,15.4696,15.4696,15.4699,15.4717,15.4713,15.471,15.4713,15.4708,15.47,15.47,15.4701,15.4707,15.4685,15.4686,15.4684,15.4689,15.4689,15.4686,15.4683,15.4688,15.4693,15.4693,15.4684,15.4683,
Thu Apr 16 2020 06:33:54 GMT-0400 (Eastern Daylight Time)
15.4687,15.4687,15.4687,15.4687,15.47,15.4705,15.4708,15.4703,15.4709,15.4709,15.4701,15.4701,15.4701,15.4707,15.4704,15.4702,15.4706,15.4706,15.4712,15.472,15.4713,15.471,15.4707,15.4697,15.4697,15.4674,15.4674,15.4669,15.4674,15.4674,15.4675,15.4675,15.4675,15.4666,15.467,15.467,15.467,15.4665,15.4664,15.466,15.4671,15.4668,15.4665,15.4665,15.4669,15.4666,15.4668,15.4685,15.4676,15.4679,15.4671,15.4683,15.4677,15.4677,15.468,15.4677,15.4677,15.4677,15.4664,15.4668,
Thu Apr 16 2020 06:34:54 GMT-0400 (Eastern Daylight Time)
15.4668,15.4668,15.4672,15.4692,15.4697,15.4704,15.4704,15.4701,15.4699,15.4699,15.4702,15.4702,15.4697,15.4697,15.4702,15.4702,15.4707,15.4711,15.4704,15.4704,15.4707,15.4705,15.4702,15.4698,15.4705,15.4712,15.4696,15.4699,15.4702,15.47,15.4703,15.4703,15.4703,15.4703,15.4707,15.4705,15.4709,15.4706,15.4707,15.4712,15.4707,15.4704,15.4701,15.4705,15.4707,15.4707,15.4712,15.4714,15.4714,15.4734,15.4729,15.4734,15.4738,15.4743,15.4743,15.4746,15.4746,15.4752,15.4742,15.4734,
Thu Apr 16 2020 06:35:54 GMT-0400 (Eastern Daylight Time)
15.4739,15.4739,15.4744,15.4744,15.4741,15.4741,15.4731,15.4727,15.4737,15.4737,15.474,15.474,15.4729,15.4729,15.474,15.4745,15.4745,15.4745,15.4748,15.4748,15.4748,15.4748,15.4745,15.4751,15.4751,15.4752,15.4752,15.4752,15.4754,15.4747,15.4756,15.476,15.476,15.476,15.4763,15.4763,15.4766,15.4777,15.4777,15.4769,15.4762,15.4751,15.4756,15.4771,15.4772,15.4786,15.474,15.474,15.4738,15.4738,15.473,15.473,15.4735,15.4728,15.4723,15.4723,15.4728,15.4724,15.4724,15.4724,
Thu Apr 16 2020 06:36:54 GMT-0400 (Eastern Daylight Time)
15.4724,15.4724,15.472,15.472,15.4715,15.4715,15.4715,15.4715,15.472,15.472,15.472,15.472,15.472,15.472,15.4716,15.4716,15.4716,15.4716,15.4724,15.4733,15.4733,15.4733,15.4733,15.4733,15.4741,15.4741,15.4738,15.4738,15.4738,15.4747,15.4745,15.4745,15.474,15.4744,15.4744,15.4744,15.4744,15.4749,15.4745,15.4745,15.4752,15.4752,15.4749,15.4746,15.4746,15.4754,15.4751,15.4751,15.4751,15.4757,15.4757,15.4753,15.476,15.476,15.4767,15.4774,15.4774,15.4773,15.4797,15.4804,
Thu Apr 16 2020 06:37:54 GMT-0400 (Eastern Daylight Time)
15.4804,15.4804,15.4815,15.4788,15.4788,15.4785,15.4785,15.4779,15.4773,15.4773,15.4776,15.4782,15.4786,15.4783,15.4778,15.4776,15.4796,15.4793,15.4792,15.4792,15.4807,15.481,15.4813,15.4813,15.4819,15.4816,15.4816,15.4816,15.4816,15.4816,15.4824,15.482,15.4827,15.483,15.4832,15.4828,15.4837,15.484,15.483,15.4833,15.4827,15.483,15.4827,15.4833,15.4819,15.4828,15.4821,15.4825,15.4825,15.4825,15.4826,15.4826,15.4828,15.4819,15.4825,15.4827,15.4833,15.4832,15.483,15.4827,
Thu Apr 16 2020 06:38:54 GMT-0400 (Eastern Daylight Time)
15.483,15.4815,15.4815,15.4815,15.481,15.481,15.4821,15.4819,15.4825,15.4823,15.4838,15.4833,15.4833,15.4828,15.482,15.482,15.482,15.4828,15.4833,15.4831,15.4823,15.4816,15.4828,15.4828,15.4835,15.4834,15.4833,15.4837,15.4841,15.4832,15.4829,15.4829,15.4827,15.4821,15.4823,15.4825,15.4825,15.4813,15.4811,15.4814,15.4823,15.4826,15.4826,15.4829,15.4829,15.4832,15.4831,15.4834,15.4804,15.4807,15.4818,15.4814,15.4814,15.4817,15.4811,15.4806,15.4812,15.4815,15.481,15.4814,
Thu Apr 16 2020 06:39:54 GMT-0400 (Eastern Daylight Time)
15.4814,15.4821,15.4821,15.4821,15.4832,15.4832,15.4824,15.4821,15.4814,15.4814,15.4806,15.4806,15.4812,15.4816,15.483,15.4832,15.4832,15.4841,15.4841,15.4856,15.4864,15.4863,15.4863,15.4863,15.4863,15.4866,15.486,15.486,15.4856,15.486,15.4843,15.484,15.484,15.4836,15.4834,15.4838,15.4842,15.4845,15.485,15.4852,15.4854,15.4851,15.4851,15.4851,15.4841,15.4839,15.4835,15.4833,15.483,15.4834,15.4828,15.4826,15.4824,15.4827,15.4845,15.4842,15.4842,15.484,15.484,15.4843,
Thu Apr 16 2020 06:40:54 GMT-0400 (Eastern Daylight Time)
15.4847,15.4847,15.4839,15.4839,15.4839,15.4845,15.485,15.485,15.4855,15.4858,15.4863,15.4863,15.4867,15.4865,15.4863,15.4863,15.487,15.4872,15.4872,15.4872,15.4869,15.4862,15.4864,15.4868,15.4864,15.4867,15.485,15.4853,15.4855,15.4857,15.4841,15.4839,15.4833,15.4842,15.4842,15.4841,15.4844,15.4847,15.4847,15.4847,15.485,15.4844,15.4841,15.4841,15.4841,15.4847,15.4849,15.4852,15.4852,15.486,15.4832,15.4832,15.4827,15.4838,15.483,15.4825,15.483,15.483,15.483,15.4835,
Thu Apr 16 2020 06:41:54 GMT-0400 (Eastern Daylight Time)
15.482,15.482,15.4816,15.4802,15.4802,15.4802,15.4811,15.4808,15.4808,15.4801,15.4804,15.4807,15.4817,15.4817,15.482,15.4823,15.4823,15.4795,15.4778,15.4774,15.4779,15.4784,15.4784,15.4794,15.4794,15.4813,15.4801,15.4797,15.4814,15.4817,15.4817,15.4812,15.482,15.4818,15.4814,15.4814,15.4814,15.4814,15.4818,15.4818,15.4818,15.4828,15.4828,15.4836,15.4825,15.4821,15.4824,15.4827,15.4822,15.4822,15.4821,15.4823,15.4823,15.4849,15.4853,15.4848,15.4842,15.4842,15.4834,15.4834,
Thu Apr 16 2020 06:42:54 GMT-0400 (Eastern Daylight Time)
15.4806,15.4795,15.4797,15.4797,15.4805,15.4805,15.4801,15.4808,15.4805,15.4805,15.4784,15.4771,15.4771,15.4771,15.4773,15.475,15.4746,15.4743,15.4743,15.4749,15.4758,15.4752,15.4752,15.474,15.4734,15.4734,15.4729,15.4742,15.4751,15.4751,15.4758,15.4761,15.4766,15.4763,15.4761,15.4758,15.476,15.4757,15.4768,15.4783,15.4776,15.4772,15.4775,15.4777,15.4777,15.476,15.4751,15.4751,15.4755,15.4752,15.4749,15.4753,15.4753,15.4753,15.476,15.476,15.4766,15.4767,15.4788,15.4791,
Thu Apr 16 2020 06:43:55 GMT-0400 (Eastern Daylight Time)
15.4794,15.4794,15.4794,15.4787,15.479,15.479,15.4787,15.4787,15.4757,15.476,15.476,15.4766,15.4758,15.4758,15.4758,15.4746,15.4754,15.4754,15.4751,15.4751,15.4741,15.4744,15.4742,15.4747,15.4744,15.4744,15.4744,15.4719,15.4719,15.4724,15.4728,15.4726,15.4723,15.4723,15.4723,15.4723,15.473,15.473,15.4721,15.4716,15.4713,15.4716,15.4716,15.4712,15.4684,15.4684,15.4684,15.4681,15.4676,15.4692,15.4684,15.4693,15.4688,15.4679,15.4679,15.4678,15.4675,15.4668,15.4668,15.4658,
Thu Apr 16 2020 06:44:54 GMT-0400 (Eastern Daylight Time)
15.4653,15.4646,15.4644,15.4644,15.4651,15.4659,15.4659,15.4662,15.4659,15.4659,15.4668,15.4675,15.467,15.4662,15.465,15.4642,15.4642,15.4632,15.4632,15.4632,15.4629,15.4638,15.4637,15.4632,15.4634,15.4626,15.4621,15.4617,15.4617,15.4617,15.4609,15.4609,15.4612,15.4608,15.4609,15.4607,15.461,15.4607,15.4608,15.4608,15.4608,15.461,15.4608,15.4602,15.4602,15.459,15.459,15.4578,15.4582,15.4588,15.457,15.4567,15.4564,15.4567,15.4569,15.4561,15.4559,15.4557,15.4557,15.4557,
Thu Apr 16 2020 06:45:54 GMT-0400 (Eastern Daylight Time)
15.4557,15.4554,15.4551,15.4557,15.4557,15.4557,15.4557,15.4554,15.4562,15.4562,15.4562,15.4572,15.4572,15.4572,15.457,15.457,15.4573,15.4573,15.4568,15.4571,15.4578,15.4578,15.4578,15.4597,15.4597,15.4595,15.4593,15.4593,15.4593,15.4585,15.4582,15.4585,15.4598,15.459,15.4593,15.4593,15.4596,15.46,15.46,15.4601,15.4601,15.4605,15.4592,15.4597,15.4597,15.4585,15.4583,15.4586,15.4584,15.4586,15.4588,15.4588,15.459,15.4584,15.4589,15.4591,15.4588,15.4591,15.4602,15.4589,
Thu Apr 16 2020 06:46:54 GMT-0400 (Eastern Daylight Time)
15.4575,15.458,15.4577,15.4565,15.4561,15.4561,15.4558,15.4551,15.4547,15.4546,15.4546,15.4541,15.4538,15.4541,15.4529,15.4526,15.4536,15.4547,15.4544,15.4545,15.4539,15.4544,15.4549,15.4553,15.4549,15.4547,15.455,15.4554,15.4544,15.4541,15.4543,15.4543,15.4538,15.4538,15.4535,15.4535,15.4535,15.4535,15.4536,15.4537,15.4538,15.4538,15.4538,15.4536,15.4532,15.4538,15.4538,15.4546,15.4544,15.4544,15.454,15.4546,15.455,15.4549,15.4549,15.454,15.4537,15.4541,15.4541,15.4546,
Thu Apr 16 2020 06:47:54 GMT-0400 (Eastern Daylight Time)
15.4532,15.4532,15.4524,15.4519,15.4534,15.4532,15.4532,15.4535,15.4542,15.4522,15.4525,15.4525,15.4521,15.4521,15.4516,15.4519,15.4519,15.4519,15.4519,15.4511,15.4511,15.4513,15.4516,15.4534,15.4531,15.4535,15.4538,15.4541,15.4537,15.4538,15.4538,15.4534,15.4542,15.4554,15.4536,15.4529,15.4529,15.454,15.4544,15.4547,15.4547,15.4543,15.4548,15.4539,15.4537,15.4534,15.4545,15.4542,15.4545,15.4539,15.4539,15.4553,15.455,15.4547,15.4554,15.4565,15.4562,15.4564,15.4568,15.4563,
Thu Apr 16 2020 06:48:54 GMT-0400 (Eastern Daylight Time)
15.456,15.4557,15.4557,15.4557,15.4557,15.4572,15.4579,15.4579,15.458,15.4582,15.4582,15.459,15.4596,15.4592,15.459,15.459,15.459,15.4583,15.4606,15.4602,15.4587,15.4579,15.4581,15.4587,15.4594,15.458,15.4579,15.4575,15.4571,15.4571,15.4575,15.4571,15.4569,15.4553,15.4553,15.455,15.455,15.4558,15.4529,15.4526,15.453,15.4528,15.4528,15.4516,15.4516,15.4519,15.4519,15.4508,15.451,15.4503,15.4511,15.4508,15.4512,15.4511,15.4514,15.4511,15.4511,15.4504,15.4504,15.4509,
Thu Apr 16 2020 06:49:54 GMT-0400 (Eastern Daylight Time)
15.4507,15.4511,15.4516,15.4516,15.4516,15.4514,15.4514,15.4518,15.4522,15.4525,15.4525,15.4524,15.4534,15.4527,15.452,15.4516,15.4516,15.4516,15.4516,15.4518,15.4511,15.4509,15.4504,15.4507,15.4504,15.4506,15.4509,15.4515,15.451,15.4513,15.4511,15.4507,15.4507,15.451,15.451,15.4517,15.4512,15.4517,15.4514,15.4505,15.4498,15.45,15.4498,15.4483,15.4492,15.4489,15.4489,15.4495,15.4498,15.4498,15.4497,15.4497,15.45,15.45,15.45,15.4505,15.4517,15.4517,15.4524,15.4525,
Thu Apr 16 2020 06:50:54 GMT-0400 (Eastern Daylight Time)
15.4528,15.4528,15.4504,15.4483,15.4483,15.4483,15.4487,15.449,15.449,15.449,15.4496,15.4496,15.4504,15.4501,15.4497,15.4496,15.4487,15.4494,15.4491,15.4482,15.4494,15.4497,15.4497,15.4491,15.4504,15.45,15.45,15.4485,15.4485,15.4487,15.4492,15.4481,15.4481,15.4489,15.4481,15.4479,15.4472,15.4468,15.4468,15.4466,15.4465,15.4465,15.4462,15.4467,15.4467,15.4463,15.4463,15.4448,15.4448,15.444,15.4445,15.4445,15.4428,15.4428,15.4428,15.4424,15.4421,15.4421,15.4423,15.4426,
Thu Apr 16 2020 06:51:54 GMT-0400 (Eastern Daylight Time)
15.4426,15.4423,15.4414,15.4414,15.4415,15.4413,15.4413,15.4409,15.4415,15.4415,15.4415,15.4403,15.4394,15.4397,15.4384,15.4377,15.4381,15.4383,15.438,15.4389,15.4385,15.4391,15.4391,15.4402,15.4409,15.4409,15.4417,15.4425,15.4425,15.4422,15.4419,15.4416,15.4418,15.4418,15.4421,15.4415,15.442,15.4423,15.4422,15.4418,15.4409,15.4405,15.4405,15.4401,15.4395,15.439,15.4393,15.4398,15.4398,15.4392,15.4403,15.4401,15.441,15.4406,15.4409,15.4387,15.4389,15.4384,15.4379,15.4379,
Thu Apr 16 2020 06:52:54 GMT-0400 (Eastern Daylight Time)
15.4386,15.4384,15.4384,15.4375,15.4372,15.4376,15.4379,15.4376,15.4378,15.4365,15.4366,15.4354,15.4348,15.4345,15.4341,15.4339,15.4334,15.4337,15.4343,15.4347,15.4358,15.4355,15.4355,15.4355,15.4319,15.4327,15.4324,15.4324,15.432,15.432,15.4323,15.4328,15.4331,15.4331,15.4325,15.4335,15.4338,15.4334,15.4334,15.4328,15.4313,15.4311,15.4311,15.4308,15.4312,15.4317,15.4317,15.4322,15.4324,15.4319,15.4324,15.4326,15.431,15.4302,15.4306,15.4303,15.4306,15.4304,15.4304,15.4301,
Thu Apr 16 2020 06:53:54 GMT-0400 (Eastern Daylight Time)
15.4301,15.4286,15.4286,15.427,15.4272,15.4275,15.4289,15.4289,15.4286,15.4286,15.4293,15.4296,15.4296,15.4302,15.4307,15.4314,15.4329,15.4329,15.4339,15.4339,15.4342,15.4333,15.4333,15.4335,15.4335,15.4332,15.4334,15.4334,15.4334,15.4334,15.4331,15.4331,15.4329,15.4326,15.432,15.4317,15.4291,15.4293,15.4291,15.4295,15.4296,15.4291,15.4295,15.4298,15.4301,15.4312,15.4312,15.4312,15.4319,15.434,15.4347,15.4352,15.4355,15.4362,15.4362,15.4362,15.4357,15.4357,15.4363,15.4363,
Thu Apr 16 2020 06:54:55 GMT-0400 (Eastern Daylight Time)
15.4368,15.4368,15.4368,15.4368,15.4368,15.4365,15.4365,15.4365,15.4367,15.4363,15.4363,15.4363,15.4363,15.4363,15.4363,15.4363,15.4355,15.4355,15.4355,15.4346,15.4351,15.4354,15.4354,15.4356,15.4361,15.4349,15.4354,15.4354,15.4361,15.4361,15.437,15.4374,15.4372,15.4372,15.4382,15.4379,15.4385,15.4375,15.4375,15.4372,15.4372,15.4379,15.4373,15.4373,15.4383,15.4388,15.4382,15.4387,15.4387,15.4387,15.4387,15.4384,15.438,15.4384,15.4372,15.4364,15.4366,15.4366,15.4366,15.4366,
Thu Apr 16 2020 06:55:54 GMT-0400 (Eastern Daylight Time)
15.4361,15.4361,15.4363,15.4361,15.4361,15.4361,15.4346,15.4351,15.4363,15.4366,15.4363,15.4365,15.4375,15.4375,15.4375,15.4373,15.4355,15.4363,15.4356,15.4356,15.4358,15.4363,15.4357,15.4354,15.435,15.4356,15.4353,15.4353,15.4356,15.4353,15.4353,15.4353,15.4357,15.4357,15.4364,15.4367,15.4364,15.4357,15.4352,15.4339,15.4353,15.435,15.4346,15.4346,15.4367,15.4358,15.4361,15.4361,15.4358,15.4356,15.4356,15.4352,15.4348,15.4339,15.433,15.4337,15.4365,15.4361,15.4364,15.4372,
Thu Apr 16 2020 06:56:54 GMT-0400 (Eastern Daylight Time)
15.4377,15.4373,15.4373,15.4362,15.4365,15.4365,15.4365,15.4377,15.4371,15.4371,15.4371,15.4371,15.4364,15.4359,15.4361,15.4364,15.4364,15.4335,15.4335,15.4329,15.4341,15.4333,15.4335,15.4335,15.4364,15.4364,15.4364,15.4361,15.4348,15.435,15.435,15.435,15.4343,15.4343,15.4338,15.4342,15.4339,15.4335,15.4343,15.4346,15.4337,15.4344,15.4349,15.4356,15.4364,15.4359,15.4362,15.4362,15.4358,15.4354,15.435,15.4352,15.4349,15.4349,15.4353,15.4358,15.4347,15.4341,15.4341,15.4341,
Thu Apr 16 2020 06:57:55 GMT-0400 (Eastern Daylight Time)
15.4337,15.4337,15.434,15.434,15.4345,15.4342,15.4339,15.4342,15.4342,15.4337,15.434,15.4342,15.4342,15.4336,15.4347,15.435,15.4346,15.4339,15.4339,15.4336,15.4335,15.4335,15.4337,15.4341,15.4343,15.4339,15.4341,15.4335,15.4343,15.4343,15.4344,15.4347,15.4352,15.4348,15.4353,15.4357,15.435,15.4353,15.435,15.4349,15.4353,15.4354,15.4354,15.4362,15.4365,15.437,15.4376,15.4372,15.4375,15.4366,15.4361,15.4361,15.4352,15.4352,15.4355,15.4355,15.4352,15.4356,15.4356,15.4356,
Thu Apr 16 2020 06:58:54 GMT-0400 (Eastern Daylight Time)
15.4346,15.4344,15.4344,15.435,15.4346,15.4344,15.435,15.435,15.4348,15.4351,15.4351,15.4344,15.4347,15.4351,15.4338,15.4348,15.4354,15.4356,15.4354,15.4354,15.4355,15.4352,15.4352,15.4348,15.4345,15.4348,15.4342,15.434,15.4341,15.4341,15.4341,15.4352,15.4362,15.4362,15.4359,15.4355,15.4355,15.4357,15.4361,15.4355,15.4358,15.4361,15.4364,15.4364,15.4363,15.4368,15.4373,15.4373,15.4368,15.4365,15.4363,15.4354,15.4354,15.4362,15.4362,15.4366,15.4362,15.4378,15.4382,15.4359,
Thu Apr 16 2020 06:59:54 GMT-0400 (Eastern Daylight Time)
15.4367,15.4371,15.436,15.4359,15.4359,15.4357,15.4362,15.4362,15.4361,15.4361,15.4367,15.437,15.4377,15.4357,15.4342,15.4342,15.4339,15.4345,15.4341,15.4339,15.4336,15.4338,15.4335,15.4332,15.4333,15.4336,15.4341,15.4341,15.4337,15.4337,15.4335,15.4339,15.434,15.4343,15.4351,15.4351,15.4347,15.4347,15.4367,15.4367,15.4376,15.4371,15.4371,15.4356,15.4359,15.4361,15.4355,15.434,15.4343,15.4345,15.4346,15.4346,15.4349,15.4349,15.4347,15.4364,15.4364,15.4366,15.4369,15.4369,
Thu Apr 16 2020 07:00:54 GMT-0400 (Eastern Daylight Time)
15.4372,15.4369,15.4369,15.4369,15.4374,15.4374,15.4382,15.4382,15.4379,15.4385,15.4384,15.438,15.4374,15.4373,15.4376,15.4372,15.4374,15.437,15.436,15.436,15.4363,15.4366,15.4359,15.4334,15.434,15.434,15.4344,15.4344,15.4338,15.4338,15.4342,15.4342,15.4334,15.4341,15.4341,15.4336,15.4336,15.4336,15.4332,15.4335,15.4335,15.434,15.434,15.4342,15.435,15.4363,15.4363,15.436,15.436,15.4355,15.4361,15.4361,15.435,15.435,15.4341,15.4318,15.4313,15.4308,15.4308,15.4308,
Thu Apr 16 2020 07:01:54 GMT-0400 (Eastern Daylight Time)
15.4311,15.4338,15.4338,15.434,15.434,15.4341,15.4341,15.4354,15.4356,15.4369,15.4371,15.4371,15.4371,15.4387,15.4384,15.4382,15.438,15.4388,15.4388,15.4388,15.4384,15.4385,15.4379,15.4391,15.4394,15.4394,15.4395,15.4393,15.4393,15.4403,15.4408,15.4408,15.4399,15.4396,15.4393,15.4398,15.4398,15.44,15.44,15.44,15.44,15.44,15.44,15.4405,15.4405,15.4402,15.4402,15.4402,15.4402,15.4402,15.4401,15.4395,15.4374,15.4374,15.4374,15.4376,15.4376,15.4381,15.4379,15.4376,
Thu Apr 16 2020 07:02:54 GMT-0400 (Eastern Daylight Time)
15.438,15.438,15.438,15.4372,15.4372,15.4365,15.437,15.4364,15.4357,15.4357,15.4354,15.4354,15.4342,15.4339,15.4337,15.4341,15.4347,15.4347,15.4354,15.4354,15.4347,15.4353,15.435,15.4347,15.435,15.4352,15.4347,15.437,15.4376,15.4376,15.4376,15.4376,15.4367,15.4365,15.436,15.435,15.435,15.4353,15.4353,15.4334,15.4339,15.434,15.4337,15.4328,15.4328,15.4328,15.4328,15.4331,15.4331,15.4329,15.4343,15.4345,15.4355,15.4349,15.4351,15.4355,15.4368,15.4366,15.4364,15.4368,
Thu Apr 16 2020 07:03:54 GMT-0400 (Eastern Daylight Time)
15.4368,15.4382,15.4382,15.4382,15.4384,15.4388,15.4394,15.4394,15.4403,15.4384,15.4389,15.4385,15.4385,15.4381,15.4365,15.4378,15.4378,15.4397,15.4397,15.4397,15.4399,15.4396,15.4396,15.4389,15.4389,15.4382,15.4379,15.4379,15.4379,15.4396,15.4398,15.4398,15.4395,15.4406,15.4406,15.4411,15.4408,15.4401,15.4401,15.4395,15.4392,15.4387,15.4384,15.4381,15.4381,15.4372,15.4386,15.4391,15.4395,15.4393,15.4388,15.4388,15.4384,15.4375,15.4383,15.4379,15.4379,15.4378,15.4381,15.4378,
Thu Apr 16 2020 07:04:54 GMT-0400 (Eastern Daylight Time)
15.4383,15.4392,15.4391,15.4385,15.4397,15.4395,15.4403,15.4398,15.4401,15.4396,15.4389,15.4392,15.4395,15.44,15.4419,15.4409,15.4411,15.4407,15.44,15.4392,15.4389,15.4388,15.4385,15.4385,15.4388,15.4382,15.4379,15.4384,15.4381,15.438,15.438,15.438,15.438,15.4371,15.4363,15.4368,15.4353,15.4356,15.4361,15.4362,15.4362,15.4365,15.4365,15.4362,15.4358,15.4362,15.4366,15.4377,15.4383,15.4385,15.4392,15.4397,15.4407,15.4404,15.4394,15.4398,15.4412,15.4406,15.4421,15.4423,
Thu Apr 16 2020 07:05:54 GMT-0400 (Eastern Daylight Time)
15.4419,15.4419,15.443,15.443,15.4439,15.4443,15.4443,15.4447,15.445,15.445,15.4442,15.4441,15.4441,15.4445,15.4439,15.4418,15.4429,15.4425,15.4428,15.4421,15.4421,15.4408,15.4412,15.4412,15.4412,15.4412,15.4408,15.4385,15.4387,15.4387,15.4387,15.4391,15.4391,15.4391,15.4391,15.4388,15.4372,15.4369,15.438,15.4377,15.4373,15.4371,15.4365,15.4372,15.4368,15.4371,15.4371,15.4371,15.4367,15.4348,15.4348,15.434,15.4329,15.4324,15.4321,15.4321,15.4328,15.4328,15.4333,15.4333,
Thu Apr 16 2020 07:06:54 GMT-0400 (Eastern Daylight Time)
15.4331,15.434,15.434,15.434,15.4328,15.4328,15.4325,15.4329,15.4329,15.4323,15.4345,15.4346,15.4346,15.4349,15.4347,15.4351,15.436,15.4363,15.4363,15.4366,15.4342,15.4325,15.4325,15.4325,15.4325,15.4322,15.4316,15.4316,15.4319,15.4322,15.4322,15.4319,15.4338,15.4328,15.4334,15.4328,15.4322,15.431,15.4306,15.4299,15.4305,15.4305,15.4307,15.4309,15.4309,15.4314,15.4316,15.4316,15.4312,15.4318,15.4312,15.4312,15.4312,15.4314,15.4311,15.4319,15.4319,15.4328,15.4322,15.4328,
Thu Apr 16 2020 07:07:54 GMT-0400 (Eastern Daylight Time)
15.4326,15.4326,15.4326,15.4326,15.4328,15.4328,15.4326,15.4329,15.4329,15.4332,15.4332,15.4335,15.4335,15.4337,15.4328,15.4332,15.4329,15.4324,15.4324,15.4324,15.4324,15.4324,15.432,15.4314,15.4314,15.4314,15.4335,15.4346,15.4346,15.4348,15.4342,15.4342,15.4345,15.4332,15.4326,15.4336,15.4341,15.4334,15.433,15.4333,15.434,15.434,15.4344,15.4344,15.4357,15.4352,15.4347,15.4347,15.4347,15.4338,15.4345,15.4342,15.4346,15.4356,15.4356,15.4364,15.4364,15.4353,15.435,15.4348,
Thu Apr 16 2020 07:08:54 GMT-0400 (Eastern Daylight Time)
15.4344,15.4347,15.4343,15.4333,15.4333,15.4322,15.4318,15.4315,15.4315,15.4315,15.4315,15.4323,15.4319,15.431,15.4317,15.4317,15.4314,15.4316,15.4316,15.4318,15.4323,15.4317,15.4317,15.4334,15.4315,15.4319,15.4316,15.4319,15.4316,15.4314,15.4315,15.4309,15.4304,15.4295,15.4298,15.4291,15.4293,15.4306,15.4301,15.4301,15.4304,15.4299,15.4308,15.4304,15.4299,15.4291,15.43,15.4294,15.4294,15.4306,15.4303,15.4307,15.43,15.4308,15.4305,15.4305,15.4301,15.4296,15.4301,15.4303,
Thu Apr 16 2020 07:09:54 GMT-0400 (Eastern Daylight Time)
15.4308,15.4303,15.4303,15.4303,15.4309,15.4306,15.4315,15.4318,15.4307,15.4314,15.4303,15.4303,15.4333,15.4333,15.4321,15.4321,15.4317,15.432,15.432,15.4313,15.4319,15.4319,15.4323,15.4323,15.4323,15.4318,15.4323,15.4321,15.4324,15.4308,15.4302,15.4299,15.4299,15.4281,15.427,15.427,15.4297,15.4297,15.43,15.43,15.4305,15.4304,15.4304,15.4301,15.4291,15.4291,15.4303,15.4312,15.4307,15.4307,15.4307,15.4306,15.4303,15.4286,15.4286,15.4291,15.4293,15.4293,15.4285,15.429,
Thu Apr 16 2020 07:10:54 GMT-0400 (Eastern Daylight Time)
15.4287,15.4285,15.4285,15.4285,15.4285,15.4298,15.4284,15.4284,15.4284,15.4284,15.4278,15.4282,15.4277,15.4277,15.4281,15.4284,15.4282,15.4282,15.4272,15.4273,15.4278,15.4272,15.4272,15.4267,15.4267,15.4262,15.4262,15.4277,15.428,15.4289,15.4286,15.4289,15.4292,15.4292,15.4301,15.4298,15.4301,15.429,15.429,15.4287,15.4284,15.4284,15.4286,15.4288,15.4294,15.4297,15.4297,15.4303,15.4306,15.4309,15.4316,15.4319,15.4319,15.4316,15.4323,15.4323,15.432,15.432,15.4321,15.4327,
Thu Apr 16 2020 07:11:54 GMT-0400 (Eastern Daylight Time)
15.4327,15.4327,15.4327,15.433,15.433,15.433,15.433,15.4327,15.4331,15.4331,15.4333,15.4329,15.4329,15.4321,15.4321,15.4307,15.4307,15.4302,15.4331,15.4337,15.4341,15.4338,15.4335,15.4339,15.4335,15.4335,15.4332,15.4329,15.4332,15.4332,15.4323,15.4325,15.4329,15.4339,15.4348,15.4348,15.4351,15.4351,15.4354,15.4348,15.4354,15.4354,15.4344,15.4344,15.434,15.434,15.4336,15.4339,15.4342,15.4345,15.4345,15.4342,15.4346,15.4343,15.4347,15.4333,15.4332,15.4329,15.4329,15.4331,
Thu Apr 16 2020 07:12:54 GMT-0400 (Eastern Daylight Time)
15.4329,15.4341,15.4341,15.4341,15.4326,15.4326,15.4326,15.4326,15.4326,15.4329,15.433,15.4321,15.4321,15.4312,15.431,15.431,15.431,15.4314,15.432,15.432,15.432,15.4324,15.4331,15.4322,15.432,15.432,15.4316,15.4318,15.4318,15.4324,15.4323,15.434,15.4347,15.435,15.4337,15.4337,15.4332,15.4338,15.4338,15.433,15.4322,15.4322,15.4336,15.4332,15.4327,15.4332,15.4335,15.4338,15.4338,15.4345,15.4322,15.4322,15.4306,15.4303,15.4303,15.4299,15.4299,15.4299,15.4298,15.4287,
Thu Apr 16 2020 07:13:54 GMT-0400 (Eastern Daylight Time)
15.4284,15.4281,15.428,15.4282,15.4282,15.4287,15.4294,15.4298,15.43,15.4295,15.4302,15.4302,15.4294,15.4296,15.4299,15.4304,15.4301,15.4287,15.4289,15.4289,15.4283,15.4283,15.4288,15.4292,15.4289,15.4284,15.429,15.429,15.429,15.429,15.4286,15.4289,15.4289,15.4285,15.4285,15.4282,15.4285,15.4279,15.4258,15.4252,15.4252,15.4257,15.424,15.4235,15.4235,15.4235,15.4227,15.4221,15.4221,15.4225,15.4228,15.423,15.4226,15.4223,15.4243,15.4245,15.4243,15.4243,15.4256,15.4259,
Thu Apr 16 2020 07:14:54 GMT-0400 (Eastern Daylight Time)
15.4259,15.4255,15.4258,15.4258,15.4258,15.4264,15.4264,15.425,15.4242,15.4242,15.4237,15.4233,15.4233,15.4233,15.4236,15.4227,15.4227,15.4223,15.4237,15.4245,15.4245,15.4245,15.4245,15.4245,15.4245,15.425,15.4246,15.4246,15.4249,15.4251,15.4251,15.4246,15.4246,15.4228,15.4228,15.424,15.4232,15.4224,15.4232,15.4236,15.4237,15.4237,15.4229,15.4232,15.4232,15.4234,15.4236,15.423,15.423,15.4228,15.4237,15.4241,15.4235,15.4231,15.4231,15.4231,15.4236,15.4236,15.4239,15.4243,
Thu Apr 16 2020 07:15:54 GMT-0400 (Eastern Daylight Time)
15.424,15.424,15.4249,15.4249,15.4245,15.4245,15.4249,15.4249,15.4257,15.426,15.427,15.4283,15.428,15.4259,15.4239,15.4242,15.425,15.425,15.4245,15.4247,15.4243,15.4246,15.4248,15.4251,15.425,15.4247,15.4211,15.4211,15.4215,15.4218,15.4212,15.4214,15.4214,15.4209,15.4208,15.4212,15.4213,15.4211,15.4216,15.4216,15.4206,15.4206,15.4197,15.4201,15.4201,15.4204,15.4197,15.4197,15.42,15.4196,15.4178,15.4171,15.4174,15.4176,15.4176,15.4177,15.4169,15.4169,15.4165,15.4172,
Thu Apr 16 2020 07:16:55 GMT-0400 (Eastern Daylight Time)
15.4163,15.4167,15.4157,15.4157,15.4157,15.4138,15.4134,15.4137,15.414,15.4144,15.4145,15.4145,15.4145,15.4146,15.4142,15.4142,15.4138,15.4144,15.4137,15.4137,15.4159,15.4171,15.4167,15.4192,15.4195,15.4185,15.4189,15.4195,15.4195,15.4193,15.4196,15.4191,15.4188,15.4192,15.419,15.419,15.419,15.4187,15.4178,15.4184,15.4151,15.4151,15.4156,15.4147,15.4147,15.4154,15.417,15.417,15.4167,15.4167,15.4163,15.4175,15.4174,15.4177,15.4181,15.4178,15.4171,15.4171,15.419,15.419,
Thu Apr 16 2020 07:17:54 GMT-0400 (Eastern Daylight Time)
15.418,15.4187,15.4178,15.4175,15.4175,15.4179,15.4195,15.4207,15.4235,15.4227,15.4227,15.4227,15.423,15.4233,15.4228,15.4221,15.4221,15.4213,15.422,15.422,15.4212,15.4209,15.42,15.4207,15.4202,15.4204,15.4199,15.4201,15.4194,15.4195,15.4193,15.4196,15.4194,15.4194,15.4204,15.4204,15.4204,15.4204,15.4204,15.4204,15.4204,15.4204,15.4204,15.4204,15.4204,15.4204,15.4204,15.4204,15.4204,15.4204,15.4204,15.4204,15.4204,15.4204,15.4204,15.4204,15.4204,15.4201,15.4201,15.4201,
