Mon Apr 20 2020 00:33:01 GMT-0400 (Eastern Daylight Time)
15.0685,15.0685,15.0683,15.0687,15.0687,15.068,15.0687,15.0678,15.0688,15.0688,15.0688,15.0703,15.07,15.0706,15.0706,15.0712,15.0706,15.0709,15.0702,15.0697,15.0709,15.0706,15.0706,15.0702,15.0691,15.0697,15.0703,15.0704,15.0706,15.0706,15.0704,15.0709,15.0712,15.0713,15.0721,15.072,15.0717,15.0724,15.0724,15.0722,15.0719,15.0719,15.0722,15.0729,15.0732,15.0737,15.0751,15.0736,15.0733,15.074,15.0734,15.0726,15.0724,15.0734,15.0743,15.0743,15.0746,15.0746,15.0743,15.0717,
Mon Apr 20 2020 00:34:01 GMT-0400 (Eastern Daylight Time)
15.0714,15.0717,15.0716,15.0722,15.0719,15.0722,15.0722,15.0716,15.0711,15.0696,15.0696,15.0691,15.0691,15.0687,15.068,15.068,15.0677,15.0677,15.068,15.0684,15.0684,15.0681,15.0679,15.0679,15.0679,15.0676,15.0685,15.0695,15.0694,15.069,15.0679,15.068,15.0685,15.0685,15.0685,15.0694,15.0699,15.0709,15.0705,15.0704,15.0704,15.0704,15.0704,15.071,15.0712,15.0712,15.0688,15.0679,15.0679,15.0679,15.0676,15.0671,15.0676,15.0676,15.0676,15.0676,15.0676,15.0692,15.0698,15.0703,
Mon Apr 20 2020 00:35:01 GMT-0400 (Eastern Daylight Time)
15.0709,15.0704,15.0704,15.0703,15.0703,15.0716,15.0713,15.071,15.0713,15.0713,15.0715,15.0708,15.0698,15.0702,15.0702,15.0696,15.0699,15.0697,15.0695,15.0687,15.0687,15.0684,15.0684,15.0675,15.0673,15.0669,15.0669,15.0673,15.0673,15.0673,15.067,15.0664,15.066,15.0661,15.0661,15.0664,15.0665,15.0669,15.0676,15.0674,15.0678,15.0684,15.0695,15.0689,15.0693,15.0696,15.0689,15.0692,15.0692,15.0696,15.0699,15.0697,15.072,15.0729,15.0729,15.0737,15.0737,15.073,15.073,15.0737,
Mon Apr 20 2020 00:36:01 GMT-0400 (Eastern Daylight Time)
15.0731,15.0731,15.0737,15.0742,15.0745,15.0747,15.0747,15.0747,15.0749,15.0749,15.0749,15.074,15.0744,15.074,15.0713,15.0725,15.0725,15.0717,15.0721,15.0725,15.0721,15.0717,15.0714,15.0718,15.0721,15.0721,15.0727,15.0737,15.0766,15.0766,15.0765,15.0765,15.077,15.0777,15.0802,15.0784,15.0784,15.0786,15.0782,15.0775,15.0775,15.0778,15.0778,15.0777,15.0774,15.0776,15.0771,15.0796,15.0799,15.0805,15.0796,15.0801,15.0801,15.0801,15.0812,15.0817,15.0815,15.0811,15.0811,15.0825,
Mon Apr 20 2020 00:37:01 GMT-0400 (Eastern Daylight Time)
15.0825,15.0814,15.0824,15.0826,15.0821,15.0822,15.0809,15.0809,15.0809,15.0809,15.0809,15.0808,15.0802,15.0802,15.0798,15.079,15.079,15.079,15.079,15.0796,15.0796,15.0796,15.0801,15.0787,15.0787,15.0781,15.0778,15.0772,15.0767,15.0769,15.0767,15.0791,15.0791,15.0795,15.0795,15.0793,15.0785,15.0785,15.0785,15.078,15.0791,15.0794,15.0779,15.0766,15.077,15.077,15.077,15.0773,15.0773,15.0778,15.0783,15.078,15.0783,15.0783,15.0778,15.0771,15.0776,15.0779,15.0779,15.0772,
Mon Apr 20 2020 00:38:01 GMT-0400 (Eastern Daylight Time)
15.0772,15.0775,15.0772,15.0765,15.0762,15.0762,15.0762,15.0762,15.0769,15.0776,15.0779,15.0773,15.0776,15.0785,15.079,15.0793,15.0793,15.0801,15.0806,15.0811,15.0811,15.0811,15.0809,15.0799,15.0793,15.0806,15.0806,15.0798,15.0802,15.0806,15.0813,15.0821,15.0806,15.0815,15.0817,15.0818,15.0823,15.0828,15.0835,15.0845,15.0845,15.0848,15.0832,15.0842,15.0837,15.0837,15.0831,15.0842,15.0846,15.0842,15.0846,15.0858,15.0861,15.0861,15.0861,15.0864,15.0865,15.0862,15.0862,15.0862,
Mon Apr 20 2020 00:39:01 GMT-0400 (Eastern Daylight Time)
15.0853,15.0857,15.0854,15.0857,15.0857,15.0855,15.0852,15.0849,15.0848,15.0848,15.0855,15.0858,15.0868,15.0865,15.0865,15.0876,15.0876,15.088,15.0884,15.0865,15.0867,15.0867,15.0861,15.086,15.0864,15.0861,15.0857,15.0838,15.0855,15.0851,15.0846,15.0846,15.0846,15.0841,15.0841,15.0839,15.0834,15.0829,15.0825,15.0821,15.082,15.082,15.082,15.0819,15.0828,15.0838,15.0846,15.0851,15.0848,15.0842,15.0845,15.0842,15.0842,15.0844,15.0844,15.0847,15.0839,15.0839,15.0836,15.082,
Mon Apr 20 2020 00:40:01 GMT-0400 (Eastern Daylight Time)
15.082,15.082,15.082,15.0817,15.0822,15.0828,15.0825,15.083,15.083,15.0826,15.0826,15.0835,15.0838,15.0838,15.0838,15.0834,15.0838,15.0823,15.0828,15.0825,15.0825,15.0827,15.0825,15.0825,15.0827,15.0837,15.084,15.0838,15.0844,15.0844,15.0838,15.0837,15.0837,15.084,15.084,15.0832,15.0832,15.0841,15.0838,15.0846,15.0846,15.0864,15.0864,15.086,15.0866,15.0866,15.0889,15.0892,15.0898,15.0893,15.0896,15.0894,15.0902,15.0899,15.0898,15.0901,15.09,15.0893,15.0893,15.0899,
Mon Apr 20 2020 00:41:00 GMT-0400 (Eastern Daylight Time)
15.0891,15.0888,15.0888,15.0889,15.0886,15.087,15.087,15.0866,15.0866,15.0866,15.0866,15.0859,15.086,15.086,15.086,15.0854,15.0869,15.0883,15.0883,15.0883,15.0883,15.089,15.089,15.089,15.088,15.0872,15.0874,15.0874,15.0864,15.086,15.0856,15.0815,15.0819,15.0822,15.0822,15.0859,15.0854,15.0854,15.0847,15.084,15.0841,15.0838,15.0841,15.0836,15.0839,15.0835,15.0835,15.0839,15.0833,15.083,15.0826,15.0824,15.0815,15.0819,15.0814,15.0804,15.0804,15.0804,15.0804,15.0799,
Mon Apr 20 2020 00:42:01 GMT-0400 (Eastern Daylight Time)
15.0801,15.0798,15.0807,15.0807,15.0785,15.0783,15.0785,15.0782,15.0791,15.0788,15.0786,15.0786,15.0786,15.0775,15.0773,15.0773,15.0763,15.0754,15.0751,15.0754,15.0764,15.0768,15.0771,15.0774,15.0785,15.0782,15.078,15.0783,15.0774,15.0764,15.0764,15.0761,15.0764,15.077,15.077,15.0761,15.0761,15.075,15.075,15.0755,15.0747,15.0747,15.0743,15.0737,15.0735,15.0738,15.0733,15.0733,15.0728,15.0728,15.0711,15.0707,15.0704,15.0701,15.0698,15.0702,15.0706,15.0702,15.0705,15.0707,
Mon Apr 20 2020 00:43:01 GMT-0400 (Eastern Daylight Time)
15.0715,15.0711,15.0707,15.0703,15.0706,15.0697,15.0702,15.0704,15.0699,15.0705,15.0702,15.0694,15.0702,15.07,15.0707,15.071,15.0703,15.0703,15.0703,15.0702,15.0699,15.069,15.0685,15.0685,15.0682,15.0682,15.0697,15.0697,15.0693,15.0711,15.072,15.0712,15.0709,15.0706,15.0696,15.0696,15.0688,15.0684,15.0676,15.0676,15.0674,15.0678,15.0678,15.0682,15.0687,15.0694,15.0694,15.0694,15.0719,15.0719,15.0725,15.0725,15.0727,15.0725,15.0727,15.0724,15.0723,15.0719,15.0719,15.0722,
Mon Apr 20 2020 00:44:01 GMT-0400 (Eastern Daylight Time)
15.0716,15.0721,15.0721,15.073,15.0715,15.0707,15.0707,15.0711,15.0708,15.069,15.0684,15.0689,15.0686,15.0686,15.0689,15.0693,15.0702,15.0702,15.0702,15.0704,15.0697,15.0693,15.0693,15.0691,15.0681,15.0681,15.0687,15.0689,15.0683,15.0681,15.0681,15.0677,15.0679,15.0677,15.0674,15.068,15.0692,15.0686,15.0705,15.0717,15.0724,15.072,15.0731,15.0726,15.0723,15.0711,15.0711,15.0705,15.0705,15.0705,15.0714,15.0711,15.0734,15.0735,15.0724,15.0724,15.072,15.0706,15.0709,15.0703,
Mon Apr 20 2020 00:45:01 GMT-0400 (Eastern Daylight Time)
15.07,15.0703,15.0708,15.072,15.0713,15.0719,15.0713,15.0706,15.0691,15.0662,15.0664,15.0671,15.0671,15.0667,15.0667,15.0661,15.0661,15.0663,15.0665,15.0637,15.0644,15.0651,15.0651,15.0651,15.0644,15.0641,15.0634,15.0634,15.0631,15.0635,15.0643,15.0652,15.0655,15.0649,15.066,15.0663,15.0663,15.0661,15.0661,15.0664,15.0665,15.0665,15.067,15.067,15.0667,15.0676,15.0672,15.0666,15.0666,15.0671,15.0676,15.0685,15.0692,15.0692,15.0689,15.0689,15.0696,15.0701,15.0704,15.0704,
Mon Apr 20 2020 00:46:01 GMT-0400 (Eastern Daylight Time)
15.0701,15.0701,15.0704,15.0709,15.0706,15.071,15.0718,15.0718,15.0714,15.0716,15.0712,15.0709,15.0699,15.0699,15.0699,15.0702,15.0702,15.0704,15.0702,15.0702,15.0706,15.0704,15.0701,15.0705,15.0711,15.0707,15.0707,15.0703,15.0716,15.0718,15.0718,15.0715,15.0708,15.0708,15.0709,15.0715,15.0715,15.0715,15.0714,15.0714,15.071,15.0689,15.0689,15.0689,15.0699,15.0691,15.0687,15.0687,15.0695,15.0691,15.0691,15.07,15.0706,15.0701,15.0701,15.071,15.0707,15.07,15.07,15.069,
Mon Apr 20 2020 00:47:01 GMT-0400 (Eastern Daylight Time)
15.0687,15.0701,15.0701,15.0701,15.0702,15.0697,15.0697,15.0694,15.0684,15.0684,15.0692,15.0685,15.0693,15.0686,15.0693,15.0689,15.0674,15.0674,15.0656,15.0649,15.0654,15.0658,15.0665,15.0662,15.0649,15.0654,15.0648,15.0626,15.0633,15.0626,15.0626,15.0619,15.0616,15.0624,15.0631,15.0631,15.0621,15.0622,15.061,15.0613,15.061,15.0603,15.0596,15.0583,15.059,15.059,15.059,15.059,15.0577,15.0564,15.0571,15.0581,15.0585,15.0585,15.0587,15.0587,15.0588,15.0572,15.057,15.0593,
Mon Apr 20 2020 00:48:00 GMT-0400 (Eastern Daylight Time)
15.0594,15.0619,15.0617,15.0617,15.0617,15.0615,15.0615,15.0615,15.0612,15.061,15.0607,15.0607,15.0604,15.0608,15.0605,15.0599,15.0599,15.0597,15.0602,15.0602,15.0602,15.059,15.059,15.0595,15.0598,15.0598,15.0596,15.0596,15.06,15.0594,15.0598,15.0598,15.0598,15.0598,15.06,15.0596,15.0596,15.0594,15.0594,15.0599,15.0599,15.0606,15.0599,15.0599,15.0586,15.0585,15.0589,15.0589,15.0604,15.0601,15.0605,15.0597,15.0591,15.0604,15.0604,15.0607,15.0622,15.0621,15.0621,15.0628,
Mon Apr 20 2020 00:49:01 GMT-0400 (Eastern Daylight Time)
15.063,15.0642,15.0645,15.0641,15.0665,15.0663,15.0669,15.0655,15.0659,15.0657,15.0686,15.0689,15.069,15.0693,15.0703,15.0707,15.0705,15.0702,15.0702,15.0688,15.0676,15.0676,15.0676,15.0661,15.0658,15.0654,15.0654,15.0654,15.0659,15.0664,15.0659,15.0659,15.0675,15.0672,15.0672,15.0674,15.0669,15.0669,15.0683,15.0686,15.0694,15.0687,15.0694,15.0703,15.0706,15.0706,15.0703,15.0707,15.0724,15.0721,15.0728,15.0728,15.0727,15.0728,15.0722,15.0722,15.0736,15.074,15.0738,15.0738,
Mon Apr 20 2020 00:50:01 GMT-0400 (Eastern Daylight Time)
15.0743,15.074,15.0744,15.0747,15.0755,15.0758,15.0769,15.0769,15.0752,15.0756,15.076,15.076,15.0782,15.0775,15.0775,15.077,15.0768,15.0773,15.0763,15.0763,15.0761,15.0762,15.0759,15.0759,15.0762,15.0762,15.0762,15.0764,15.0761,15.0759,15.0762,15.0784,15.0795,15.0792,15.0791,15.0794,15.0792,15.0809,15.08,15.0795,15.0807,15.081,15.081,15.081,15.0805,15.0811,15.0818,15.0793,15.0785,15.0788,15.0788,15.0788,15.0797,15.0797,15.08,15.08,15.0803,15.0809,15.0809,15.0806,
Mon Apr 20 2020 00:51:00 GMT-0400 (Eastern Daylight Time)
15.0797,15.0799,15.0805,15.0805,15.0807,15.0816,15.0816,15.0801,15.0796,15.0802,15.0805,15.0808,15.0811,15.0815,15.082,15.0817,15.0815,15.081,15.0812,15.0812,15.0817,15.0816,15.0822,15.0824,15.0821,15.082,15.0814,15.0806,15.0811,15.0811,15.0811,15.0815,15.0812,15.0821,15.0825,15.0829,15.0832,15.0827,15.083,15.0837,15.0832,15.0829,15.084,15.0843,15.0849,15.0847,15.0847,15.0844,15.0836,15.0825,15.082,15.082,15.0812,15.0803,15.0797,15.0784,15.0783,15.0783,15.0791,15.0788,
Mon Apr 20 2020 00:52:00 GMT-0400 (Eastern Daylight Time)
15.0788,15.0783,15.0783,15.0769,15.0769,15.0766,15.0773,15.077,15.0775,15.077,15.0774,15.0782,15.0777,15.0767,15.0765,15.0757,15.0756,15.0749,15.0745,15.0756,15.0756,15.0758,15.076,15.0745,15.0751,15.0757,15.0754,15.0757,15.0753,15.0755,15.0748,15.0747,15.0747,15.0744,15.0736,15.0736,15.0735,15.0735,15.074,15.0737,15.0742,15.0745,15.0742,15.0745,15.0748,15.0739,15.0733,15.0733,15.0737,15.0717,15.0714,15.0712,15.0712,15.0719,15.0728,15.0732,15.0732,15.0735,15.0731,15.0734,
Mon Apr 20 2020 00:53:01 GMT-0400 (Eastern Daylight Time)
15.0734,15.0729,15.0731,15.0733,15.0727,15.0737,15.0733,15.0733,15.0733,15.0744,15.0744,15.0744,15.0746,15.0745,15.0739,15.0739,15.0732,15.0732,15.0723,15.0733,15.0733,15.0738,15.0738,15.0735,15.0734,15.0735,15.075,15.075,15.0737,15.0739,15.0742,15.074,15.074,15.0736,15.0739,15.0735,15.0735,15.0726,15.0729,15.0729,15.0734,15.0733,15.0737,15.0737,15.0737,15.077,15.077,15.0766,15.0764,15.0766,15.077,15.077,15.077,15.0769,15.0769,15.078,15.078,15.0786,15.0781,15.0781,
Mon Apr 20 2020 00:54:00 GMT-0400 (Eastern Daylight Time)
15.0785,15.0785,15.0785,15.0799,15.0799,15.0797,15.0794,15.0798,15.0798,15.0806,15.0809,15.0806,15.0801,15.0795,15.0794,15.0794,15.0794,15.0794,15.0794,15.0794,15.0796,15.0798,15.0795,15.0797,15.0799,15.0813,15.081,15.0814,15.0807,15.0803,15.0794,15.0791,15.0791,15.0796,15.08,15.0807,15.0816,15.0813,15.0819,15.0815,15.0824,15.0828,15.0828,15.0822,15.0822,15.0815,15.0826,15.0826,15.0819,15.082,15.0809,15.0799,15.0805,15.0797,15.0797,15.0797,15.0797,15.0796,15.0798,15.0796,
Mon Apr 20 2020 00:55:01 GMT-0400 (Eastern Daylight Time)
15.0796,15.0801,15.0801,15.0801,15.0801,15.0811,15.0816,15.0814,15.0816,15.0816,15.0818,15.0822,15.0815,15.0812,15.0812,15.0807,15.0803,15.0809,15.0809,15.0818,15.0812,15.0824,15.0829,15.0841,15.0827,15.0824,15.0829,15.0829,15.0829,15.0821,15.0824,15.083,15.0821,15.0833,15.0833,15.0836,15.0826,15.0813,15.0818,15.0821,15.0818,15.081,15.0807,15.0792,15.0792,15.0791,15.0785,15.0785,15.0794,15.0791,15.0795,15.0795,15.0825,15.0828,15.0828,15.0838,15.0841,15.0837,15.0848,15.0848,
Mon Apr 20 2020 00:56:01 GMT-0400 (Eastern Daylight Time)
15.0848,15.0843,15.0844,15.0844,15.0842,15.0831,15.0826,15.0823,15.0826,15.0825,15.0815,15.08,15.08,15.0806,15.0806,15.0806,15.0804,15.0802,15.0793,15.0796,15.0802,15.0808,15.0811,15.0808,15.0813,15.0806,15.0811,15.0811,15.0815,15.0809,15.0806,15.0806,15.0793,15.0793,15.0793,15.0796,15.0782,15.0789,15.0792,15.0798,15.0779,15.0772,15.0769,15.0765,15.0762,15.0769,15.0769,15.0772,15.0772,15.0779,15.0779,15.0779,15.0787,15.0799,15.0803,15.0803,15.0802,15.0799,15.0802,15.0798,
Mon Apr 20 2020 00:57:01 GMT-0400 (Eastern Daylight Time)
15.0794,15.0787,15.0791,15.0791,15.0788,15.0788,15.079,15.0785,15.0787,15.0789,15.0789,15.0789,15.0794,15.0799,15.0799,15.0797,15.0796,15.0789,15.0791,15.0795,15.0785,15.0787,15.0793,15.0786,15.0783,15.0786,15.0782,15.0785,15.0785,15.0783,15.0778,15.0778,15.0778,15.0777,15.0775,15.0781,15.0791,15.0791,15.0796,15.079,15.079,15.0804,15.0807,15.0807,15.082,15.0799,15.0796,15.0799,15.0789,15.0793,15.0793,15.0793,15.0806,15.0811,15.0815,15.0815,15.0813,15.0813,15.0802,15.0799,
Mon Apr 20 2020 00:58:01 GMT-0400 (Eastern Daylight Time)
15.0799,15.0787,15.078,15.078,15.0783,15.0791,15.0789,15.0791,15.0794,15.0794,15.0794,15.077,15.0774,15.0781,15.0788,15.0786,15.0788,15.0783,15.078,15.078,15.078,15.0791,15.0791,15.0786,15.0789,15.0776,15.0776,15.0785,15.0792,15.0788,15.0791,15.0788,15.0804,15.0796,15.0794,15.0796,15.0796,15.0788,15.0785,15.0789,15.0772,15.0772,15.077,15.0767,15.0767,15.0769,15.0765,15.0769,15.0769,15.0775,15.0778,15.0778,15.0773,15.0771,15.0768,15.0764,15.0764,15.0762,15.0765,15.0754,
Mon Apr 20 2020 00:59:00 GMT-0400 (Eastern Daylight Time)
15.0754,15.0757,15.0752,15.0761,15.0763,15.0753,15.0748,15.0761,15.0757,15.0755,15.0757,15.0757,15.075,15.0753,15.0752,15.0756,15.0756,15.0746,15.0736,15.0733,15.0736,15.0744,15.0769,15.0773,15.0771,15.0793,15.0796,15.0798,15.0798,15.0793,15.0793,15.079,15.0796,15.0803,15.0803,15.08,15.0803,15.0808,15.0808,15.0796,15.0802,15.0802,15.0798,15.0802,15.0806,15.0806,15.0806,15.0806,15.0806,15.0803,15.0797,15.0802,15.0789,15.0792,15.0793,15.0789,15.0793,15.0794,15.0799,15.0797,
Mon Apr 20 2020 01:00:02 GMT-0400 (Eastern Daylight Time)
15.0799,15.0799,15.0791,15.0786,15.0792,15.0785,15.0792,15.079,15.079,15.08,15.0804,15.0809,15.0823,15.0831,15.0835,15.0833,15.0834,15.0844,15.0851,15.0858,15.0854,15.0857,15.086,15.086,15.086,15.0862,15.0862,15.0869,15.0854,15.0869,15.0866,15.0869,15.0872,15.0875,15.0875,15.0875,15.0866,15.0872,15.0879,15.0888,15.0885,15.0887,15.0891,15.0886,15.0886,15.0878,15.0887,15.0887,15.089,15.0892,15.0888,15.0894,15.0894,15.0893,15.0892,15.0892,15.0895,15.0876,15.0876,15.0876,
Mon Apr 20 2020 01:01:01 GMT-0400 (Eastern Daylight Time)
15.0875,15.0874,15.0874,15.0874,15.086,15.086,15.0857,15.086,15.0868,15.0843,15.0837,15.0839,15.0842,15.085,15.0846,15.0841,15.0839,15.0833,15.0837,15.0839,15.0839,15.0834,15.0834,15.0831,15.0827,15.0826,15.0828,15.0824,15.0826,15.0823,15.0823,15.0829,15.0829,15.0836,15.083,15.0834,15.0836,15.083,15.0824,15.0828,15.0831,15.084,15.084,15.0835,15.083,15.083,15.0835,15.0835,15.0835,15.0835,15.084,15.083,15.083,15.0812,15.0812,15.0815,15.0819,15.0822,15.0818,15.0821,
Mon Apr 20 2020 01:02:01 GMT-0400 (Eastern Daylight Time)
15.0816,15.0816,15.0819,15.0824,15.0824,15.0818,15.0822,15.0819,15.0819,15.0817,15.0823,15.0839,15.0839,15.0842,15.0825,15.0823,15.0819,15.0821,15.0827,15.0823,15.0823,15.0829,15.0833,15.0836,15.0836,15.0836,15.0833,15.0833,15.083,15.0835,15.0844,15.0843,15.0839,15.0835,15.0842,15.084,15.084,15.0843,15.0838,15.084,15.0844,15.0847,15.0844,15.0866,15.0869,15.0875,15.0878,15.0888,15.0886,15.0886,15.0877,15.0889,15.0889,15.0892,15.0889,15.0863,15.0876,15.0876,15.089,15.0896,
Mon Apr 20 2020 01:03:01 GMT-0400 (Eastern Daylight Time)
15.0896,15.0897,15.0902,15.0898,15.0893,15.0891,15.0886,15.0885,15.0882,15.0884,15.0884,15.0879,15.0885,15.0885,15.0879,15.0879,15.0869,15.0876,15.0861,15.0866,15.0848,15.0851,15.0851,15.0851,15.0846,15.0852,15.0852,15.0852,15.0863,15.0868,15.0871,15.0863,15.0861,15.0859,15.0855,15.0866,15.086,15.086,15.0856,15.086,15.0856,15.086,15.0863,15.0863,15.0861,15.0863,15.0858,15.0862,15.0864,15.0864,15.0867,15.0859,15.0862,15.0859,15.0864,15.0863,15.0863,15.0859,15.0864,15.0871,
Mon Apr 20 2020 01:05:01 GMT-0400 (Eastern Daylight Time)
15.0871,15.0846,15.0857,15.0849,15.0844,15.0847,15.0862,15.0866,15.0864,15.0868,15.085,15.0854,15.0854,15.0854,15.0851,15.0851,15.0847,15.0848,15.0851,15.0855,15.0853,15.0857,15.0851,15.0854,15.0846,15.0843,15.0838,15.0842,15.0842,15.0842,15.0838,15.0838,15.083,15.0821,15.0813,15.0818,15.0821,15.0817,15.0806,15.0806,15.0802,15.0806,15.0795,15.0785,15.0785,15.0785,15.078,15.078,15.0788,15.0791,15.0816,15.0812,15.0806,15.0812,15.0812,15.0816,15.0826,15.0826,15.083,15.0833,
Mon Apr 20 2020 01:06:01 GMT-0400 (Eastern Daylight Time)
15.0827,15.0827,15.0827,15.0827,15.0827,15.0826,15.0829,15.0827,15.0827,15.0818,15.0818,15.0818,15.0813,15.0813,15.082,15.0821,15.0821,15.0827,15.0829,15.0832,15.0822,15.082,15.0814,15.082,15.0825,15.0817,15.0828,15.0822,15.0822,15.0825,15.0822,15.0817,15.0815,15.0818,15.0811,15.0811,15.0814,15.0819,15.0816,15.0811,15.0811,15.0832,15.0832,15.0825,15.0823,15.0802,15.0797,15.0809,15.0812,15.0815,15.0812,15.0807,15.0816,15.0816,15.0816,15.0816,15.0813,15.0818,15.0801,15.0803,
Mon Apr 20 2020 01:07:01 GMT-0400 (Eastern Daylight Time)
15.0801,15.0801,15.0801,15.0818,15.0815,15.0827,15.0834,15.0834,15.0837,15.0834,15.0838,15.0843,15.0833,15.0836,15.0839,15.0836,15.0839,15.0848,15.0853,15.0853,15.0857,15.0859,15.0859,15.0864,15.0864,15.086,15.0855,15.085,15.0848,15.0852,15.085,15.085,15.085,15.0853,15.0851,15.0851,15.0851,15.0845,15.0825,15.0815,15.0809,15.0802,15.0795,15.0793,15.0788,15.0774,15.077,15.0766,15.0762,15.0762,15.076,15.076,15.076,15.0765,15.0775,15.0775,15.0775,15.0767,15.0767,15.0759,
Mon Apr 20 2020 01:08:01 GMT-0400 (Eastern Daylight Time)
15.0764,15.0748,15.0734,15.0734,15.074,15.0735,15.0735,15.0738,15.0732,15.0729,15.0732,15.0729,15.0731,15.0727,15.0736,15.0747,15.0747,15.0744,15.0739,15.0747,15.0747,15.0747,15.0751,15.0751,15.0749,15.0737,15.0737,15.0744,15.0752,15.075,15.0739,15.0743,15.0735,15.0742,15.0745,15.0739,15.0729,15.0729,15.0723,15.0725,15.0728,15.0724,15.0718,15.0717,15.0713,15.0719,15.0745,15.0745,15.0748,15.0748,15.0739,15.073,15.0734,15.0737,15.0755,15.076,15.0754,15.0745,15.0745,15.0748,
Mon Apr 20 2020 01:09:01 GMT-0400 (Eastern Daylight Time)
15.0744,15.0744,15.0748,15.0748,15.0746,15.0741,15.0745,15.0745,15.074,15.074,15.0767,15.0769,15.0775,15.0763,15.0763,15.0755,15.0759,15.0754,15.0785,15.0788,15.0791,15.0785,15.079,15.0793,15.0793,15.0802,15.0806,15.0803,15.0799,15.0805,15.0809,15.0807,15.0795,15.0791,15.0791,15.0797,15.0797,15.0781,15.0774,15.0759,15.0766,15.0766,15.0761,15.0753,15.075,15.075,15.0744,15.0749,15.0749,15.0746,15.0746,15.0758,15.0755,15.0777,15.0771,15.0773,15.077,15.077,15.0774,15.0773,
Mon Apr 20 2020 01:10:01 GMT-0400 (Eastern Daylight Time)
15.0773,15.077,15.077,15.077,15.077,15.0769,15.0771,15.0773,15.0773,15.0768,15.076,15.0757,15.076,15.0763,15.0758,15.0758,15.0759,15.0755,15.0758,15.0754,15.0754,15.0753,15.0753,15.0747,15.0751,15.0754,15.0769,15.0767,15.0769,15.0768,15.0763,15.0763,15.0758,15.0758,15.0759,15.0765,15.0768,15.0762,15.076,15.0763,15.0765,15.0765,15.076,15.0759,15.0759,15.0761,15.0769,15.0767,15.0778,15.0778,15.0782,15.0805,15.0808,15.0808,15.081,15.081,15.081,15.0797,15.0798,15.0804,
Mon Apr 20 2020 01:11:01 GMT-0400 (Eastern Daylight Time)
15.0814,15.0811,15.0811,15.0811,15.082,15.082,15.0815,15.0824,15.0827,15.0827,15.0823,15.0818,15.0818,15.0814,15.0807,15.081,15.0817,15.0816,15.0813,15.0823,15.082,15.0813,15.0827,15.083,15.0834,15.083,15.0833,15.0815,15.0825,15.0825,15.0825,15.0828,15.0826,15.0819,15.0822,15.0822,15.0822,15.0826,15.0826,15.0829,15.0829,15.0832,15.0841,15.0841,15.0841,15.0844,15.0844,15.0839,15.0841,15.0834,15.0836,15.0834,15.0834,15.0836,15.0838,15.0834,15.0853,15.0853,15.0853,15.0848,
Mon Apr 20 2020 01:12:01 GMT-0400 (Eastern Daylight Time)
15.0842,15.0842,15.0853,15.0855,15.0848,15.0848,15.085,15.0834,15.0834,15.083,15.0823,15.082,15.0848,15.0855,15.0849,15.0852,15.085,15.0853,15.0851,15.0849,15.0849,15.0837,15.0843,15.0836,15.084,15.0832,15.084,15.0835,15.0835,15.0835,15.0827,15.0831,15.0831,15.0837,15.0814,15.0815,15.0819,15.0816,15.0823,15.0826,15.0835,15.0829,15.0825,15.0829,15.0827,15.0841,15.0832,15.0826,15.0823,15.0828,15.0846,15.0848,15.0848,15.0848,15.0846,15.0849,15.0847,15.085,15.0859,15.0854,
Mon Apr 20 2020 01:13:02 GMT-0400 (Eastern Daylight Time)
15.0862,15.0862,15.0849,15.0846,15.0849,15.0841,15.0838,15.0831,15.0826,15.0829,15.0825,15.0818,15.0818,15.0823,15.0804,15.0813,15.0813,15.0813,15.0821,15.0825,15.0819,15.0821,15.0816,15.0835,15.0837,15.0847,15.0847,15.0825,15.0829,15.0845,15.084,15.0833,15.0831,15.0822,15.0824,15.0827,15.0827,15.0836,15.0839,15.0843,15.0841,15.0838,15.0838,15.0838,15.0832,15.0832,15.0827,15.0819,15.0824,15.083,15.0833,15.0845,15.084,15.0845,15.083,15.0824,15.0824,15.0819,15.0809,15.0815,
Mon Apr 20 2020 01:14:01 GMT-0400 (Eastern Daylight Time)
15.0808,15.0808,15.081,15.0815,15.0811,15.0811,15.0817,15.0843,15.0848,15.0845,15.0845,15.0853,15.0853,15.0848,15.0853,15.0857,15.0849,15.0846,15.0844,15.0839,15.0842,15.0837,15.0842,15.0846,15.0848,15.0854,15.0854,15.0848,15.0853,15.0845,15.0842,15.0852,15.0855,15.0855,15.0833,15.0821,15.0799,15.0796,15.079,15.0786,15.0786,15.0781,15.0779,15.079,15.0786,15.0783,15.0783,15.079,15.0791,15.0802,15.0812,15.0814,15.0814,15.0808,15.0808,15.0803,15.0803,15.0803,15.0803,15.0807,
Mon Apr 20 2020 01:15:01 GMT-0400 (Eastern Daylight Time)
15.0821,15.0821,15.0822,15.0824,15.0824,15.0824,15.0797,15.0804,15.0804,15.0804,15.0808,15.0823,15.0833,15.0836,15.0839,15.0845,15.084,15.084,15.0843,15.0834,15.0841,15.0853,15.0853,15.0851,15.0854,15.0854,15.0854,15.0854,15.0824,15.0821,15.0821,15.0823,15.0813,15.0815,15.0815,15.0823,15.0823,15.0827,15.082,15.0823,15.082,15.0817,15.0812,15.0809,15.0834,15.0846,15.0849,15.0837,15.084,15.084,15.0834,15.083,15.083,15.0833,15.0833,15.0827,15.082,15.0817,15.0815,15.0813,
Mon Apr 20 2020 01:16:01 GMT-0400 (Eastern Daylight Time)
15.081,15.081,15.081,15.0815,15.0815,15.0811,15.0813,15.0827,15.0827,15.0821,15.0812,15.0819,15.0819,15.0814,15.0814,15.0822,15.0812,15.0805,15.081,15.081,15.0808,15.081,15.0807,15.0805,15.0805,15.0805,15.0808,15.0811,15.0802,15.0802,15.0799,15.0792,15.0768,15.0771,15.0768,15.0765,15.0765,15.0771,15.0776,15.0786,15.0786,15.0776,15.0776,15.0803,15.08,15.0795,15.0787,15.079,15.0794,15.0791,15.078,15.0782,15.0779,15.0781,15.078,15.0771,15.0776,15.0772,15.0776,15.0765,
Mon Apr 20 2020 01:17:01 GMT-0400 (Eastern Daylight Time)
15.0768,15.0755,15.0751,15.0763,15.0753,15.0751,15.0747,15.0742,15.0745,15.0745,15.0743,15.075,15.0746,15.0741,15.0741,15.0731,15.074,15.0732,15.073,15.0743,15.0737,15.0744,15.074,15.0734,15.0732,15.0732,15.0731,15.0727,15.0727,15.0739,15.0739,15.0746,15.0743,15.074,15.0743,15.0743,15.0734,15.0727,15.0722,15.0722,15.0722,15.0727,15.0727,15.0733,15.0741,15.0741,15.0744,15.0742,15.0744,15.0746,15.0741,15.0744,15.0744,15.0744,15.0744,15.0742,15.0738,15.0742,15.074,15.0738,
Mon Apr 20 2020 01:18:01 GMT-0400 (Eastern Daylight Time)
15.0738,15.0736,15.0746,15.0748,15.0744,15.0744,15.0744,15.0749,15.0744,15.0747,15.0745,15.074,15.0746,15.0749,15.0738,15.0729,15.0726,15.0724,15.0724,15.0721,15.0721,15.0723,15.0721,15.0729,15.074,15.0743,15.0736,15.0735,15.0735,15.0725,15.0723,15.0729,15.0727,15.0732,15.0741,15.0725,15.0718,15.0711,15.0708,15.071,15.0702,15.0704,15.0704,15.0698,15.0695,15.0695,15.07,15.0703,15.0695,15.0701,15.0701,15.0713,15.0718,15.0718,15.0722,15.0714,15.0718,15.0721,15.0718,15.0715,
Mon Apr 20 2020 01:19:01 GMT-0400 (Eastern Daylight Time)
15.0718,15.0718,15.0718,15.0716,15.0707,15.0707,15.0703,15.071,15.071,15.071,15.0713,15.071,15.0707,15.071,15.0707,15.0709,15.0721,15.0725,15.0728,15.0718,15.0722,15.0722,15.073,15.0727,15.0722,15.0738,15.0749,15.0745,15.0748,15.0743,15.0737,15.0731,15.0731,15.0731,15.0735,15.0723,15.072,15.0723,15.0723,15.0726,15.0726,15.0729,15.0729,15.0744,15.0747,15.0749,15.0752,15.0748,15.0731,15.0718,15.0718,15.0721,15.0721,15.0718,15.0717,15.072,15.0716,15.0709,15.0709,15.0717,
Mon Apr 20 2020 01:20:01 GMT-0400 (Eastern Daylight Time)
15.0717,15.0717,15.0717,15.0715,15.072,15.0716,15.0713,15.0703,15.0698,15.0702,15.0706,15.0708,15.0731,15.0733,15.0729,15.0729,15.0742,15.0742,15.0741,15.0742,15.0726,15.0726,15.0732,15.073,15.0724,15.0727,15.0732,15.0732,15.0728,15.0728,15.0731,15.0725,15.0725,15.0722,15.0741,15.0743,15.0737,15.0727,15.0715,15.0726,15.0726,15.0726,15.0726,15.0719,15.0722,15.0722,15.072,15.0712,15.0712,15.0712,15.071,15.0708,15.0701,15.0703,15.0703,15.0706,15.0698,15.0698,15.0693,15.0711,
Mon Apr 20 2020 01:21:01 GMT-0400 (Eastern Daylight Time)
15.0704,15.0701,15.07,15.0693,15.0723,15.0715,15.0715,15.0715,15.0715,15.0718,15.071,15.0707,15.0731,15.0738,15.0724,15.0703,15.0699,15.0704,15.0704,15.0714,15.0707,15.0714,15.0714,15.072,15.072,15.0717,15.0717,15.071,15.0724,15.075,15.0765,15.076,15.076,15.0763,15.0768,15.0764,15.0769,15.0786,15.0771,15.0764,15.0761,15.0759,15.0752,15.0744,15.0754,15.0754,15.0759,15.0763,15.0761,15.0761,15.0763,15.0754,15.0757,15.076,15.076,15.076,15.0765,15.0772,15.0777,15.078,
Mon Apr 20 2020 01:23:01 GMT-0400 (Eastern Daylight Time)
15.0788,15.0877,15.0872,15.0869,15.0866,15.0862,15.0862,15.0865,15.0871,15.0871,15.0867,15.0869,15.0862,15.0864,15.0875,15.0868,15.0873,15.0873,15.087,15.087,15.0864,15.0871,15.0877,15.0875,15.087,15.087,15.0866,15.0863,15.0866,15.0866,15.0864,15.0861,15.0861,15.0853,15.0848,15.0853,15.0846,15.0846,15.0854,15.0853,15.0853,15.085,15.085,15.0847,15.086,15.0865,15.0879,15.0876,15.0876,15.0879,15.0885,15.0877,15.0877,15.0877,15.0877,15.0869,15.0873,15.0875,15.0873,15.0875,
Mon Apr 20 2020 01:24:01 GMT-0400 (Eastern Daylight Time)
15.0872,15.0872,15.0872,15.0882,15.0885,15.0887,15.0887,15.0884,15.0881,15.0891,15.0891,15.09,15.0897,15.0901,15.0907,15.0899,15.091,15.0914,15.0912,15.0906,15.0908,15.0905,15.0902,15.0901,15.0901,15.0901,15.0901,15.0895,15.0897,15.0901,15.0893,15.0879,15.0888,15.0886,15.0898,15.0896,15.0893,15.0888,15.0892,15.0891,15.0891,15.0886,15.0889,15.0893,15.0891,15.0893,15.0886,15.088,15.0886,15.0883,15.0883,15.088,15.0882,15.0886,15.0895,15.0898,15.0893,15.0888,15.0885,15.0885,
Mon Apr 20 2020 01:25:01 GMT-0400 (Eastern Daylight Time)
15.0883,15.0887,15.0887,15.0887,15.088,15.087,15.087,15.087,15.087,15.0866,15.087,15.0878,15.088,15.088,15.0878,15.0873,15.0873,15.088,15.0905,15.0908,15.0896,15.0896,15.0899,15.0895,15.0902,15.0886,15.0888,15.0898,15.0898,15.0903,15.0903,15.0899,15.0899,15.091,15.091,15.0902,15.0911,15.0908,15.0906,15.0906,15.0918,15.0915,15.0911,15.0895,15.0896,15.0907,15.0893,15.0885,15.0883,15.0886,15.0889,15.0879,15.0883,15.0883,15.0885,15.0885,15.089,15.0886,15.0879,15.0879,
Mon Apr 20 2020 01:26:01 GMT-0400 (Eastern Daylight Time)
15.0873,15.0876,15.0878,15.0878,15.0878,15.0863,15.0874,15.0874,15.0867,15.0867,15.0865,15.0859,15.0862,15.0862,15.0841,15.0841,15.0853,15.0849,15.0851,15.0851,15.0847,15.0838,15.0833,15.0833,15.0826,15.0817,15.0817,15.0811,15.0805,15.0788,15.0788,15.0791,15.0786,15.0802,15.0807,15.0807,15.0813,15.0808,15.0804,15.0801,15.0807,15.0812,15.0814,15.0812,15.0803,15.0806,15.08,15.0797,15.0794,15.0794,15.08,15.0795,15.0793,15.0797,15.08,15.0795,15.0799,15.0796,15.08,15.08,
Mon Apr 20 2020 01:27:01 GMT-0400 (Eastern Daylight Time)
15.0808,15.0811,15.0811,15.08,15.0806,15.0806,15.0809,15.0805,15.0814,15.0814,15.0817,15.0816,15.083,15.0821,15.0826,15.0829,15.0836,15.0836,15.0832,15.0832,15.0829,15.0829,15.0829,15.0831,15.0834,15.0836,15.0843,15.0843,15.0845,15.0845,15.0848,15.0845,15.0847,15.0847,15.0842,15.0842,15.0842,15.0842,15.0844,15.0842,15.0842,15.0842,15.0842,15.0847,15.0834,15.0834,15.083,15.0835,15.0841,15.0842,15.0847,15.0846,15.0846,15.0842,15.0834,15.0844,15.0845,15.0845,15.0854,15.0852,
Mon Apr 20 2020 01:28:00 GMT-0400 (Eastern Daylight Time)
15.086,15.0857,15.086,15.086,15.0862,15.0862,15.0862,15.0864,15.0853,15.0856,15.0858,15.0881,15.0881,15.0886,15.088,15.0883,15.0868,15.0866,15.0866,15.0866,15.0877,15.0877,15.0871,15.0871,15.0862,15.0865,15.0854,15.0851,15.0842,15.0845,15.0845,15.084,15.0846,15.0844,15.0844,15.0836,15.0827,15.0827,15.0832,15.0838,15.0828,15.0828,15.0811,15.0811,15.0817,15.0833,15.0838,15.0838,15.0823,15.0828,15.0825,15.0825,15.0822,15.0827,15.0833,15.0833,15.0834,15.0841,15.0836,15.0836,
Mon Apr 20 2020 01:29:01 GMT-0400 (Eastern Daylight Time)
15.0839,15.0846,15.083,15.0831,15.0824,15.082,15.0822,15.0822,15.0845,15.0842,15.0839,15.0842,15.0845,15.0845,15.0851,15.0839,15.0828,15.0828,15.083,15.0833,15.0823,15.0821,15.0816,15.0822,15.0839,15.0841,15.0845,15.0848,15.0846,15.0848,15.0846,15.0846,15.0846,15.083,15.083,15.0842,15.0847,15.0862,15.0862,15.0855,15.0864,15.0857,15.0857,15.0856,15.0853,15.0849,15.0869,15.0872,15.087,15.0858,15.0856,15.0855,15.0843,15.0846,15.0848,15.0826,15.0826,15.0826,15.0826,15.083,
Mon Apr 20 2020 01:30:01 GMT-0400 (Eastern Daylight Time)
15.0837,15.0837,15.0843,15.084,15.0847,15.0849,15.0868,15.0872,15.0868,15.0864,15.0861,15.0857,15.0852,15.0857,15.0857,15.0849,15.0856,15.0856,15.0856,15.0856,15.0878,15.0875,15.0875,15.0871,15.088,15.0882,15.0882,15.0877,15.0884,15.0873,15.0888,15.0891,15.0891,15.0889,15.0889,15.0881,15.0893,15.0886,15.0892,15.0878,15.0871,15.0881,15.0873,15.0874,15.0869,15.0873,15.0878,15.0865,15.0868,15.0861,15.0883,15.0878,15.0878,15.087,15.087,15.0862,15.0862,15.0862,15.0858,15.084,
Mon Apr 20 2020 01:31:01 GMT-0400 (Eastern Daylight Time)
15.084,15.084,15.084,15.0827,15.0827,15.0827,15.0851,15.0851,15.0851,15.0851,15.0851,15.0851,15.0854,15.0854,15.0844,15.0844,15.0847,15.0847,15.0854,15.0849,15.0856,15.0859,15.0852,15.0852,15.0862,15.0862,15.0862,15.0864,15.0873,15.0864,15.0861,15.0861,15.0871,15.0875,15.0872,15.0869,15.0867,15.0865,15.0865,15.0865,15.0887,15.0887,15.0896,15.0893,15.0884,15.0884,15.0884,15.0881,15.087,15.0876,15.0876,15.0879,15.0883,15.0883,15.0889,15.0894,15.0885,15.0885,15.0876,15.087,
Mon Apr 20 2020 01:32:00 GMT-0400 (Eastern Daylight Time)
15.0854,15.0854,15.0861,15.0861,15.0852,15.0843,15.0843,15.0838,15.0834,15.0833,15.0836,15.084,15.0843,15.0847,15.0843,15.084,15.0844,15.083,15.0824,15.0822,15.0826,15.083,15.083,15.0833,15.0853,15.0834,15.0834,15.0831,15.0827,15.0827,15.0832,15.0832,15.0825,15.082,15.0818,15.082,15.0806,15.0809,15.0817,15.0817,15.0819,15.0847,15.0853,15.0856,15.0868,15.0878,15.0874,15.0877,15.0871,15.0869,15.0869,15.086,15.0872,15.0872,15.0872,15.0872,15.0868,15.088,15.0877,15.0874,
Mon Apr 20 2020 01:33:01 GMT-0400 (Eastern Daylight Time)
15.087,15.088,15.088,15.0882,15.0877,15.0877,15.0872,15.0878,15.0886,15.0898,15.0861,15.0861,15.0877,15.0881,15.0881,15.0878,15.0875,15.0872,15.0875,15.0878,15.0878,15.0875,15.0875,15.0881,15.0873,15.0858,15.0858,15.0858,15.0855,15.0859,15.0865,15.0865,15.0859,15.0859,15.0865,15.0845,15.0842,15.0862,15.0865,15.0894,15.0891,15.0891,15.0891,15.0891,15.0907,15.0907,15.0916,15.092,15.0925,15.092,15.0911,15.0911,15.0905,15.0917,15.0912,15.0915,15.0915,15.0905,15.0878,15.0882,
Mon Apr 20 2020 01:34:00 GMT-0400 (Eastern Daylight Time)
15.0887,15.0887,15.0895,15.0872,15.087,15.0864,15.0864,15.086,15.0846,15.0826,15.0829,15.0829,15.0827,15.0827,15.0827,15.0831,15.0836,15.084,15.0838,15.0838,15.0838,15.0835,15.084,15.0835,15.0832,15.0828,15.0828,15.0828,15.0824,15.0822,15.0818,15.0822,15.0818,15.0824,15.082,15.0817,15.0821,15.0824,15.0821,15.0825,15.0824,15.082,15.0814,15.081,15.0809,15.0811,15.0814,15.0816,15.0816,15.0816,15.082,15.082,15.0809,15.0817,15.0821,15.0825,15.0826,15.085,15.0846,15.0846,
Mon Apr 20 2020 01:35:00 GMT-0400 (Eastern Daylight Time)
15.0841,15.0841,15.0837,15.0841,15.0835,15.0839,15.0836,15.0832,15.0833,15.083,15.0833,15.0846,15.0845,15.0857,15.0853,15.0851,15.0853,15.0851,15.0856,15.0856,15.0859,15.0859,15.0869,15.0866,15.0873,15.0873,15.087,15.0865,15.0872,15.0872,15.0872,15.0862,15.0865,15.0875,15.0875,15.0877,15.0867,15.087,15.0867,15.0867,15.087,15.0875,15.0869,15.0859,15.0864,15.0864,15.0862,15.0851,15.0849,15.0839,15.0836,15.0841,15.0843,15.0843,15.084,15.0838,15.0839,15.0836,15.0836,15.0839,
Mon Apr 20 2020 01:36:00 GMT-0400 (Eastern Daylight Time)
15.0847,15.0842,15.0842,15.0839,15.0845,15.0848,15.084,15.0844,15.0835,15.0839,15.083,15.0827,15.0827,15.0813,15.0813,15.0817,15.0811,15.0815,15.0813,15.0811,15.081,15.081,15.081,15.0818,15.0821,15.0821,15.0825,15.082,15.0816,15.0811,15.0811,15.0811,15.0819,15.0815,15.0815,15.0812,15.0815,15.0812,15.0813,15.0813,15.0806,15.0804,15.0806,15.0806,15.08,15.0803,15.0796,15.0784,15.0794,15.0796,15.0793,15.0807,15.0817,15.0822,15.0827,15.0821,15.0831,15.0826,15.0825,15.084,
Mon Apr 20 2020 01:37:00 GMT-0400 (Eastern Daylight Time)
15.0833,15.0811,15.0814,15.0814,15.0818,15.0824,15.0845,15.0845,15.0823,15.082,15.0823,15.0823,15.0825,15.0837,15.0834,15.0834,15.0831,15.0831,15.0821,15.0828,15.0828,15.0825,15.0833,15.084,15.084,15.0837,15.0839,15.0842,15.0842,15.0846,15.085,15.0858,15.0852,15.0844,15.0848,15.0841,15.0841,15.0855,15.0848,15.0849,15.0864,15.0856,15.0854,15.0854,15.0857,15.0864,15.087,15.0873,15.0874,15.0875,15.0894,15.0894,15.0894,15.0889,15.0881,15.0888,15.0895,15.089,15.0888,15.0897,
Mon Apr 20 2020 01:38:01 GMT-0400 (Eastern Daylight Time)
15.09,15.0904,15.0906,15.0903,15.0906,15.0911,15.0916,15.0913,15.0893,15.0897,15.0902,15.09,15.09,15.0895,15.0891,15.0889,15.0889,15.089,15.0887,15.0885,15.0875,15.086,15.0854,15.0858,15.0856,15.0852,15.0843,15.0845,15.0845,15.0851,15.0847,15.0848,15.0864,15.0873,15.0871,15.0867,15.0873,15.0866,15.0862,15.0859,15.0863,15.0866,15.0848,15.0848,15.0846,15.0849,15.084,15.0841,15.0838,15.0845,15.0849,15.0849,15.0849,15.0855,15.0858,15.0858,15.0861,15.0855,15.0855,15.0855,
Mon Apr 20 2020 01:39:00 GMT-0400 (Eastern Daylight Time)
15.0855,15.085,15.0865,15.0868,15.0868,15.0846,15.0846,15.085,15.085,15.085,15.085,15.0845,15.0845,15.0841,15.0845,15.0845,15.0845,15.0841,15.0841,15.0841,15.0841,15.0853,15.0853,15.0886,15.0884,15.0881,15.0877,15.0874,15.0872,15.0867,15.0867,15.0857,15.0849,15.0849,15.0851,15.0859,15.0859,15.0854,15.0854,15.0858,15.088,15.0877,15.0893,15.0893,15.0893,15.0887,15.0881,15.0889,15.0892,15.0902,15.0902,15.0902,15.0888,15.0888,15.0888,15.0882,15.0878,15.0881,15.0884,15.0886,
Mon Apr 20 2020 01:40:00 GMT-0400 (Eastern Daylight Time)
15.088,15.088,15.0891,15.0895,15.0895,15.0888,15.0885,15.0881,15.0894,15.0894,15.0894,15.089,15.0892,15.0883,15.0886,15.0883,15.0887,15.089,15.0887,15.0875,15.0879,15.0875,15.0872,15.0842,15.0833,15.0824,15.0826,15.0834,15.0834,15.0836,15.0836,15.0839,15.0839,15.0845,15.0848,15.0832,15.0838,15.0865,15.0859,15.0862,15.0862,15.0868,15.087,15.0876,15.088,15.0875,15.0877,15.0877,15.088,15.0879,15.0879,15.0883,15.0883,15.0898,15.09,15.09,15.09,15.09,15.09,15.0896,
Mon Apr 20 2020 01:41:01 GMT-0400 (Eastern Daylight Time)
15.0896,15.0896,15.0896,15.0884,15.0884,15.0884,15.0884,15.0875,15.0875,15.0864,15.0847,15.0847,15.0849,15.0818,15.0811,15.0818,15.0818,15.0818,15.0818,15.0818,15.0812,15.0813,15.0803,15.08,15.0804,15.0799,15.0795,15.0794,15.0794,15.0794,15.0792,15.0804,15.0801,15.0808,15.0818,15.081,15.081,15.081,15.0817,15.0807,15.0807,15.08,15.08,15.0806,15.0804,15.0811,15.0809,15.0803,15.0807,15.0813,15.0817,15.0812,15.0811,15.0811,15.0812,15.0815,15.0811,15.0808,15.0813,15.0814,
Mon Apr 20 2020 01:42:01 GMT-0400 (Eastern Daylight Time)
15.0809,15.0821,15.0818,15.0797,15.0792,15.0779,15.0774,15.0763,15.0766,15.0767,15.0767,15.0769,15.0769,15.0768,15.0771,15.0771,15.0768,15.0765,15.0767,15.076,15.0764,15.0757,15.0757,15.0771,15.0768,15.0768,15.0774,15.0769,15.0765,15.0757,15.0757,15.0759,15.0759,15.0767,15.076,15.0756,15.0749,15.0759,15.0753,15.0746,15.0729,15.0732,15.0732,15.0717,15.0719,15.0692,15.0698,15.0695,15.0692,15.0698,15.0696,15.0696,15.0696,15.0699,15.0693,15.0702,15.0699,15.0701,15.0691,15.0691,
Mon Apr 20 2020 01:43:01 GMT-0400 (Eastern Daylight Time)
15.0707,15.0707,15.0707,15.0707,15.0721,15.0726,15.0721,15.0721,15.0721,15.0727,15.0751,15.0753,15.0772,15.0763,15.076,15.0752,15.0753,15.0748,15.0751,15.0753,15.0757,15.0757,15.0757,15.0764,15.0761,15.0776,15.0776,15.0779,15.0782,15.0782,15.0788,15.0786,15.0786,15.0787,15.0787,15.0772,15.0776,15.0772,15.0769,15.0769,15.0759,15.0759,15.0759,15.0739,15.0739,15.0756,15.0754,15.0752,15.0749,15.0743,15.075,15.0755,15.0755,15.0751,15.0748,15.0747,15.0757,15.0751,15.0748,15.0748,
Mon Apr 20 2020 01:44:01 GMT-0400 (Eastern Daylight Time)
15.0756,15.0756,15.0737,15.0733,15.0741,15.0743,15.0739,15.0739,15.0739,15.0736,15.0737,15.0734,15.0731,15.0738,15.0742,15.0738,15.0743,15.0745,15.0745,15.0745,15.0747,15.0753,15.0758,15.0747,15.0744,15.0741,15.0737,15.0735,15.073,15.073,15.073,15.073,15.0736,15.074,15.0743,15.0749,15.0757,15.0756,15.0759,15.0761,15.0729,15.0728,15.0726,15.0729,15.0731,15.0731,15.0757,15.0746,15.0746,15.0748,15.0755,15.0759,15.077,15.0775,15.0779,15.0777,15.0777,15.0776,15.0776,15.0784,
Mon Apr 20 2020 01:45:02 GMT-0400 (Eastern Daylight Time)
15.0786,15.0788,15.0788,15.0785,15.0789,15.0775,15.0773,15.0781,15.0781,15.0784,15.0789,15.0789,15.0783,15.0794,15.0796,15.0802,15.0802,15.0798,15.0784,15.0784,15.0795,15.079,15.0788,15.0785,15.0782,15.0785,15.0779,15.0781,15.0781,15.0788,15.0795,15.0782,15.0785,15.0789,15.0792,15.0795,15.079,15.08,15.08,15.0803,15.0798,15.0789,15.0786,15.0781,15.0781,15.0779,15.0797,15.0797,15.0802,15.0815,15.081,15.0813,15.0807,15.081,15.0806,15.08,15.0798,15.0772,15.0769,15.0767,
Mon Apr 20 2020 01:46:01 GMT-0400 (Eastern Daylight Time)
15.077,15.0775,15.0778,15.0778,15.0779,15.0769,15.0764,15.0765,15.0758,15.0759,15.0763,15.0768,15.0768,15.0768,15.0768,15.077,15.0767,15.0772,15.0776,15.0779,15.0794,15.0796,15.0799,15.0794,15.0794,15.0794,15.0796,15.0783,15.0783,15.0781,15.0781,15.078,15.0776,15.0779,15.0779,15.0777,15.0777,15.078,15.0782,15.078,15.078,15.0786,15.0789,15.0789,15.0793,15.0804,15.0802,15.0802,15.0778,15.0764,15.0764,15.0766,15.0766,15.0771,15.0768,15.0763,15.0755,15.0754,15.0758,15.0751,
Mon Apr 20 2020 01:47:01 GMT-0400 (Eastern Daylight Time)
15.0758,15.0755,15.0743,15.0743,15.074,15.0761,15.0765,15.0765,15.0765,15.0768,15.078,15.0782,15.0782,15.0786,15.0796,15.0789,15.0789,15.0791,15.0793,15.0797,15.0801,15.0796,15.0795,15.0804,15.0792,15.0792,15.0793,15.0792,15.0797,15.0795,15.0788,15.0788,15.0791,15.079,15.0792,15.0792,15.0792,15.0786,15.0789,15.0784,15.0787,15.0799,15.0799,15.0799,15.0797,15.0793,15.0792,15.0792,15.0795,15.0797,15.08,15.0797,15.0797,15.0803,15.0809,15.0805,15.0809,15.0791,15.0794,15.0795,
Mon Apr 20 2020 01:48:01 GMT-0400 (Eastern Daylight Time)
15.0795,15.0792,15.078,15.078,15.078,15.0777,15.0781,15.0784,15.0784,15.078,15.0786,15.0789,15.0781,15.0786,15.0786,15.078,15.0782,15.0787,15.078,15.078,15.0776,15.0773,15.0776,15.0771,15.0771,15.0779,15.0777,15.0775,15.0771,15.0771,15.0774,15.0784,15.0788,15.0783,15.0798,15.0793,15.0799,15.0804,15.0804,15.0807,15.0807,15.0811,15.0799,15.0794,15.0792,15.0794,15.0799,15.0795,15.0795,15.0799,15.0804,15.0804,15.0803,15.0797,15.0797,15.0794,15.0798,15.0804,15.0804,15.0797,
Mon Apr 20 2020 01:49:01 GMT-0400 (Eastern Daylight Time)
15.0799,15.0802,15.0808,15.0808,15.081,15.0817,15.0821,15.0826,15.0828,15.0832,15.0833,15.0844,15.0844,15.0844,15.0845,15.0841,15.0847,15.0847,15.0836,15.0836,15.0834,15.0834,15.0855,15.0858,15.0865,15.0865,15.0864,15.0868,15.0868,15.0847,15.0839,15.0833,15.0833,15.083,15.083,15.0824,15.0816,15.0816,15.0828,15.083,15.0825,15.0846,15.0862,15.0862,15.0862,15.0862,15.0863,15.0859,15.0857,15.086,15.0853,15.085,15.0845,15.085,15.0858,15.0858,15.0846,15.0841,15.0851,15.0848,
Mon Apr 20 2020 01:50:01 GMT-0400 (Eastern Daylight Time)
15.0848,15.0852,15.0852,15.0849,15.0847,15.085,15.085,15.085,15.0848,15.085,15.0846,15.0851,15.0855,15.085,15.0854,15.0859,15.0839,15.0839,15.0835,15.0836,15.0827,15.0824,15.0827,15.0824,15.0824,15.0809,15.0797,15.0791,15.0787,15.0783,15.0786,15.0792,15.0768,15.0765,15.0763,15.0761,15.0761,15.0769,15.0773,15.0776,15.0779,15.0775,15.0778,15.0776,15.0777,15.0774,15.0774,15.0778,15.0781,15.0779,15.077,15.077,15.077,15.0768,15.0767,15.0769,15.0769,15.0775,15.0772,15.0769,
Mon Apr 20 2020 01:51:01 GMT-0400 (Eastern Daylight Time)
15.0758,15.0758,15.0776,15.0776,15.0789,15.0789,15.0786,15.0783,15.0789,15.0798,15.0803,15.0797,15.0795,15.0795,15.0801,15.0798,15.0817,15.0819,15.0814,15.0808,15.0804,15.0801,15.0787,15.0787,15.079,15.0797,15.08,15.0797,15.0792,15.0799,15.0792,15.0792,15.0792,15.0802,15.0804,15.0805,15.0805,15.0801,15.0811,15.0818,15.0809,15.0809,15.0802,15.0802,15.0806,15.0797,15.0801,15.0798,15.0798,15.0787,15.0774,15.0771,15.0772,15.0772,15.0772,15.0775,15.0767,15.0773,15.0768,15.0776,
Mon Apr 20 2020 01:52:01 GMT-0400 (Eastern Daylight Time)
15.077,15.0781,15.0781,15.0802,15.0802,15.0804,15.0799,15.0792,15.0795,15.0792,15.0792,15.0784,15.0787,15.0793,15.079,15.0768,15.0768,15.0764,15.0764,15.0763,15.076,15.0744,15.0741,15.0741,15.0741,15.0744,15.0733,15.073,15.0738,15.0743,15.074,15.0742,15.0742,15.0736,15.0739,15.0748,15.0752,15.0758,15.076,15.0764,15.0764,15.0777,15.0765,15.0758,15.0762,15.0759,15.0762,15.0757,15.0747,15.0745,15.0745,15.0745,15.0757,15.0757,15.0761,15.0758,15.076,15.076,15.0752,15.0755,
Mon Apr 20 2020 01:53:01 GMT-0400 (Eastern Daylight Time)
15.0755,15.0757,15.0748,15.0748,15.0751,15.0746,15.074,15.074,15.076,15.076,15.0756,15.0749,15.0749,15.0749,15.0747,15.075,15.0747,15.0747,15.0754,15.0757,15.0761,15.0763,15.0732,15.0734,15.0734,15.0738,15.0738,15.0743,15.0746,15.0745,15.0749,15.0733,15.0733,15.0733,15.0739,15.0732,15.0739,15.0744,15.0747,15.0752,15.0757,15.0765,15.0778,15.0789,15.0797,15.0791,15.0759,15.0759,15.0759,15.0762,15.0767,15.077,15.077,15.077,15.0761,15.0754,15.0782,15.0779,15.0781,15.0781,
Mon Apr 20 2020 01:54:01 GMT-0400 (Eastern Daylight Time)
15.0781,15.0784,15.0793,15.0796,15.0796,15.0796,15.0793,15.0793,15.079,15.079,15.0797,15.079,15.079,15.0792,15.0789,15.0793,15.0793,15.0793,15.0788,15.0785,15.0796,15.0801,15.0791,15.0796,15.0793,15.0796,15.0793,15.079,15.079,15.0787,15.0776,15.0778,15.0778,15.0778,15.0781,15.0776,15.0776,15.078,15.0787,15.0787,15.0787,15.0782,15.0786,15.0786,15.0786,15.0798,15.0802,15.0797,15.0803,15.0795,15.0795,15.0792,15.0785,15.0785,15.0785,15.0782,15.0782,15.0783,15.079,15.079,
Mon Apr 20 2020 01:55:01 GMT-0400 (Eastern Daylight Time)
15.0781,15.0783,15.0791,15.0791,15.0788,15.0791,15.0793,15.0793,15.0796,15.0807,15.0804,15.0819,15.0822,15.0822,15.0823,15.082,15.0816,15.0813,15.0825,15.0834,15.0834,15.0825,15.0837,15.0834,15.0831,15.0831,15.0838,15.0838,15.0838,15.0839,15.0835,15.0835,15.0838,15.0838,15.0832,15.0832,15.0839,15.0832,15.0827,15.0837,15.0843,15.085,15.0853,15.0856,15.0853,15.0853,15.0849,15.084,15.084,15.0845,15.0857,15.0847,15.0847,15.0847,15.0839,15.0832,15.0832,15.0841,15.0843,15.0847,
Mon Apr 20 2020 01:56:00 GMT-0400 (Eastern Daylight Time)
15.0847,15.0839,15.0836,15.0836,15.0842,15.0842,15.0842,15.0836,15.0836,15.0841,15.0837,15.0831,15.0817,15.0789,15.0793,15.0793,15.0795,15.0799,15.0799,15.0796,15.0798,15.0807,15.0804,15.0804,15.0804,15.0824,15.0818,15.0815,15.0812,15.0809,15.0786,15.0788,15.078,15.0776,15.0758,15.0761,15.0766,15.0769,15.0784,15.079,15.0793,15.0789,15.0799,15.0796,15.0796,15.0789,15.0786,15.0789,15.0798,15.0798,15.0803,15.0795,15.0802,15.0791,15.0794,15.0785,15.0761,15.0761,15.0763,15.0763,
Mon Apr 20 2020 01:57:01 GMT-0400 (Eastern Daylight Time)
15.077,15.0772,15.0765,15.0765,15.0765,15.0758,15.0754,15.0758,15.0758,15.0758,15.0753,15.0761,15.0763,15.0756,15.077,15.0763,15.076,15.076,15.0757,15.0761,15.0761,15.0776,15.0784,15.0782,15.0779,15.0779,15.0797,15.0797,15.0796,15.0798,15.0789,15.0782,15.0782,15.078,15.077,15.077,15.0774,15.077,15.0776,15.0777,15.0775,15.0775,15.0789,15.0786,15.0802,15.0797,15.0802,15.081,15.0807,15.0803,15.0805,15.0808,15.0805,15.0808,15.0811,15.0814,15.0808,15.0811,15.0802,15.0811,
Mon Apr 20 2020 01:58:01 GMT-0400 (Eastern Daylight Time)
15.08,15.0802,15.081,15.081,15.0797,15.0797,15.0807,15.0801,15.0837,15.0834,15.0826,15.0822,15.0822,15.0822,15.0827,15.0823,15.0823,15.082,15.0825,15.0814,15.0803,15.0803,15.0802,15.0794,15.0794,15.0798,15.0793,15.0795,15.0799,15.0799,15.0795,15.0827,15.0812,15.0817,15.0815,15.0811,15.0808,15.0808,15.0816,15.081,15.081,15.0807,15.0811,15.0811,15.0809,15.0803,15.0814,15.0814,15.0811,15.0808,15.083,15.083,15.0833,15.0835,15.083,15.0832,15.0828,15.0835,15.0823,15.0823,
Mon Apr 20 2020 01:59:02 GMT-0400 (Eastern Daylight Time)
15.0819,15.0816,15.0812,15.0819,15.0825,15.0825,15.0827,15.0827,15.0838,15.083,15.0827,15.0834,15.0832,15.0838,15.0838,15.0832,15.0837,15.0834,15.0834,15.0837,15.0851,15.0848,15.0845,15.0845,15.0845,15.0845,15.0856,15.0855,15.0861,15.0858,15.0857,15.0857,15.0854,15.0851,15.0854,15.0858,15.0856,15.0856,15.0854,15.0862,15.0865,15.0865,15.0852,15.0855,15.0861,15.0861,15.0866,15.087,15.0873,15.0875,15.0888,15.0897,15.0892,15.0892,15.0898,15.087,15.0867,15.0867,15.0871,15.0868,
Mon Apr 20 2020 02:00:01 GMT-0400 (Eastern Daylight Time)
15.0865,15.0868,15.0868,15.0865,15.0876,15.0876,15.0879,15.0881,15.0884,15.0892,15.0894,15.0894,15.0899,15.0903,15.0894,15.0894,15.0908,15.0904,15.0901,15.0896,15.0896,15.0896,15.0904,15.0898,15.0898,15.0893,15.0889,15.0889,15.0891,15.0891,15.0895,15.0892,15.0897,15.0904,15.0904,15.091,15.091,15.09,15.0898,15.0904,15.0908,15.0905,15.0905,15.0891,15.0898,15.0902,15.0902,15.0907,15.0907,15.0907,15.0908,15.0909,15.0904,15.0882,15.0891,15.088,15.088,15.0892,15.0895,15.087,
Mon Apr 20 2020 02:01:01 GMT-0400 (Eastern Daylight Time)
15.0867,15.087,15.087,15.0876,15.0876,15.0876,15.0875,15.0875,15.0877,15.0877,15.0879,15.0877,15.0882,15.0882,15.0875,15.0885,15.0888,15.089,15.0893,15.0893,15.09,15.09,15.091,15.0912,15.0918,15.0921,15.0918,15.0923,15.0919,15.0919,15.0907,15.0901,15.0899,15.0901,15.0901,15.0905,15.0905,15.0905,15.0905,15.0909,15.0913,15.09,15.09,15.0897,15.09,15.0906,15.0906,15.0889,15.0889,15.0889,15.0892,15.0897,15.0894,15.0897,15.0892,15.0892,15.0887,15.0889,15.0889,15.0894,
Mon Apr 20 2020 02:02:01 GMT-0400 (Eastern Daylight Time)
15.0894,15.0895,15.0895,15.0905,15.0908,15.0909,15.0907,15.091,15.0915,15.0889,15.0889,15.0884,15.0871,15.0867,15.0869,15.0869,15.0874,15.0871,15.0874,15.0865,15.0874,15.0871,15.0867,15.0865,15.086,15.086,15.0857,15.0852,15.0852,15.0855,15.0859,15.0857,15.0857,15.0859,15.0854,15.0857,15.0858,15.0861,15.0865,15.0862,15.0862,15.0866,15.0861,15.0856,15.0858,15.0857,15.0857,15.0858,15.0858,15.0855,15.085,15.0843,15.0834,15.0821,15.0821,15.0808,15.0808,15.0816,15.082,15.081,
Mon Apr 20 2020 02:03:01 GMT-0400 (Eastern Daylight Time)
15.0808,15.0808,15.0811,15.0819,15.0813,15.0818,15.0821,15.0808,15.0811,15.0818,15.0826,15.0826,15.082,15.082,15.0844,15.085,15.0847,15.0843,15.0843,15.0853,15.0852,15.0852,15.0859,15.0862,15.0866,15.0857,15.0857,15.086,15.0858,15.0858,15.0858,15.0846,15.0839,15.0836,15.0831,15.0821,15.0825,15.0823,15.0819,15.0812,15.0812,15.0807,15.0801,15.0796,15.0796,15.0796,15.0791,15.0791,15.0788,15.0788,15.0788,15.0786,15.0786,15.0783,15.0796,15.0797,15.08,15.0802,15.0802,15.0799,
Mon Apr 20 2020 02:05:01 GMT-0400 (Eastern Daylight Time)
15.0802,15.0874,15.0869,15.0853,15.0853,15.0853,15.0852,15.0855,15.0852,15.0862,15.0862,15.0867,15.0867,15.0867,15.0873,15.087,15.0871,15.0874,15.0877,15.0875,15.0875,15.0875,15.0902,15.0898,15.0898,15.09,15.09,15.0906,15.0908,15.0911,15.0906,15.0912,15.0912,15.0908,15.0914,15.0915,15.0911,15.0915,15.0915,15.0926,15.0931,15.0934,15.0934,15.0934,15.0934,15.0942,15.0942,15.0938,15.0934,15.0935,15.0938,15.0948,15.0962,15.0951,15.0955,15.0967,15.0967,15.0973,15.0969,15.096,
Mon Apr 20 2020 02:08:01 GMT-0400 (Eastern Daylight Time)
15.0954,15.0981,15.0984,15.0988,15.0986,15.098,15.0984,15.0984,15.0984,15.0987,15.1005,15.1024,15.1024,15.1029,15.1029,15.104,15.1057,15.1061,15.1056,15.1056,15.1059,15.1059,15.1059,15.1057,15.1064,15.1074,15.1081,15.1077,15.1074,15.107,15.107,15.1078,15.1078,15.108,15.1078,15.1078,15.1082,15.1094,15.1094,15.1097,15.1097,15.1097,15.1099,15.1084,15.1084,15.1087,15.1111,15.111,15.111,15.1107,15.1104,15.1106,15.1106,15.1106,15.1106,15.1088,15.1081,15.1081,15.1081,15.1073,
Mon Apr 20 2020 02:09:01 GMT-0400 (Eastern Daylight Time)
15.1073,15.1073,15.1068,15.1063,15.1055,15.1055,15.1052,15.1044,15.1038,15.1038,15.1033,15.1039,15.104,15.1043,15.104,15.1046,15.1044,15.1047,15.1043,15.1043,15.1037,15.1025,15.1022,15.1028,15.1032,15.1035,15.1035,15.1038,15.1036,15.1036,15.1039,15.1029,15.1031,15.1042,15.1032,15.1026,15.1019,15.1023,15.1023,15.1034,15.1029,15.1025,15.1022,15.1032,15.1038,15.1039,15.1045,15.1054,15.1052,15.1052,15.105,15.1051,15.1048,15.105,15.1053,15.1056,15.1059,15.1056,15.1061,15.105,
Mon Apr 20 2020 02:10:01 GMT-0400 (Eastern Daylight Time)
15.1041,15.1041,15.1041,15.1041,15.1041,15.1036,15.1038,15.1047,15.105,15.1063,15.106,15.106,15.1057,15.1051,15.1051,15.1051,15.1048,15.1045,15.1049,15.1056,15.1054,15.1054,15.1054,15.1054,15.1058,15.1058,15.1055,15.1048,15.1045,15.1034,15.1037,15.1033,15.1033,15.1041,15.1038,15.1041,15.1052,15.1048,15.1048,15.1055,15.1052,15.1052,15.1046,15.1044,15.104,15.104,15.1034,15.1039,15.1037,15.1033,15.1031,15.1033,15.1024,15.1021,15.1021,15.1029,15.1033,15.1029,15.1029,15.1036,
Mon Apr 20 2020 02:11:01 GMT-0400 (Eastern Daylight Time)
15.1036,15.1036,15.1041,15.1044,15.1044,15.1044,15.1028,15.1028,15.1034,15.103,15.1023,15.1027,15.1041,15.1046,15.1034,15.103,15.1027,15.1024,15.1024,15.1016,15.1013,15.0997,15.0997,15.0992,15.0995,15.0988,15.0983,15.0983,15.1001,15.1011,15.101,15.1007,15.1011,15.1029,15.1021,15.1021,15.1025,15.1025,15.1019,15.1019,15.1006,15.1009,15.1008,15.1007,15.0999,15.0999,15.1004,15.1004,15.1014,15.1017,15.1039,15.1034,15.1042,15.1042,15.1046,15.1035,15.1035,15.1038,15.1042,15.1039,
Mon Apr 20 2020 02:12:01 GMT-0400 (Eastern Daylight Time)
15.1036,15.1036,15.1036,15.1036,15.1033,15.1033,15.1037,15.104,15.1034,15.102,15.1022,15.102,15.102,15.102,15.1014,15.1017,15.1011,15.1011,15.1014,15.1014,15.1015,15.1017,15.1013,15.1016,15.101,15.101,15.1005,15.1002,15.0999,15.0999,15.1004,15.0999,15.0999,15.1001,15.1001,15.0998,15.1012,15.1009,15.1009,15.1009,15.1009,15.1002,15.0999,15.0995,15.0993,15.0993,15.0993,15.0993,15.0993,15.0988,15.099,15.0983,15.0992,15.0992,15.1001,15.0998,15.099,15.0986,15.0988,15.0988,
Mon Apr 20 2020 02:13:01 GMT-0400 (Eastern Daylight Time)
15.0986,15.0991,15.0992,15.0992,15.0992,15.1012,15.1012,15.1016,15.1043,15.1045,15.1045,15.1045,15.1049,15.1049,15.1052,15.1056,15.1047,15.1061,15.1061,15.1057,15.1058,15.1058,15.1064,15.1064,15.1071,15.1074,15.1074,15.1071,15.1059,15.1062,15.1068,15.1046,15.105,15.1054,15.1054,15.1057,15.1073,15.1061,15.1057,15.1054,15.1055,15.1064,15.1059,15.1046,15.1063,15.1057,15.1055,15.1055,15.1059,15.1065,15.1065,15.1074,15.1074,15.1079,15.1073,15.1073,15.108,15.109,15.1089,15.109,
Mon Apr 20 2020 02:14:01 GMT-0400 (Eastern Daylight Time)
15.109,15.1097,15.1093,15.1084,15.1082,15.1082,15.1086,15.108,15.108,15.1084,15.1093,15.1105,15.1102,15.1097,15.1102,15.1102,15.1106,15.1103,15.1103,15.1103,15.1103,15.1103,15.1106,15.1106,15.1108,15.1094,15.1078,15.107,15.1064,15.1057,15.1057,15.1063,15.107,15.1063,15.1065,15.1065,15.1054,15.106,15.1068,15.1068,15.1072,15.1075,15.1072,15.1075,15.1074,15.1074,15.1071,15.1075,15.1081,15.1094,15.109,15.1093,15.1094,15.1097,15.1102,15.1099,15.1099,15.1097,15.1112,15.1119,
Mon Apr 20 2020 02:15:02 GMT-0400 (Eastern Daylight Time)
15.1119,15.1116,15.1116,15.1114,15.1108,15.1108,15.1105,15.1105,15.1094,15.1106,15.1103,15.11,15.1109,15.1112,15.1112,15.1115,15.1096,15.1102,15.1096,15.1096,15.11,15.11,15.11,15.1099,15.1087,15.1083,15.1078,15.1083,15.1077,15.1073,15.1063,15.1059,15.1056,15.106,15.1066,15.1071,15.1076,15.1072,15.1074,15.1068,15.107,15.1074,15.1074,15.1077,15.1073,15.1073,15.1071,15.1076,15.1081,15.1087,15.1087,15.1087,15.1104,15.1104,15.1104,15.1099,15.1104,15.1099,15.1099,15.1106,
Mon Apr 20 2020 02:16:01 GMT-0400 (Eastern Daylight Time)
15.111,15.1106,15.1108,15.1108,15.1108,15.1108,15.1108,15.1106,15.1097,15.1092,15.1089,15.1089,15.1103,15.1089,15.109,15.1087,15.1091,15.1091,15.1092,15.1092,15.1097,15.1098,15.1098,15.1099,15.1127,15.113,15.1131,15.1129,15.1112,15.1112,15.1116,15.1119,15.1117,15.1128,15.1131,15.1131,15.1142,15.1142,15.114,15.1135,15.1155,15.1148,15.1118,15.1113,15.1113,15.1092,15.1089,15.1089,15.1096,15.1103,15.1107,15.1103,15.1111,15.1124,15.1131,15.1135,15.1128,15.1128,15.1131,15.1137,
Mon Apr 20 2020 02:17:01 GMT-0400 (Eastern Daylight Time)
15.1144,15.1144,15.1144,15.1144,15.1144,15.1137,15.1137,15.1133,15.1143,15.1156,15.1153,15.1156,15.1153,15.1174,15.1174,15.1174,15.117,15.1175,15.1178,15.1183,15.1185,15.1185,15.118,15.118,15.1174,15.1186,15.1186,15.1189,15.1184,15.1189,15.1195,15.1198,15.1195,15.1198,15.1202,15.1202,15.1216,15.1209,15.1216,15.1221,15.1235,15.1235,15.1265,15.1267,15.1276,15.1279,15.1279,15.1279,15.1287,15.1286,15.1283,15.1287,15.1274,15.1277,15.1274,15.1271,15.1278,15.1275,15.1275,15.1275,
Mon Apr 20 2020 02:18:01 GMT-0400 (Eastern Daylight Time)
15.1282,15.1278,15.1278,15.1278,15.1276,15.1265,15.1265,15.1258,15.1254,15.1254,15.1257,15.1252,15.1252,15.1254,15.1254,15.1257,15.1246,15.1246,15.1265,15.1265,15.1268,15.128,15.1271,15.1275,15.1277,15.128,15.1287,15.1287,15.1274,15.1274,15.1274,15.1279,15.128,15.128,15.1283,15.1283,15.1282,15.1299,15.1299,15.1299,15.1295,15.1295,15.1283,15.1283,15.1292,15.1288,15.129,15.1292,15.1288,15.1296,15.1296,15.1295,15.1295,15.1287,15.129,15.1285,15.1286,15.1286,15.1286,15.1295,
Mon Apr 20 2020 02:19:01 GMT-0400 (Eastern Daylight Time)
15.1293,15.1296,15.1296,15.1296,15.1285,15.1285,15.1285,15.1288,15.1283,15.1296,15.1289,15.1289,15.1284,15.1282,15.1284,15.1286,15.1286,15.1289,15.1288,15.1291,15.1289,15.1293,15.1293,15.129,15.13,15.1308,15.1309,15.1315,15.1315,15.1312,15.1315,15.132,15.1324,15.1335,15.1329,15.1329,15.1345,15.1347,15.1349,15.1344,15.1344,15.1347,15.1347,15.1349,15.136,15.1356,15.1366,15.1379,15.1379,15.1379,15.1379,15.1379,15.1376,15.1374,15.1392,15.1397,15.1384,15.1363,15.1381,15.1375,
Mon Apr 20 2020 02:20:01 GMT-0400 (Eastern Daylight Time)
15.1379,15.1379,15.1379,15.139,15.1396,15.1396,15.1412,15.1408,15.1409,15.1411,15.1414,15.1414,15.1408,15.1414,15.1417,15.1418,15.1424,15.1416,15.1423,15.1426,15.14,15.14,15.14,15.14,15.1394,15.1397,15.14,15.1409,15.1416,15.1412,15.1412,15.1415,15.1405,15.1402,15.1396,15.1402,15.1398,15.1385,15.1385,15.139,15.1385,15.1385,15.1385,15.1385,15.1388,15.1383,15.1371,15.1363,15.136,15.1366,15.1368,15.1368,15.1376,15.1374,15.1374,15.1389,15.1395,15.1391,15.1391,15.1401,
Mon Apr 20 2020 02:21:01 GMT-0400 (Eastern Daylight Time)
15.1401,15.1403,15.1403,15.1403,15.1411,15.1411,15.1417,15.1408,15.1411,15.1388,15.1385,15.1385,15.1378,15.137,15.1366,15.1366,15.1362,15.1367,15.1369,15.1366,15.1363,15.1366,15.1369,15.1379,15.1385,15.1381,15.1376,15.1383,15.1396,15.1391,15.1391,15.1394,15.139,15.1402,15.1402,15.1392,15.1387,15.1385,15.1377,15.1374,15.1366,15.136,15.1356,15.135,15.1337,15.1337,15.1332,15.1342,15.1339,15.1338,15.1334,15.1336,15.1351,15.1345,15.1345,15.1335,15.1335,15.1347,15.135,15.1348,
Mon Apr 20 2020 02:22:01 GMT-0400 (Eastern Daylight Time)
15.1348,15.1357,15.1357,15.1357,15.1358,15.136,15.136,15.1353,15.1353,15.1347,15.1343,15.1343,15.1348,15.1348,15.1353,15.1349,15.1356,15.1353,15.1355,15.1393,15.1396,15.1395,15.1392,15.1397,15.1397,15.1376,15.1372,15.1369,15.1366,15.1377,15.1387,15.1387,15.1397,15.1401,15.1401,15.1393,15.1386,15.1388,15.1397,15.1402,15.1402,15.1406,15.1396,15.1392,15.139,15.1385,15.138,15.1387,15.1387,15.1384,15.1373,15.1373,15.1385,15.1386,15.1382,15.1368,15.1368,15.1343,15.1341,15.1341,
Mon Apr 20 2020 02:23:01 GMT-0400 (Eastern Daylight Time)
15.1338,15.1338,15.1347,15.1347,15.1351,15.1351,15.1351,15.1345,15.1345,15.1356,15.1359,15.1389,15.14,15.1395,15.1392,15.1392,15.1392,15.14,15.1392,15.1386,15.1386,15.1391,15.1388,15.138,15.1391,15.1386,15.139,15.1394,15.1394,15.1396,15.14,15.1412,15.1405,15.1404,15.1411,15.142,15.1402,15.1417,15.1414,15.1414,15.1411,15.1407,15.141,15.1414,15.1417,15.1412,15.14,15.14,15.1411,15.1407,15.1411,15.1401,15.1401,15.1398,15.1405,15.1408,15.1409,15.1395,15.1395,15.1389,
Mon Apr 20 2020 02:24:01 GMT-0400 (Eastern Daylight Time)
15.1391,15.1389,15.1391,15.1391,15.1391,15.1401,15.1401,15.1397,15.1398,15.1396,15.1396,15.1402,15.1405,15.1405,15.1405,15.1407,15.1407,15.1399,15.1399,15.1409,15.1406,15.1406,15.1404,15.1406,15.1408,15.1413,15.1416,15.1424,15.145,15.145,15.1453,15.1463,15.1467,15.1467,15.1469,15.1469,15.1461,15.1465,15.1465,15.1473,15.1481,15.1484,15.1487,15.1484,15.1484,15.1478,15.1487,15.149,15.15,15.1514,15.1504,15.1507,15.151,15.1503,15.1509,15.1516,15.152,15.1523,15.1527,15.1531,
Mon Apr 20 2020 02:25:01 GMT-0400 (Eastern Daylight Time)
15.1531,15.1541,15.1538,15.1538,15.1536,15.1533,15.1517,15.1517,15.151,15.1507,15.1512,15.1512,15.1512,15.1509,15.1506,15.1504,15.1499,15.1495,15.1494,15.1494,15.1494,15.1499,15.1502,15.1505,15.15,15.1511,15.1502,15.1504,15.1504,15.1517,15.152,15.1524,15.1524,15.152,15.152,15.1528,15.1531,15.1546,15.1554,15.1554,15.1558,15.1558,15.155,15.155,15.155,15.1549,15.1547,15.1544,15.1543,15.1546,15.1549,15.1553,15.155,15.1553,15.1553,15.1548,15.1543,15.155,15.1542,15.1539,
Mon Apr 20 2020 02:26:01 GMT-0400 (Eastern Daylight Time)
15.1548,15.1551,15.1551,15.1574,15.1574,15.1566,15.1566,15.1566,15.1572,15.1572,15.1569,15.1569,15.1569,15.1583,15.1586,15.158,15.1577,15.1581,15.1581,15.1585,15.1585,15.1575,15.1579,15.1579,15.1579,15.1581,15.1581,15.1573,15.1575,15.1578,15.1581,15.1585,15.1581,15.1583,15.1583,15.1583,15.1579,15.1598,15.1606,15.161,15.1607,15.1606,15.1606,15.1606,15.1612,15.1584,15.1589,15.1582,15.1582,15.1583,15.1591,15.1591,15.159,15.159,15.159,15.159,15.1587,15.1599,15.1602,15.1613,
Mon Apr 20 2020 02:27:01 GMT-0400 (Eastern Daylight Time)
15.1609,15.1619,15.1619,15.1615,15.1613,15.1615,15.1627,15.1631,15.1629,15.1622,15.1616,15.1616,15.1622,15.1622,15.1627,15.1617,15.1617,15.1617,15.1613,15.1608,15.16,15.1597,15.1584,15.1584,15.1592,15.157,15.1566,15.1566,15.1566,15.1573,15.1574,15.1567,15.1564,15.1558,15.1557,15.156,15.156,15.1566,15.1566,15.1566,15.156,15.1578,15.1576,15.1576,15.1576,15.1565,15.1559,15.1559,15.1559,15.1558,15.1558,15.155,15.1546,15.1543,15.155,15.1531,15.1527,15.1518,15.1518,15.1522,
Mon Apr 20 2020 02:28:02 GMT-0400 (Eastern Daylight Time)
15.1524,15.1525,15.1532,15.1532,15.1532,15.1532,15.1525,15.1546,15.1537,15.1528,15.1525,15.1521,15.1518,15.1514,15.1514,15.1516,15.1522,15.1527,15.1516,15.151,15.151,15.1491,15.15,15.1497,15.1497,15.1472,15.1481,15.1485,15.1473,15.1484,15.1481,15.1475,15.1469,15.1471,15.1468,15.1473,15.1468,15.1464,15.1464,15.1468,15.146,15.1457,15.1458,15.1461,15.1481,15.1464,15.1479,15.1478,15.1475,15.1472,15.1472,15.1463,15.1438,15.1449,15.1449,15.1449,15.1452,15.1451,15.1446,15.1448,
Mon Apr 20 2020 02:29:01 GMT-0400 (Eastern Daylight Time)
15.1443,15.1443,15.1445,15.1445,15.1449,15.1448,15.1448,15.1448,15.1477,15.1477,15.1468,15.1465,15.1462,15.1464,15.1462,15.1458,15.1449,15.1444,15.1452,15.1455,15.1452,15.1461,15.1458,15.1458,15.1456,15.1461,15.1461,15.1461,15.1456,15.1448,15.1448,15.1438,15.144,15.1438,15.1439,15.1439,15.1436,15.1436,15.1436,15.1436,15.1428,15.1436,15.1438,15.1429,15.1444,15.1444,15.144,15.144,15.144,15.1447,15.1443,15.1443,15.1443,15.1447,15.1445,15.1458,15.1462,15.1454,15.145,15.1445,
Mon Apr 20 2020 02:30:01 GMT-0400 (Eastern Daylight Time)
15.1447,15.1445,15.144,15.144,15.1435,15.1432,15.1434,15.1434,15.1434,15.1448,15.1444,15.1444,15.144,15.1432,15.1432,15.1432,15.1432,15.1445,15.1445,15.1448,15.1453,15.1479,15.1477,15.1483,15.1488,15.1487,15.1481,15.1486,15.148,15.1479,15.1479,15.1473,15.1471,15.1473,15.1476,15.148,15.1486,15.1485,15.1477,15.1482,15.1489,15.1482,15.1479,15.1473,15.1465,15.1465,15.1461,15.1468,15.1468,15.1465,15.1465,15.1471,15.1483,15.1479,15.1474,15.147,15.1472,15.1471,15.1474,15.1474,
Mon Apr 20 2020 02:31:02 GMT-0400 (Eastern Daylight Time)
15.1471,15.1467,15.1467,15.1467,15.1467,15.1467,15.1467,15.1467,15.146,15.146,15.1461,15.1467,15.1467,15.1461,15.1459,15.1455,15.1458,15.1463,15.1458,15.1449,15.1446,15.1448,15.1454,15.1459,15.1457,15.1451,15.1445,15.1447,15.1445,15.1447,15.1447,15.1442,15.1438,15.1431,15.1417,15.1418,15.1422,15.1446,15.1436,15.1436,15.1439,15.1435,15.1442,15.1436,15.145,15.1449,15.1435,15.1439,15.1439,15.1445,15.1443,15.1443,15.1441,15.1448,15.1448,15.1448,15.1448,15.1448,15.1461,15.1461,
Mon Apr 20 2020 02:32:01 GMT-0400 (Eastern Daylight Time)
15.1454,15.1454,15.1464,15.146,15.1456,15.1441,15.144,15.144,15.144,15.144,15.1444,15.1443,15.1443,15.1435,15.1431,15.1422,15.1431,15.1431,15.1424,15.1424,15.1421,15.1417,15.1418,15.1424,15.1427,15.1424,15.141,15.141,15.141,15.1393,15.1393,15.1393,15.1401,15.1401,15.14,15.1397,15.1401,15.1429,15.1418,15.1414,15.1414,15.1397,15.1397,15.1398,15.1395,15.1393,15.139,15.139,15.1397,15.1395,15.1384,15.1389,15.1395,15.139,15.1366,15.1363,15.1369,15.1371,15.1374,15.1379,
Mon Apr 20 2020 02:33:02 GMT-0400 (Eastern Daylight Time)
15.1382,15.1385,15.1406,15.1403,15.1406,15.1403,15.1406,15.1408,15.1402,15.1398,15.1398,15.1389,15.1382,15.1384,15.1378,15.1371,15.1371,15.1375,15.1383,15.1386,15.1388,15.1388,15.1382,15.1385,15.1385,15.1396,15.1391,15.1396,15.1396,15.1396,15.1402,15.1404,15.1409,15.1409,15.1408,15.1411,15.1414,15.1414,15.1418,15.1413,15.1416,15.1413,15.1425,15.1421,15.1421,15.1426,15.1423,15.1423,15.1426,15.1429,15.1425,15.1418,15.1421,15.1421,15.1421,15.1412,15.1416,15.1409,15.1409,15.1405,
Mon Apr 20 2020 02:34:01 GMT-0400 (Eastern Daylight Time)
15.1396,15.1399,15.1403,15.1403,15.1403,15.1396,15.1396,15.1396,15.1405,15.1405,15.1406,15.141,15.1401,15.1397,15.1402,15.1405,15.1402,15.1399,15.1391,15.1391,15.1389,15.1402,15.1404,15.1401,15.1398,15.1398,15.1402,15.1405,15.1409,15.1414,15.1418,15.1438,15.1438,15.1455,15.1457,15.1448,15.1452,15.1455,15.1462,15.1466,15.1466,15.1466,15.1464,15.1459,15.1459,15.1459,15.1455,15.1447,15.1447,15.1447,15.147,15.147,15.146,15.1466,15.1468,15.148,15.1478,15.1473,15.1465,15.1464,
Mon Apr 20 2020 02:35:01 GMT-0400 (Eastern Daylight Time)
15.1467,15.1467,15.1456,15.1454,15.1454,15.1451,15.1438,15.1435,15.1418,15.1413,15.1401,15.1397,15.1392,15.1387,15.1377,15.1373,15.1373,15.137,15.1354,15.135,15.135,15.135,15.1347,15.1355,15.1355,15.1355,15.1354,15.1352,15.1354,15.1341,15.1338,15.1338,15.1344,15.134,15.134,15.1336,15.1336,15.1338,15.1323,15.1325,15.1323,15.1321,15.1333,15.1347,15.1349,15.1354,15.1335,15.1323,15.1323,15.1319,15.1315,15.1323,15.132,15.132,15.1325,15.133,15.1316,15.1314,15.1318,15.1318,
Mon Apr 20 2020 02:36:01 GMT-0400 (Eastern Daylight Time)
15.1312,15.1326,15.1323,15.1318,15.1318,15.129,15.1292,15.1292,15.1292,15.1292,15.1292,15.1292,15.1289,15.1292,15.1301,15.1301,15.1297,15.1293,15.1301,15.1304,15.1307,15.1307,15.131,15.131,15.131,15.1309,15.1302,15.1291,15.1291,15.1291,15.1292,15.1289,15.1292,15.1294,15.1295,15.1292,15.1292,15.1276,15.1304,15.1302,15.128,15.128,15.1285,15.128,15.1287,15.1287,15.1274,15.1271,15.1258,15.1261,15.1257,15.1252,15.1249,15.1249,15.1239,15.1238,15.1238,15.1236,15.1239,15.1243,
Mon Apr 20 2020 02:37:01 GMT-0400 (Eastern Daylight Time)
15.1243,15.1232,15.1239,15.1228,15.1228,15.1228,15.1208,15.1208,15.1208,15.1195,15.1192,15.1189,15.1184,15.1184,15.1192,15.1188,15.1195,15.1198,15.1198,15.1203,15.1203,15.121,15.121,15.1203,15.1203,15.1203,15.1191,15.1191,15.1193,15.1196,15.1189,15.1187,15.1187,15.1191,15.1189,15.1189,15.1187,15.1187,15.1185,15.1189,15.1199,15.1196,15.1194,15.1194,15.1188,15.1186,15.121,15.1224,15.1224,15.1221,15.1213,15.1215,15.1233,15.1226,15.1223,15.1223,15.1223,15.1222,15.1225,15.1221,
Mon Apr 20 2020 02:38:01 GMT-0400 (Eastern Daylight Time)
15.1218,15.1206,15.121,15.1213,15.1218,15.1218,15.1206,15.1209,15.1205,15.1205,15.1201,15.1204,15.1204,15.121,15.1215,15.1211,15.1211,15.1214,15.1221,15.1226,15.1226,15.1231,15.1217,15.1215,15.1212,15.1212,15.1212,15.121,15.1212,15.1212,15.1205,15.1211,15.1207,15.1207,15.1203,15.1203,15.1203,15.1203,15.1183,15.1177,15.1177,15.1177,15.1164,15.1163,15.1161,15.1159,15.1159,15.1159,15.1154,15.1152,15.1144,15.1141,15.1144,15.115,15.1164,15.1153,15.1155,15.1161,15.1161,15.1153,
Mon Apr 20 2020 02:39:01 GMT-0400 (Eastern Daylight Time)
15.1153,15.1153,15.1154,15.1157,15.1157,15.116,15.1162,15.1155,15.1152,15.1164,15.1167,15.1144,15.1131,15.1131,15.1126,15.113,15.1122,15.1123,15.1123,15.1119,15.1119,15.1123,15.112,15.1108,15.112,15.1122,15.1129,15.1135,15.1132,15.1128,15.1129,15.113,15.1126,15.1126,15.1114,15.111,15.1123,15.1123,15.1123,15.1121,15.1123,15.1134,15.1131,15.1131,15.1129,15.1126,15.1129,15.1118,15.1111,15.1109,15.1101,15.1115,15.1124,15.1099,15.1091,15.1087,15.1087,15.1087,15.1083,15.1083,
Mon Apr 20 2020 02:40:01 GMT-0400 (Eastern Daylight Time)
15.1078,15.1068,15.1079,15.1079,15.1079,15.1076,15.1072,15.1087,15.1089,15.1103,15.1101,15.1086,15.1102,15.1102,15.1108,15.1111,15.1114,15.1111,15.1108,15.1108,15.1096,15.1118,15.1121,15.1106,15.1115,15.1111,15.1107,15.1107,15.1103,15.1101,15.1101,15.1108,15.111,15.1108,15.1109,15.111,15.1107,15.1106,15.1106,15.111,15.1106,15.1104,15.1106,15.1108,15.1097,15.1094,15.1089,15.1093,15.1107,15.1111,15.1114,15.1114,15.1117,15.1117,15.1117,15.1126,15.1121,15.1121,15.112,15.1117,
Mon Apr 20 2020 02:41:01 GMT-0400 (Eastern Daylight Time)
15.1116,15.1118,15.1123,15.1123,15.1123,15.1126,15.1126,15.113,15.1138,15.1141,15.1142,15.1142,15.1142,15.1138,15.1131,15.1131,15.1131,15.1129,15.1135,15.1134,15.1146,15.115,15.1164,15.116,15.116,15.1153,15.1153,15.115,15.1137,15.1144,15.114,15.1137,15.1159,15.1159,15.1168,15.1164,15.1168,15.1167,15.1178,15.1175,15.1175,15.1178,15.1178,15.1167,15.1146,15.1149,15.1147,15.1142,15.1142,15.1143,15.1131,15.1124,15.1117,15.1117,15.1134,15.1137,15.1137,15.1144,15.1142,15.1141,
Mon Apr 20 2020 02:42:01 GMT-0400 (Eastern Daylight Time)
15.1141,15.1139,15.1139,15.1139,15.1139,15.1136,15.1138,15.1138,15.1131,15.1134,15.1137,15.1132,15.1125,15.1125,15.1117,15.1119,15.1119,15.1122,15.1138,15.1136,15.1121,15.1118,15.1118,15.1133,15.113,15.1125,15.1126,15.1121,15.1123,15.1115,15.1113,15.1118,15.1112,15.1115,15.111,15.1105,15.1108,15.1108,15.1106,15.1118,15.1114,15.1114,15.1117,15.112,15.1122,15.1127,15.1129,15.1136,15.1136,15.1134,15.1132,15.1137,15.1137,15.1125,15.1128,15.1129,15.1126,15.1122,15.1114,15.1114,
Mon Apr 20 2020 02:43:01 GMT-0400 (Eastern Daylight Time)
15.1111,15.1111,15.1111,15.1111,15.1111,15.1111,15.1111,15.1111,15.1112,15.1098,15.1088,15.1088,15.1086,15.1078,15.1078,15.1093,15.1093,15.1097,15.1098,15.1102,15.1106,15.1106,15.1106,15.1108,15.1108,15.1105,15.1103,15.1103,15.1099,15.1102,15.1107,15.1117,15.1115,15.1142,15.1139,15.1133,15.113,15.1143,15.1143,15.1146,15.1135,15.1129,15.1121,15.1117,15.1121,15.1121,15.111,15.111,15.111,15.111,15.1107,15.1107,15.111,15.111,15.1107,15.1107,15.1102,15.1105,15.1096,15.1098,
Mon Apr 20 2020 02:45:01 GMT-0400 (Eastern Daylight Time)
15.1102,15.1178,15.1175,15.1172,15.1168,15.1165,15.1165,15.1162,15.1162,15.1157,15.1146,15.115,15.115,15.1147,15.1145,15.1139,15.1135,15.1132,15.1132,15.1132,15.1123,15.1123,15.1102,15.1104,15.1099,15.1088,15.1105,15.1101,15.1101,15.1101,15.1097,15.11,15.1103,15.1105,15.1101,15.1104,15.1106,15.1106,15.1106,15.1107,15.1107,15.111,15.1113,15.1103,15.1103,15.1103,15.1105,15.1097,15.1095,15.1095,15.1105,15.1089,15.1086,15.1086,15.1089,15.1076,15.1071,15.1071,15.1071,15.1071,
Mon Apr 20 2020 02:46:02 GMT-0400 (Eastern Daylight Time)
15.1071,15.1071,15.1071,15.1071,15.107,15.107,15.107,15.1074,15.1076,15.1073,15.1068,15.1063,15.1067,15.1067,15.1063,15.1062,15.1079,15.1074,15.1068,15.1072,15.1076,15.1076,15.1078,15.1078,15.1076,15.106,15.106,15.1046,15.1046,15.1046,15.1043,15.1034,15.1037,15.1037,15.1042,15.1039,15.1039,15.1057,15.1057,15.1054,15.1057,15.105,15.1053,15.1051,15.1051,15.1047,15.1052,15.1025,15.1016,15.1016,15.1012,15.1022,15.1025,15.1028,15.1029,15.1023,15.1008,15.0997,15.0997,15.0987,
Mon Apr 20 2020 02:47:01 GMT-0400 (Eastern Daylight Time)
15.0986,15.0986,15.0978,15.0983,15.0978,15.0971,15.0972,15.097,15.0967,15.0972,15.0985,15.099,15.0989,15.0989,15.0987,15.0997,15.0997,15.1017,15.1024,15.103,15.1034,15.1032,15.1032,15.1027,15.1021,15.1018,15.1014,15.1009,15.1006,15.101,15.1007,15.1005,15.1008,15.1008,15.1008,15.1011,15.1008,15.1008,15.1012,15.1001,15.1001,15.1001,15.1001,15.0996,15.0996,15.1007,15.1013,15.1024,15.1024,15.1032,15.1032,15.1035,15.1045,15.1036,15.1036,15.1034,15.1027,15.1028,15.1028,15.1029,
Mon Apr 20 2020 02:48:01 GMT-0400 (Eastern Daylight Time)
15.1023,15.1028,15.1028,15.1033,15.1034,15.1032,15.1032,15.1011,15.1012,15.1012,15.1009,15.1007,15.1003,15.0996,15.0996,15.1007,15.1014,15.1014,15.1012,15.1015,15.1001,15.0998,15.0998,15.1005,15.1009,15.1007,15.1014,15.1021,15.1021,15.1027,15.1027,15.1028,15.1031,15.1026,15.1033,15.1031,15.1036,15.1016,15.1016,15.1019,15.103,15.1016,15.1024,15.1008,15.1008,15.1005,15.1005,15.0994,15.0999,15.1002,15.1009,15.1007,15.1007,15.1004,15.1004,15.1008,15.1008,15.1005,15.1012,15.1009,
Mon Apr 20 2020 02:49:01 GMT-0400 (Eastern Daylight Time)
15.1007,15.101,15.101,15.1002,15.1002,15.1002,15.0998,15.1,15.1004,15.1004,15.0998,15.1003,15.1021,15.1018,15.102,15.102,15.1019,15.1019,15.1039,15.1046,15.1055,15.1055,15.1048,15.105,15.1053,15.1053,15.1061,15.1061,15.1091,15.1092,15.1096,15.11,15.1127,15.1127,15.1127,15.112,15.1128,15.1128,15.1128,15.1111,15.1099,15.1097,15.109,15.1082,15.1082,15.1082,15.1079,15.1083,15.1077,15.1071,15.1069,15.1075,15.1075,15.1091,15.1093,15.1095,15.1099,15.1094,15.1098,15.1097,
Mon Apr 20 2020 02:50:01 GMT-0400 (Eastern Daylight Time)
15.1101,15.1101,15.1101,15.1103,15.1103,15.1097,15.1094,15.1092,15.1095,15.1106,15.1132,15.1128,15.1128,15.1128,15.1128,15.1118,15.1125,15.1121,15.1121,15.1127,15.1127,15.1134,15.1134,15.1145,15.1145,15.1145,15.1143,15.1137,15.1133,15.112,15.1123,15.1109,15.1113,15.1115,15.1111,15.1112,15.1112,15.1124,15.1127,15.1136,15.1142,15.1142,15.1136,15.1135,15.1138,15.114,15.1137,15.1131,15.1115,15.1122,15.1125,15.1125,15.1125,15.112,15.1122,15.1125,15.1125,15.1125,15.1121,15.1107,
Mon Apr 20 2020 02:51:01 GMT-0400 (Eastern Daylight Time)
15.1121,15.1125,15.1129,15.1129,15.1108,15.1108,15.1116,15.112,15.1114,15.1112,15.1117,15.1113,15.1113,15.111,15.1104,15.1114,15.1105,15.1103,15.1107,15.1106,15.1106,15.1101,15.1086,15.109,15.1093,15.1095,15.1095,15.1101,15.1093,15.1093,15.1098,15.1095,15.1089,15.1089,15.1097,15.11,15.111,15.1113,15.1113,15.1116,15.1116,15.1114,15.1117,15.1121,15.1125,15.113,15.113,15.113,15.113,15.1133,15.1142,15.1143,15.1148,15.1147,15.1147,15.1146,15.1164,15.1164,15.1158,15.1158,
Mon Apr 20 2020 02:52:01 GMT-0400 (Eastern Daylight Time)
15.116,15.116,15.116,15.116,15.116,15.1165,15.1172,15.1172,15.1172,15.1168,15.1168,15.1169,15.1169,15.1172,15.1163,15.1166,15.1166,15.1169,15.1192,15.1196,15.1196,15.1188,15.1188,15.1188,15.1211,15.1207,15.1207,15.1201,15.1195,15.1188,15.1197,15.1201,15.1201,15.1198,15.1195,15.1195,15.1199,15.1201,15.1201,15.1206,15.1206,15.1199,15.1191,15.1194,15.1194,15.1176,15.1176,15.1182,15.1178,15.1175,15.1181,15.1176,15.1176,15.118,15.1187,15.1175,15.117,15.1163,15.1158,15.1158,
Mon Apr 20 2020 02:53:01 GMT-0400 (Eastern Daylight Time)
15.1161,15.1164,15.116,15.1151,15.117,15.117,15.1173,15.1167,15.1167,15.1173,15.1173,15.1168,15.1168,15.1171,15.1168,15.1161,15.1161,15.1155,15.1155,15.1153,15.1149,15.1149,15.1149,15.1153,15.1155,15.1149,15.1155,15.1166,15.1158,15.1158,15.115,15.1139,15.1139,15.1139,15.1136,15.1142,15.1142,15.1142,15.1121,15.1121,15.1121,15.1124,15.1121,15.1124,15.1122,15.1122,15.1115,15.1116,15.1123,15.1123,15.1123,15.1126,15.1121,15.113,15.1138,15.1144,15.1142,15.1145,15.1145,15.1153,
Mon Apr 20 2020 02:54:02 GMT-0400 (Eastern Daylight Time)
15.1142,15.1148,15.1152,15.1149,15.1146,15.1143,15.1151,15.1143,15.1141,15.1139,15.1143,15.1148,15.1142,15.1144,15.1142,15.1142,15.1139,15.1134,15.1134,15.113,15.1131,15.1136,15.1136,15.1132,15.1132,15.1135,15.1139,15.1145,15.1148,15.1148,15.1148,15.115,15.1158,15.1165,15.1163,15.1169,15.1167,15.1165,15.1172,15.1166,15.1169,15.1163,15.1161,15.1167,15.1165,15.1161,15.1154,15.1151,15.1148,15.1151,15.1151,15.1168,15.1164,15.1164,15.1164,15.1161,15.1158,15.117,15.117,15.116,
Mon Apr 20 2020 02:55:01 GMT-0400 (Eastern Daylight Time)
15.116,15.1161,15.1157,15.1157,15.1157,15.1193,15.1193,15.1181,15.1174,15.1171,15.1171,15.1159,15.1162,15.1162,15.116,15.1163,15.1184,15.1184,15.1184,15.1184,15.1187,15.1191,15.1193,15.1193,15.118,15.118,15.1176,15.1174,15.1165,15.1168,15.1181,15.1177,15.1178,15.1183,15.1183,15.1173,15.117,15.117,15.1166,15.1166,15.1156,15.1164,15.1157,15.1157,15.1148,15.1145,15.1143,15.1146,15.1146,15.1138,15.1138,15.1122,15.1117,15.112,15.112,15.1096,15.1108,15.1111,15.1113,15.111,
Mon Apr 20 2020 02:56:01 GMT-0400 (Eastern Daylight Time)
15.1099,15.1099,15.1099,15.1099,15.1099,15.1097,15.1097,15.1097,15.1093,15.1089,15.1087,15.1084,15.1081,15.1079,15.1077,15.1077,15.1074,15.1059,15.1055,15.1067,15.1056,15.106,15.1063,15.1059,15.1061,15.1061,15.1058,15.1058,15.1054,15.1058,15.1051,15.1051,15.1054,15.1047,15.1051,15.1051,15.1062,15.1055,15.1055,15.1055,15.1059,15.1056,15.1053,15.1061,15.1062,15.1056,15.1037,15.1037,15.1033,15.1048,15.1048,15.1046,15.1046,15.1046,15.1046,15.1049,15.1065,15.1061,15.1061,15.1056,
Mon Apr 20 2020 02:57:01 GMT-0400 (Eastern Daylight Time)
15.1059,15.1057,15.1062,15.1057,15.1057,15.1055,15.1062,15.106,15.1057,15.1054,15.1048,15.1051,15.1059,15.1059,15.1059,15.1062,15.1054,15.1052,15.105,15.1044,15.1044,15.1048,15.1046,15.1052,15.1048,15.1061,15.1053,15.1056,15.1061,15.1058,15.1058,15.1062,15.1062,15.106,15.106,15.1054,15.1063,15.1063,15.107,15.107,15.1076,15.1078,15.1078,15.1078,15.1076,15.1073,15.1073,15.1073,15.1076,15.1076,15.107,15.107,15.107,15.1073,15.1076,15.1069,15.1077,15.108,15.108,15.1077,
Mon Apr 20 2020 02:58:01 GMT-0400 (Eastern Daylight Time)
15.1072,15.1079,15.1079,15.1079,15.1079,15.1079,15.1084,15.1084,15.1081,15.1069,15.1066,15.107,15.107,15.108,15.1083,15.1083,15.1088,15.1092,15.1095,15.1099,15.1107,15.1107,15.109,15.109,15.1089,15.1086,15.1072,15.107,15.1074,15.1087,15.1091,15.1088,15.1082,15.1077,15.1077,15.1086,15.1093,15.1093,15.1097,15.1102,15.1113,15.111,15.1115,15.1115,15.1113,15.11,15.1089,15.1094,15.1094,15.1096,15.1091,15.1088,15.1091,15.1083,15.1086,15.1084,15.1074,15.1071,15.1075,15.108,
Mon Apr 20 2020 02:59:01 GMT-0400 (Eastern Daylight Time)
15.1078,15.1076,15.1077,15.1077,15.1071,15.106,15.1055,15.1053,15.1061,15.1058,15.1063,15.1063,15.1064,15.1073,15.1078,15.108,15.1094,15.1089,15.1089,15.1089,15.1087,15.1086,15.1083,15.1083,15.1079,15.1075,15.1068,15.107,15.1059,15.1062,15.1064,15.1064,15.1069,15.1071,15.1076,15.1076,15.1093,15.1097,15.1102,15.1099,15.1099,15.1093,15.1102,15.1114,15.112,15.1118,15.1109,15.1106,15.1103,15.1101,15.1095,15.1093,15.1096,15.1096,15.1101,15.1101,15.1095,15.1095,15.1093,15.109,
Mon Apr 20 2020 03:00:01 GMT-0400 (Eastern Daylight Time)
15.1081,15.1075,15.1078,15.1073,15.1068,15.1063,15.1066,15.1066,15.107,15.1071,15.1069,15.1065,15.1062,15.1066,15.1068,15.1071,15.1068,15.1071,15.1077,15.1077,15.1071,15.1088,15.1088,15.1088,15.1087,15.1087,15.1087,15.1087,15.1079,15.1084,15.1084,15.1084,15.1082,15.1078,15.1082,15.107,15.1072,15.1062,15.1062,15.1062,15.1065,15.1065,15.1099,15.1099,15.1094,15.1099,15.1097,15.109,15.109,15.109,15.1083,15.108,15.1077,15.1079,15.1082,15.1087,15.1086,15.1089,15.1086,15.109,
Mon Apr 20 2020 03:01:01 GMT-0400 (Eastern Daylight Time)
15.1095,15.1091,15.1093,15.1093,15.1093,15.1093,15.1093,15.108,15.108,15.1083,15.1083,15.11,15.1093,15.1096,15.1098,15.1098,15.1098,15.1092,15.1084,15.1074,15.1054,15.1055,15.1055,15.1055,15.1062,15.1059,15.1069,15.1067,15.1072,15.1069,15.1069,15.1074,15.1066,15.1068,15.1069,15.1072,15.1067,15.106,15.1062,15.105,15.1045,15.1039,15.1039,15.1039,15.1041,15.1046,15.1049,15.1046,15.1029,15.1027,15.1027,15.1031,15.1026,15.1026,15.1029,15.1011,15.0996,15.0992,15.0994,15.0997,
Mon Apr 20 2020 03:02:01 GMT-0400 (Eastern Daylight Time)
15.0997,15.0997,15.0997,15.0999,15.0999,15.0996,15.0986,15.0986,15.0987,15.0982,15.098,15.0969,15.0971,15.0968,15.0966,15.0966,15.0954,15.0953,15.095,15.0945,15.0956,15.0956,15.0958,15.0932,15.0935,15.0935,15.0936,15.0945,15.0945,15.0941,15.0941,15.0939,15.0944,15.0939,15.0939,15.0932,15.0941,15.0924,15.0931,15.0937,15.0933,15.0919,15.0919,15.0908,15.0926,15.0923,15.0919,15.0919,15.0922,15.0926,15.0926,15.0936,15.0933,15.0928,15.0928,15.0925,15.0928,15.0943,15.094,15.0937,
