Sun Apr 19 2020 01:36:59 GMT-0400 (Eastern Daylight Time)
14.8899,14.8899,14.8899,14.8899,14.89,14.8893,14.8893,14.8891,14.8884,14.8888,14.8888,14.8894,14.89,14.8875,14.8856,14.8859,14.8849,14.8847,14.8844,14.8841,14.8842,14.8836,14.8844,14.8847,14.8852,14.8852,14.8862,14.8862,14.8862,14.8834,14.8838,14.8838,14.8826,14.8822,14.8811,14.881,14.8821,14.8821,14.8831,14.8831,14.8826,14.8836,14.8836,14.8836,14.8836,14.8843,14.8843,14.8843,14.8848,14.8844,14.8849,14.8846,14.8846,14.886,14.886,14.886,14.8868,14.8869,14.8876,14.8876,
Sun Apr 19 2020 01:38:00 GMT-0400 (Eastern Daylight Time)
14.8874,14.8874,14.8878,14.8872,14.8872,14.888,14.888,14.888,14.888,14.888,14.888,14.888,14.8874,14.8874,14.8874,14.8874,14.8872,14.8877,14.8877,14.8868,14.8871,14.8871,14.8875,14.8875,14.8885,14.8885,14.8889,14.8889,14.8889,14.8889,14.8892,14.8881,14.8881,14.8885,14.8885,14.8885,14.8885,14.8885,14.8885,14.8878,14.8869,14.8859,14.8859,14.8862,14.8862,14.8862,14.8862,14.8867,14.8873,14.8873,14.8865,14.8865,14.8856,14.8861,14.8861,14.8864,14.8864,14.8854,14.8854,14.8854,
Sun Apr 19 2020 01:38:59 GMT-0400 (Eastern Daylight Time)
14.8848,14.8848,14.8843,14.8843,14.8843,14.8843,14.8838,14.8842,14.8834,14.8822,14.8822,14.8822,14.8825,14.8827,14.8823,14.8814,14.8811,14.8815,14.8815,14.8812,14.8823,14.8819,14.8816,14.8816,14.8827,14.8831,14.8831,14.8831,14.8838,14.8832,14.8832,14.8836,14.8836,14.8838,14.8834,14.884,14.8834,14.883,14.8833,14.8833,14.8836,14.8836,14.8845,14.8845,14.8858,14.8858,14.885,14.8855,14.8864,14.886,14.886,14.8867,14.886,14.8846,14.8846,14.8846,14.8841,14.8847,14.8825,14.882,
Sun Apr 19 2020 01:39:59 GMT-0400 (Eastern Daylight Time)
14.8828,14.8831,14.8826,14.8831,14.8827,14.8827,14.883,14.8828,14.8833,14.8839,14.8839,14.8841,14.8836,14.8852,14.8849,14.8845,14.8842,14.8829,14.8826,14.8826,14.8833,14.8833,14.883,14.883,14.8826,14.8826,14.8813,14.8816,14.8831,14.8834,14.8846,14.8859,14.886,14.8857,14.8861,14.8861,14.8864,14.8864,14.8864,14.8864,14.8869,14.8871,14.8874,14.8872,14.8866,14.8869,14.8869,14.887,14.8886,14.8893,14.8902,14.8912,14.8909,14.8915,14.8921,14.8921,14.8919,14.8926,14.8933,14.8939,
Sun Apr 19 2020 01:40:59 GMT-0400 (Eastern Daylight Time)
14.8935,14.8966,14.8961,14.8961,14.8961,14.8957,14.8952,14.8962,14.8963,14.8965,14.8962,14.8964,14.8965,14.8972,14.8972,14.8975,14.8954,14.8937,14.8935,14.8933,14.8948,14.8944,14.895,14.8953,14.8949,14.8943,14.8938,14.8927,14.8928,14.8928,14.8928,14.8925,14.8919,14.8903,14.8906,14.8906,14.891,14.8905,14.8908,14.8899,14.8899,14.8904,14.8933,14.893,14.8925,14.8928,14.8931,14.8931,14.8926,14.8927,14.8919,14.893,14.894,14.8943,14.8943,14.8951,14.8947,14.8947,14.8956,14.8956,
Sun Apr 19 2020 01:41:59 GMT-0400 (Eastern Daylight Time)
14.8962,14.8968,14.8968,14.8968,14.8973,14.898,14.8978,14.8966,14.8974,14.8977,14.8982,14.898,14.898,14.8984,14.898,14.898,14.8984,14.8987,14.8985,14.8985,14.9,14.9004,14.9007,14.9007,14.8999,14.9001,14.8998,14.8995,14.9002,14.9023,14.9025,14.9025,14.9021,14.9021,14.9021,14.9021,14.9019,14.9036,14.9036,14.9035,14.9035,14.9023,14.9022,14.9022,14.9026,14.903,14.903,14.903,14.903,14.9029,14.9035,14.9031,14.9034,14.9032,14.9037,14.9037,14.9045,14.9056,14.9056,14.9058,
Sun Apr 19 2020 01:42:59 GMT-0400 (Eastern Daylight Time)
14.9062,14.9049,14.9046,14.9042,14.9042,14.9026,14.9023,14.9019,14.9015,14.9011,14.9015,14.9012,14.9015,14.9015,14.901,14.8999,14.9005,14.8997,14.8997,14.8975,14.8971,14.8971,14.8977,14.8973,14.8977,14.8997,14.9005,14.9006,14.9015,14.9013,14.9013,14.9014,14.9014,14.9003,14.899,14.8969,14.8965,14.8972,14.8967,14.8967,14.8973,14.897,14.8975,14.8968,14.8968,14.8964,14.897,14.8966,14.8952,14.8952,14.8924,14.8939,14.8939,14.8932,14.8937,14.8937,14.8932,14.8932,14.8936,14.8947,
Sun Apr 19 2020 01:43:59 GMT-0400 (Eastern Daylight Time)
14.8944,14.8944,14.8958,14.8956,14.8962,14.8962,14.8965,14.8963,14.8966,14.8957,14.8963,14.8947,14.8944,14.8953,14.894,14.8937,14.8937,14.8944,14.8939,14.8939,14.8939,14.8918,14.8912,14.8915,14.8915,14.8931,14.8931,14.8921,14.8911,14.8916,14.8911,14.8912,14.8912,14.8915,14.892,14.8922,14.8922,14.8922,14.8899,14.8903,14.8898,14.8894,14.8894,14.8894,14.8896,14.8894,14.8894,14.8889,14.8889,14.8886,14.889,14.8883,14.8878,14.8871,14.8869,14.8864,14.8846,14.8848,14.8844,14.8833,
Sun Apr 19 2020 01:44:59 GMT-0400 (Eastern Daylight Time)
14.8833,14.8828,14.883,14.884,14.8832,14.8834,14.8838,14.8838,14.8831,14.8831,14.8833,14.8833,14.8842,14.8847,14.8843,14.8843,14.8846,14.8858,14.8858,14.8863,14.8866,14.8863,14.8864,14.8858,14.8855,14.8855,14.8833,14.884,14.8831,14.8829,14.8833,14.8833,14.8837,14.8838,14.8842,14.8836,14.8841,14.8836,14.8838,14.8842,14.8836,14.8831,14.8831,14.8828,14.8825,14.8832,14.8825,14.8829,14.8824,14.8833,14.8829,14.8829,14.8829,14.8837,14.8839,14.8839,14.8839,14.8836,14.8838,14.8841,
Sun Apr 19 2020 01:45:59 GMT-0400 (Eastern Daylight Time)
14.8837,14.8837,14.884,14.8831,14.8831,14.882,14.8827,14.8823,14.8816,14.8814,14.8814,14.8814,14.8814,14.88,14.8795,14.8795,14.8801,14.8817,14.8812,14.8812,14.8809,14.8814,14.8811,14.8807,14.8805,14.8813,14.8817,14.8826,14.8833,14.8831,14.8828,14.8828,14.8825,14.8811,14.8811,14.8817,14.8809,14.8806,14.8803,14.8794,14.8796,14.88,14.8783,14.8783,14.8785,14.8776,14.8776,14.8769,14.8769,14.8773,14.8778,14.8773,14.8771,14.8768,14.8768,14.8764,14.8759,14.8759,14.8759,14.8757,
Sun Apr 19 2020 01:46:59 GMT-0400 (Eastern Daylight Time)
14.8764,14.8758,14.8758,14.8754,14.8754,14.8758,14.8764,14.876,14.8757,14.8755,14.8758,14.8752,14.8768,14.8772,14.8768,14.8762,14.8775,14.8769,14.8761,14.8767,14.8765,14.877,14.878,14.8777,14.8781,14.8778,14.8778,14.878,14.8771,14.8773,14.8767,14.8762,14.8759,14.8755,14.8726,14.8726,14.8723,14.8723,14.8725,14.8733,14.8739,14.8753,14.8756,14.8761,14.8767,14.8772,14.8776,14.8776,14.8776,14.8785,14.878,14.878,14.878,14.8787,14.8786,14.879,14.8785,14.8779,14.8771,14.8772,
Sun Apr 19 2020 01:47:59 GMT-0400 (Eastern Daylight Time)
14.8771,14.8767,14.8767,14.8763,14.8757,14.8753,14.876,14.8758,14.8748,14.8745,14.8758,14.8758,14.8755,14.876,14.876,14.8753,14.8765,14.8776,14.877,14.8775,14.8777,14.8769,14.8769,14.8779,14.8788,14.8781,14.878,14.8784,14.8781,14.876,14.8767,14.8772,14.8768,14.8768,14.8766,14.8772,14.8776,14.8791,14.8806,14.8806,14.881,14.8814,14.8807,14.8807,14.8806,14.8805,14.8803,14.88,14.8802,14.8805,14.8809,14.8813,14.8811,14.8811,14.8812,14.8809,14.8807,14.8811,14.8818,14.8826,
Sun Apr 19 2020 01:48:59 GMT-0400 (Eastern Daylight Time)
14.8826,14.8826,14.8846,14.8846,14.885,14.885,14.885,14.8845,14.8848,14.8842,14.8842,14.8844,14.8847,14.8847,14.8843,14.8838,14.8835,14.8831,14.8843,14.884,14.884,14.8836,14.8841,14.8832,14.8832,14.882,14.8819,14.8819,14.8825,14.8828,14.8828,14.8826,14.882,14.882,14.8816,14.8819,14.8816,14.8816,14.8826,14.8826,14.8829,14.8829,14.8816,14.8812,14.8812,14.8812,14.8802,14.8798,14.8801,14.8799,14.8786,14.8777,14.8777,14.8779,14.8779,14.8779,14.8775,14.8772,14.876,14.8757,
Sun Apr 19 2020 01:49:59 GMT-0400 (Eastern Daylight Time)
14.876,14.8763,14.8771,14.8767,14.8764,14.8764,14.8761,14.8765,14.8772,14.877,14.8768,14.877,14.8772,14.8768,14.8774,14.8782,14.8782,14.8776,14.8776,14.8775,14.8771,14.8771,14.8774,14.8766,14.8766,14.8762,14.8771,14.8769,14.8769,14.8767,14.8768,14.8778,14.8775,14.8775,14.8781,14.877,14.8766,14.8778,14.8759,14.8762,14.8762,14.8759,14.8759,14.8763,14.8755,14.8758,14.8761,14.8763,14.8766,14.8769,14.8757,14.8759,14.8762,14.8765,14.8772,14.8761,14.8758,14.8761,14.8768,14.8751,
Sun Apr 19 2020 01:50:59 GMT-0400 (Eastern Daylight Time)
14.8751,14.8753,14.8753,14.8753,14.8748,14.8748,14.8742,14.8742,14.8752,14.8748,14.8752,14.8757,14.875,14.8752,14.8743,14.8732,14.8734,14.8734,14.8734,14.8729,14.8724,14.8729,14.8731,14.8734,14.8731,14.8731,14.8729,14.8724,14.8721,14.872,14.8711,14.8705,14.8703,14.8713,14.8714,14.8712,14.8712,14.871,14.8708,14.8711,14.8728,14.873,14.8718,14.8718,14.872,14.872,14.8729,14.8729,14.8729,14.8732,14.8733,14.8728,14.8719,14.8722,14.8716,14.8701,14.8694,14.8694,14.8686,14.8677,
Sun Apr 19 2020 01:51:59 GMT-0400 (Eastern Daylight Time)
14.8665,14.8667,14.8665,14.8654,14.8656,14.8659,14.8652,14.8657,14.8657,14.8657,14.8638,14.8642,14.8645,14.8644,14.8653,14.8646,14.8646,14.8643,14.8637,14.8634,14.8639,14.8639,14.8647,14.8651,14.8649,14.8645,14.8638,14.8638,14.8652,14.865,14.8655,14.8654,14.8659,14.8655,14.8657,14.8657,14.8659,14.8655,14.8658,14.866,14.866,14.866,14.8648,14.8651,14.8657,14.8657,14.8656,14.8621,14.8621,14.8626,14.8626,14.8632,14.8628,14.8632,14.8632,14.8636,14.8636,14.8638,14.8634,14.8631,
Sun Apr 19 2020 01:52:59 GMT-0400 (Eastern Daylight Time)
14.8627,14.8627,14.8623,14.8623,14.8623,14.8623,14.8623,14.8623,14.8623,14.8614,14.8611,14.8611,14.8605,14.8599,14.8591,14.8588,14.8589,14.8596,14.8591,14.859,14.858,14.858,14.858,14.858,14.858,14.8587,14.859,14.8596,14.859,14.859,14.8587,14.8592,14.8597,14.8605,14.8605,14.8612,14.8595,14.8595,14.8588,14.8588,14.8583,14.8586,14.8578,14.8575,14.8575,14.8579,14.8566,14.8558,14.8558,14.8552,14.855,14.8547,14.8547,14.8543,14.8532,14.8537,14.8528,14.8526,14.8531,14.8529,
Sun Apr 19 2020 01:53:59 GMT-0400 (Eastern Daylight Time)
14.8524,14.8516,14.8514,14.8514,14.8514,14.8504,14.8508,14.8512,14.851,14.8515,14.8515,14.8517,14.8513,14.8508,14.8505,14.8508,14.8511,14.8508,14.8511,14.8507,14.8505,14.8508,14.8507,14.8503,14.8496,14.8496,14.8493,14.8504,14.8512,14.8512,14.8509,14.8506,14.8496,14.8494,14.8491,14.8491,14.8498,14.8503,14.8476,14.8473,14.847,14.8467,14.8459,14.8459,14.8459,14.8461,14.8458,14.8455,14.8462,14.8464,14.8463,14.8464,14.8471,14.847,14.8475,14.846,14.8457,14.8453,14.8446,14.846,
Sun Apr 19 2020 01:54:59 GMT-0400 (Eastern Daylight Time)
14.8464,14.846,14.846,14.846,14.8441,14.8444,14.8444,14.8456,14.846,14.8458,14.8465,14.8467,14.8467,14.8469,14.8473,14.8484,14.8484,14.8486,14.8482,14.8476,14.8473,14.8476,14.848,14.847,14.8464,14.8461,14.8465,14.8468,14.8467,14.8471,14.8476,14.8459,14.8455,14.8455,14.8463,14.8474,14.8478,14.8475,14.8481,14.8471,14.8465,14.8467,14.8467,14.8467,14.8465,14.8461,14.8464,14.8495,14.8493,14.8493,14.8496,14.8514,14.8544,14.8544,14.8546,14.8556,14.8558,14.8558,14.8558,14.8556,
Sun Apr 19 2020 01:55:59 GMT-0400 (Eastern Daylight Time)
14.8551,14.856,14.8553,14.8552,14.8544,14.8542,14.8538,14.8542,14.8542,14.8539,14.8539,14.8535,14.8538,14.8542,14.8539,14.8548,14.8527,14.8529,14.8533,14.8533,14.8533,14.8543,14.8556,14.856,14.8557,14.8564,14.8555,14.8546,14.855,14.8564,14.8561,14.8561,14.8556,14.8549,14.8552,14.8554,14.8549,14.8553,14.8553,14.8553,14.8553,14.8553,14.8553,14.8552,14.8558,14.8552,14.8531,14.8527,14.8527,14.8523,14.8529,14.8528,14.853,14.8535,14.8537,14.8531,14.8531,14.8533,14.8539,14.8539,
Sun Apr 19 2020 01:56:59 GMT-0400 (Eastern Daylight Time)
14.8549,14.8549,14.8568,14.857,14.8568,14.857,14.8567,14.8559,14.8556,14.8549,14.8556,14.8569,14.8571,14.8574,14.8574,14.8581,14.8577,14.8576,14.8576,14.8567,14.8569,14.8552,14.8554,14.8545,14.8548,14.8548,14.8548,14.8554,14.8554,14.8551,14.8553,14.8557,14.8557,14.8557,14.8572,14.8561,14.8561,14.855,14.855,14.855,14.8552,14.8557,14.8557,14.8564,14.857,14.8564,14.8568,14.857,14.8566,14.8566,14.8569,14.8559,14.8562,14.8562,14.8559,14.8573,14.8573,14.8571,14.8549,14.8541,
Sun Apr 19 2020 01:57:59 GMT-0400 (Eastern Daylight Time)
14.8552,14.8552,14.8544,14.8544,14.8543,14.854,14.8544,14.8534,14.8534,14.8528,14.8513,14.8508,14.8511,14.8511,14.8504,14.8508,14.8508,14.8505,14.8505,14.8519,14.8519,14.8519,14.8519,14.8511,14.8508,14.8514,14.8514,14.852,14.852,14.8516,14.8526,14.8517,14.8506,14.8506,14.8502,14.8516,14.8521,14.8525,14.8525,14.8529,14.8539,14.8535,14.8535,14.8504,14.8504,14.8499,14.8499,14.849,14.8493,14.8493,14.8488,14.8487,14.8485,14.8485,14.8488,14.8483,14.848,14.8479,14.8479,14.8479,
Sun Apr 19 2020 01:59:00 GMT-0400 (Eastern Daylight Time)
14.8479,14.8481,14.8481,14.8481,14.8481,14.8485,14.8488,14.8504,14.8493,14.8496,14.8496,14.8496,14.8493,14.8497,14.85,14.8489,14.8489,14.8489,14.8489,14.8491,14.8494,14.8498,14.8498,14.8491,14.8496,14.8495,14.8495,14.8481,14.8479,14.8482,14.8482,14.8497,14.85,14.8496,14.8492,14.8483,14.848,14.8484,14.8487,14.851,14.8514,14.8519,14.8529,14.8536,14.8534,14.8529,14.8532,14.8534,14.853,14.8538,14.8525,14.8532,14.8532,14.8523,14.8528,14.8525,14.8531,14.8521,14.852,14.8521,
Sun Apr 19 2020 01:59:59 GMT-0400 (Eastern Daylight Time)
14.8519,14.8519,14.8519,14.8519,14.8517,14.8522,14.8522,14.8522,14.8526,14.8528,14.8515,14.8531,14.8526,14.8526,14.8515,14.8503,14.8507,14.8511,14.8514,14.8524,14.8524,14.8531,14.8534,14.8534,14.8534,14.8536,14.8514,14.851,14.852,14.8509,14.8507,14.8499,14.8505,14.8514,14.8514,14.8514,14.8519,14.8511,14.8511,14.8521,14.8509,14.8509,14.8506,14.8505,14.8498,14.8498,14.8497,14.8476,14.8476,14.8488,14.8488,14.8488,14.8486,14.8487,14.848,14.8492,14.8497,14.8497,14.85,14.8501,
Sun Apr 19 2020 02:00:59 GMT-0400 (Eastern Daylight Time)
14.8509,14.8492,14.8497,14.8497,14.8497,14.8525,14.8523,14.8529,14.8526,14.8531,14.8548,14.855,14.8563,14.8563,14.8566,14.8555,14.8559,14.8565,14.8591,14.8587,14.8589,14.8589,14.8586,14.8587,14.8593,14.8595,14.8592,14.8587,14.8587,14.859,14.8592,14.859,14.8598,14.8597,14.8594,14.8595,14.86,14.86,14.8596,14.8583,14.8577,14.8577,14.8584,14.8583,14.8579,14.8581,14.8571,14.8567,14.8572,14.8575,14.8576,14.8583,14.8583,14.8582,14.858,14.858,14.858,14.858,14.8572,14.8564,
Sun Apr 19 2020 02:01:59 GMT-0400 (Eastern Daylight Time)
14.8562,14.8562,14.8562,14.8549,14.8538,14.8538,14.8538,14.8539,14.8535,14.8533,14.8533,14.853,14.8557,14.8557,14.8545,14.854,14.8537,14.8541,14.8543,14.855,14.8548,14.8548,14.8551,14.8538,14.8531,14.8528,14.8527,14.8534,14.8531,14.852,14.852,14.8514,14.8514,14.8514,14.8508,14.8516,14.8513,14.8502,14.8502,14.8508,14.8505,14.8518,14.8515,14.8512,14.8515,14.8515,14.8508,14.8508,14.8507,14.8503,14.8499,14.8499,14.8502,14.8513,14.8508,14.8514,14.8512,14.8509,14.8502,14.8503,
Sun Apr 19 2020 02:02:59 GMT-0400 (Eastern Daylight Time)
14.8508,14.8507,14.851,14.8508,14.8507,14.8507,14.8515,14.852,14.8528,14.8526,14.8526,14.8543,14.853,14.8532,14.8532,14.8539,14.8551,14.8551,14.8556,14.8569,14.8568,14.8565,14.8571,14.8571,14.8569,14.8576,14.8576,14.8574,14.857,14.8584,14.857,14.8575,14.8582,14.8577,14.8581,14.8568,14.8572,14.8566,14.8566,14.8554,14.8552,14.8552,14.8549,14.8549,14.8541,14.8545,14.8545,14.8542,14.8541,14.8541,14.8546,14.8542,14.8542,14.8534,14.8534,14.8537,14.8532,14.8532,14.8532,14.8532,
Sun Apr 19 2020 02:03:59 GMT-0400 (Eastern Daylight Time)
14.8522,14.8519,14.8519,14.8519,14.8519,14.8526,14.8521,14.8521,14.8521,14.8533,14.8538,14.8537,14.8535,14.8535,14.8535,14.8528,14.8533,14.8528,14.8524,14.8558,14.8558,14.8562,14.8557,14.8551,14.8559,14.8562,14.8565,14.8565,14.8564,14.8562,14.8557,14.8551,14.8547,14.8542,14.8542,14.8551,14.8554,14.8559,14.8556,14.856,14.8565,14.8561,14.8558,14.8545,14.8548,14.8525,14.8522,14.8511,14.8509,14.8509,14.8513,14.8518,14.8522,14.8517,14.8521,14.8521,14.8519,14.8516,14.8516,14.8518,
Sun Apr 19 2020 02:04:59 GMT-0400 (Eastern Daylight Time)
14.8513,14.8511,14.8511,14.8518,14.8502,14.8502,14.8502,14.8504,14.8496,14.8493,14.8493,14.8494,14.8487,14.8495,14.8489,14.8469,14.8457,14.8457,14.8461,14.8459,14.8462,14.8459,14.8459,14.8466,14.8466,14.8466,14.8466,14.8466,14.8466,14.8461,14.8466,14.8471,14.8469,14.8469,14.8471,14.8471,14.8473,14.8474,14.8474,14.8468,14.8471,14.8456,14.8456,14.8453,14.8458,14.8453,14.845,14.845,14.8424,14.8428,14.8424,14.8424,14.8414,14.8414,14.8435,14.8426,14.8428,14.8428,14.8425,14.8423,
Sun Apr 19 2020 02:05:59 GMT-0400 (Eastern Daylight Time)
14.8426,14.8432,14.8432,14.8437,14.8437,14.8437,14.8431,14.8427,14.8429,14.8429,14.8433,14.8438,14.8441,14.8446,14.8443,14.8438,14.8432,14.8429,14.8429,14.8432,14.844,14.8442,14.8442,14.845,14.8443,14.8443,14.845,14.845,14.8447,14.845,14.8453,14.8456,14.8456,14.846,14.8447,14.8435,14.8444,14.8459,14.8459,14.8462,14.8452,14.8452,14.8441,14.8448,14.8447,14.845,14.8449,14.8445,14.8445,14.8421,14.8412,14.841,14.8415,14.8409,14.8431,14.8436,14.8437,14.8435,14.843,14.8433,
Sun Apr 19 2020 02:06:59 GMT-0400 (Eastern Daylight Time)
14.8417,14.8417,14.8417,14.8414,14.8414,14.8418,14.8424,14.8431,14.8431,14.8433,14.8452,14.8456,14.8451,14.8451,14.8453,14.8456,14.8452,14.8452,14.8462,14.8459,14.8461,14.8458,14.8466,14.8463,14.8472,14.8468,14.8468,14.8465,14.8468,14.8471,14.8468,14.8468,14.8481,14.8477,14.8492,14.8503,14.8509,14.8509,14.8509,14.8513,14.852,14.8514,14.8521,14.8516,14.8515,14.8515,14.8511,14.8511,14.8527,14.8525,14.8526,14.8522,14.8529,14.8529,14.853,14.8535,14.8532,14.8532,14.8536,14.8536,
Sun Apr 19 2020 02:07:59 GMT-0400 (Eastern Daylight Time)
14.8548,14.8552,14.8555,14.8555,14.8549,14.8565,14.8548,14.8552,14.8552,14.8549,14.8547,14.855,14.8556,14.8548,14.8548,14.8531,14.8526,14.8552,14.8549,14.8543,14.8542,14.8542,14.8545,14.8545,14.8545,14.8547,14.8543,14.8545,14.8545,14.8542,14.8548,14.8552,14.855,14.855,14.8558,14.8569,14.8573,14.858,14.858,14.8576,14.8566,14.8571,14.8563,14.8563,14.8552,14.8559,14.8559,14.8572,14.8577,14.8581,14.8594,14.8598,14.8598,14.8605,14.861,14.8616,14.8627,14.862,14.8628,14.8635,
Sun Apr 19 2020 02:08:59 GMT-0400 (Eastern Daylight Time)
14.8638,14.8634,14.863,14.8633,14.8645,14.8645,14.8657,14.8659,14.8659,14.8665,14.8662,14.8665,14.8658,14.8658,14.8661,14.8669,14.8666,14.8661,14.8672,14.8679,14.8673,14.8671,14.8674,14.8674,14.868,14.868,14.8676,14.8673,14.8666,14.8666,14.8656,14.866,14.866,14.8669,14.8664,14.8664,14.8652,14.8659,14.8665,14.8655,14.8663,14.8674,14.8671,14.8671,14.8658,14.8659,14.8656,14.8667,14.8672,14.8671,14.8671,14.8671,14.8668,14.8674,14.8678,14.869,14.8691,14.8689,14.8687,14.8693,
Sun Apr 19 2020 02:09:59 GMT-0400 (Eastern Daylight Time)
14.8696,14.8696,14.8696,14.8699,14.8697,14.8694,14.8698,14.8693,14.8682,14.8706,14.8715,14.8711,14.8714,14.8715,14.8709,14.8712,14.8712,14.8712,14.871,14.8723,14.8723,14.8718,14.8694,14.8696,14.8709,14.8689,14.8692,14.8699,14.8699,14.8689,14.8683,14.8683,14.8705,14.8711,14.8702,14.8698,14.8704,14.8693,14.87,14.8706,14.8711,14.8702,14.8699,14.8703,14.87,14.8708,14.8708,14.8694,14.8682,14.8675,14.8672,14.8672,14.8653,14.8658,14.8656,14.8642,14.8642,14.8632,14.8635,14.8631,
Sun Apr 19 2020 02:10:59 GMT-0400 (Eastern Daylight Time)
14.8622,14.8637,14.8637,14.8634,14.8634,14.8627,14.8637,14.8637,14.8637,14.8638,14.8632,14.8633,14.8633,14.8651,14.8649,14.8649,14.8651,14.8651,14.8657,14.865,14.8642,14.8648,14.8645,14.8652,14.8647,14.8654,14.865,14.8649,14.8649,14.8647,14.865,14.866,14.8662,14.8666,14.8666,14.8665,14.8665,14.8677,14.8679,14.8685,14.8683,14.8686,14.869,14.8693,14.8698,14.8694,14.869,14.8698,14.8696,14.8697,14.8708,14.8689,14.8682,14.8678,14.8678,14.8681,14.8671,14.8669,14.8671,14.8673,
Sun Apr 19 2020 02:11:59 GMT-0400 (Eastern Daylight Time)
14.8679,14.8684,14.8684,14.8683,14.8683,14.8689,14.8711,14.8711,14.8696,14.8692,14.869,14.869,14.8696,14.8692,14.869,14.8674,14.8671,14.8668,14.8672,14.8666,14.8666,14.8685,14.8682,14.8683,14.8683,14.8689,14.8687,14.8692,14.8698,14.87,14.87,14.8706,14.8711,14.8707,14.8707,14.871,14.8707,14.8702,14.8706,14.8706,14.8713,14.8703,14.8713,14.8713,14.871,14.8715,14.8717,14.8717,14.8717,14.8717,14.8717,14.8717,14.8717,14.8717,14.8717,14.8717,14.8713,14.8713,14.8713,14.8712,
Sun Apr 19 2020 02:12:59 GMT-0400 (Eastern Daylight Time)
14.8719,14.871,14.871,14.871,14.871,14.871,14.871,14.871,14.871,14.871,14.871,14.871,14.871,14.871,14.871,14.871,14.8707,14.8707,14.8712,14.8709,14.8709,14.8709,14.8709,14.8712,14.8707,14.8704,14.8691,14.8689,14.8687,14.8694,14.8694,14.87,14.8699,14.8699,14.8702,14.87,14.8695,14.8688,14.8688,14.8688,14.8683,14.8676,14.8692,14.8692,14.87,14.871,14.8703,14.8712,14.8714,14.8712,14.8704,14.8704,14.8704,14.8718,14.8728,14.8724,14.8727,14.8729,14.8722,14.872,
Sun Apr 19 2020 02:13:59 GMT-0400 (Eastern Daylight Time)
14.8723,14.8723,14.8736,14.8756,14.8756,14.8764,14.8764,14.8759,14.8752,14.8744,14.875,14.8746,14.8748,14.8748,14.8748,14.8751,14.8766,14.8763,14.8763,14.8757,14.8757,14.8751,14.8751,14.8747,14.8747,14.8763,14.8757,14.8754,14.8748,14.8752,14.876,14.8758,14.8754,14.8751,14.8755,14.8765,14.8765,14.8755,14.8758,14.8758,14.8758,14.8765,14.8765,14.8752,14.8748,14.8754,14.8754,14.8754,14.8752,14.8755,14.8752,14.8761,14.8753,14.875,14.8753,14.8753,14.8753,14.8728,14.8733,14.8739,
Sun Apr 19 2020 02:14:59 GMT-0400 (Eastern Daylight Time)
14.8739,14.8732,14.8735,14.8744,14.8744,14.8743,14.8743,14.8741,14.8737,14.8748,14.8748,14.8749,14.8741,14.8744,14.8741,14.8732,14.8727,14.8724,14.8726,14.8726,14.8726,14.8731,14.8733,14.8729,14.8729,14.8731,14.8729,14.8731,14.8731,14.8731,14.8732,14.8732,14.8735,14.874,14.874,14.8735,14.8738,14.8743,14.8746,14.8749,14.8738,14.8736,14.8742,14.873,14.8728,14.8718,14.8718,14.8712,14.8718,14.8719,14.8716,14.8719,14.8714,14.8701,14.8706,14.8703,14.8707,14.8707,14.8704,14.8704,
Sun Apr 19 2020 02:15:59 GMT-0400 (Eastern Daylight Time)
14.8697,14.8687,14.8687,14.8668,14.8665,14.8665,14.8661,14.8661,14.8673,14.8675,14.8679,14.8676,14.8676,14.8666,14.8663,14.8679,14.8675,14.8677,14.8679,14.8707,14.8701,14.8702,14.8708,14.8711,14.8709,14.8699,14.8699,14.8702,14.8701,14.8701,14.8697,14.8697,14.8693,14.8689,14.8689,14.8689,14.8689,14.8684,14.8681,14.8681,14.8681,14.8674,14.8677,14.8676,14.8686,14.8689,14.8683,14.8692,14.8688,14.8684,14.8683,14.8678,14.8672,14.8678,14.8672,14.8674,14.8697,14.8697,14.8699,14.8712,
Sun Apr 19 2020 02:16:59 GMT-0400 (Eastern Daylight Time)
14.8713,14.8709,14.8702,14.8702,14.8714,14.871,14.8694,14.8691,14.8691,14.8698,14.8695,14.8701,14.8701,14.8701,14.8697,14.8689,14.8683,14.8686,14.868,14.8677,14.8686,14.8686,14.8666,14.8663,14.8665,14.8665,14.8673,14.8675,14.8671,14.8699,14.8698,14.8696,14.8717,14.8713,14.8719,14.8722,14.8724,14.8723,14.8719,14.8716,14.8709,14.8704,14.8706,14.8701,14.8704,14.8704,14.8702,14.8708,14.869,14.869,14.8694,14.869,14.8698,14.8695,14.8703,14.8719,14.8725,14.8725,14.8721,14.8721,
Sun Apr 19 2020 02:17:59 GMT-0400 (Eastern Daylight Time)
14.8723,14.872,14.8717,14.8713,14.8713,14.8713,14.8717,14.8717,14.8715,14.8715,14.8707,14.871,14.8718,14.8713,14.8722,14.8719,14.8719,14.8724,14.8736,14.8733,14.8728,14.8732,14.8732,14.8732,14.8732,14.873,14.8731,14.8725,14.8725,14.8728,14.8734,14.873,14.8723,14.8723,14.8714,14.8721,14.8724,14.8727,14.8734,14.8734,14.8706,14.8697,14.8697,14.8694,14.8698,14.8698,14.8703,14.8711,14.8705,14.87,14.87,14.8697,14.8694,14.869,14.8688,14.869,14.8693,14.8697,14.8697,14.8693,
Sun Apr 19 2020 02:18:59 GMT-0400 (Eastern Daylight Time)
14.8696,14.8696,14.8696,14.8686,14.8676,14.8681,14.8683,14.8691,14.8691,14.8696,14.8696,14.8699,14.8699,14.8699,14.8696,14.8726,14.8726,14.8723,14.8726,14.8706,14.8705,14.8694,14.8689,14.8689,14.8692,14.8692,14.8696,14.8691,14.8682,14.8681,14.8682,14.8667,14.8667,14.8661,14.8692,14.8695,14.8691,14.8691,14.8691,14.8714,14.8713,14.8713,14.8713,14.8684,14.8684,14.8684,14.8683,14.8683,14.8679,14.8679,14.8679,14.8683,14.8683,14.8683,14.8675,14.8675,14.8678,14.8678,14.868,14.8683,
Sun Apr 19 2020 02:19:59 GMT-0400 (Eastern Daylight Time)
14.8683,14.8683,14.8677,14.8677,14.8669,14.8675,14.8675,14.8679,14.8682,14.8682,14.8691,14.8691,14.8691,14.8691,14.8687,14.8695,14.8701,14.8689,14.8699,14.8694,14.8697,14.8694,14.8682,14.8664,14.8659,14.8641,14.8646,14.8641,14.8635,14.8635,14.8634,14.8634,14.8643,14.8643,14.8628,14.8624,14.8614,14.8616,14.862,14.8617,14.8617,14.8617,14.8606,14.8605,14.8605,14.8596,14.8598,14.8602,14.86,14.8593,14.8605,14.8605,14.8598,14.8596,14.8593,14.8587,14.8587,14.8584,14.8582,14.8574,
Sun Apr 19 2020 02:20:59 GMT-0400 (Eastern Daylight Time)
14.8576,14.8584,14.8566,14.8563,14.8563,14.8563,14.8558,14.8544,14.8546,14.8543,14.8545,14.854,14.854,14.8535,14.852,14.8515,14.8518,14.8523,14.8543,14.8535,14.854,14.854,14.8528,14.8532,14.8537,14.8537,14.8544,14.8541,14.8541,14.8516,14.8516,14.8519,14.8525,14.8525,14.8525,14.8522,14.8518,14.8546,14.8542,14.8544,14.8541,14.8541,14.8536,14.8533,14.8552,14.8552,14.8541,14.8548,14.8545,14.8549,14.8553,14.8553,14.855,14.855,14.8555,14.8558,14.8554,14.8546,14.8543,14.8538,
Sun Apr 19 2020 02:21:59 GMT-0400 (Eastern Daylight Time)
14.8519,14.8519,14.8523,14.8534,14.8534,14.8546,14.8546,14.8546,14.8545,14.8546,14.855,14.855,14.855,14.8552,14.856,14.8557,14.8557,14.8557,14.8537,14.8534,14.8537,14.8537,14.8542,14.8549,14.8547,14.8547,14.8547,14.8544,14.8547,14.8554,14.8562,14.8568,14.8568,14.8565,14.8561,14.8565,14.8561,14.8577,14.859,14.859,14.8582,14.8573,14.8572,14.8574,14.8569,14.8557,14.8563,14.8578,14.8578,14.8583,14.8571,14.8575,14.8577,14.8577,14.8584,14.8583,14.8582,14.8577,14.858,14.8586,
Sun Apr 19 2020 02:22:59 GMT-0400 (Eastern Daylight Time)
14.8586,14.8569,14.8571,14.8573,14.8573,14.8575,14.8593,14.8597,14.8597,14.8608,14.8611,14.8617,14.8617,14.8617,14.8609,14.8611,14.8611,14.8611,14.8607,14.861,14.861,14.861,14.861,14.8607,14.8607,14.8621,14.8621,14.8623,14.8627,14.8624,14.8631,14.8628,14.8626,14.8622,14.8626,14.8638,14.8625,14.8618,14.8619,14.8624,14.8621,14.8618,14.8615,14.8619,14.8619,14.8622,14.8616,14.8609,14.8629,14.8623,14.8625,14.8628,14.8628,14.8631,14.8631,14.8635,14.8644,14.8644,14.8645,14.8652,
Sun Apr 19 2020 02:23:59 GMT-0400 (Eastern Daylight Time)
14.8648,14.8652,14.8644,14.864,14.864,14.8652,14.8652,14.8645,14.8643,14.864,14.8638,14.8634,14.8636,14.8633,14.8626,14.8626,14.8629,14.8634,14.8638,14.8635,14.8657,14.866,14.866,14.8676,14.8687,14.869,14.8685,14.8685,14.8689,14.87,14.8707,14.871,14.8713,14.8713,14.8713,14.8718,14.8693,14.8693,14.8698,14.8696,14.8696,14.8701,14.8706,14.872,14.872,14.8715,14.8715,14.872,14.8723,14.8716,14.8721,14.8729,14.8725,14.8723,14.8715,14.8719,14.8715,14.872,14.8728,14.8736,
Sun Apr 19 2020 02:24:59 GMT-0400 (Eastern Daylight Time)
14.8734,14.8737,14.8737,14.8736,14.8733,14.8743,14.8743,14.875,14.8748,14.8758,14.8751,14.8748,14.8753,14.8726,14.8726,14.8721,14.8721,14.8723,14.8721,14.8721,14.8719,14.8722,14.8729,14.8722,14.873,14.8734,14.8743,14.8744,14.8744,14.8744,14.8741,14.8735,14.8753,14.8751,14.8756,14.8762,14.876,14.876,14.876,14.8769,14.8769,14.8773,14.8776,14.8772,14.8772,14.8767,14.877,14.8777,14.878,14.8792,14.8792,14.8792,14.88,14.88,14.8803,14.8809,14.8811,14.8811,14.8806,14.8799,
Sun Apr 19 2020 02:25:59 GMT-0400 (Eastern Daylight Time)
14.8771,14.8771,14.8762,14.8772,14.8772,14.8782,14.8782,14.8779,14.8778,14.8771,14.8771,14.8767,14.8772,14.8775,14.8775,14.8773,14.877,14.8769,14.8773,14.8778,14.8769,14.8764,14.8765,14.8767,14.8767,14.8757,14.8764,14.8773,14.8771,14.8779,14.8776,14.8776,14.8781,14.8779,14.8779,14.8779,14.8784,14.8802,14.8805,14.8796,14.8794,14.8786,14.8786,14.8785,14.8775,14.878,14.877,14.8777,14.8777,14.877,14.8765,14.8762,14.8762,14.8757,14.8757,14.8751,14.8747,14.8763,14.877,14.8765,
Sun Apr 19 2020 02:26:59 GMT-0400 (Eastern Daylight Time)
14.8761,14.8758,14.8754,14.8758,14.8763,14.8767,14.8765,14.8765,14.8758,14.8757,14.8757,14.8749,14.872,14.8721,14.8725,14.8736,14.8749,14.8741,14.8744,14.8741,14.8741,14.8741,14.8747,14.8756,14.8759,14.8764,14.8769,14.8763,14.8763,14.8765,14.8769,14.8741,14.8741,14.8738,14.8736,14.8733,14.8736,14.8736,14.8743,14.8745,14.8745,14.874,14.8755,14.8761,14.8757,14.8759,14.8762,14.8757,14.8754,14.8751,14.8751,14.874,14.8738,14.8741,14.8735,14.8728,14.8721,14.8716,14.8719,14.8714,
Sun Apr 19 2020 02:27:59 GMT-0400 (Eastern Daylight Time)
14.8717,14.8717,14.8722,14.8722,14.8718,14.8722,14.8722,14.8732,14.8715,14.8715,14.8719,14.8719,14.8729,14.8725,14.8728,14.8733,14.8732,14.8739,14.8736,14.8732,14.8734,14.8734,14.8742,14.8746,14.8743,14.8745,14.8745,14.8752,14.8755,14.876,14.8763,14.8781,14.8781,14.8782,14.8786,14.8786,14.8784,14.8781,14.8779,14.8779,14.8782,14.8778,14.8778,14.8801,14.8796,14.8793,14.8788,14.88,14.88,14.8804,14.8805,14.8819,14.8815,14.8811,14.8815,14.8811,14.8808,14.8832,14.8832,14.8844,
Sun Apr 19 2020 02:28:59 GMT-0400 (Eastern Daylight Time)
14.8837,14.8832,14.8835,14.8839,14.8829,14.8825,14.8822,14.883,14.883,14.883,14.8827,14.8821,14.8813,14.8813,14.8813,14.8813,14.8813,14.881,14.8812,14.8812,14.8812,14.8805,14.8805,14.88,14.8798,14.8798,14.88,14.8789,14.8785,14.8806,14.8806,14.8804,14.88,14.88,14.8797,14.8802,14.8809,14.8809,14.8809,14.8792,14.8792,14.8789,14.8796,14.8808,14.8799,14.8799,14.8801,14.8794,14.8796,14.8802,14.8807,14.8799,14.8795,14.8795,14.8801,14.8805,14.8794,14.8798,14.8793,14.8793,
Sun Apr 19 2020 02:29:59 GMT-0400 (Eastern Daylight Time)
14.8791,14.8794,14.8793,14.8791,14.8797,14.8778,14.8775,14.8756,14.8751,14.8749,14.8749,14.8743,14.8743,14.8735,14.8735,14.8726,14.8726,14.8726,14.8726,14.8726,14.873,14.873,14.873,14.8735,14.8735,14.8727,14.8718,14.8721,14.8721,14.8724,14.873,14.8716,14.8712,14.8712,14.872,14.8724,14.872,14.8723,14.8723,14.8725,14.8732,14.8732,14.8739,14.8739,14.8738,14.8731,14.8733,14.8738,14.8731,14.8728,14.8733,14.873,14.873,14.874,14.874,14.8739,14.8731,14.873,14.8738,14.8743,
Sun Apr 19 2020 02:31:00 GMT-0400 (Eastern Daylight Time)
14.8745,14.8725,14.8725,14.8731,14.8739,14.8739,14.8729,14.8729,14.872,14.8727,14.8723,14.872,14.8719,14.8711,14.8723,14.8723,14.8702,14.8702,14.8699,14.8703,14.87,14.8696,14.8696,14.8696,14.8693,14.8696,14.8693,14.8689,14.8695,14.8695,14.8684,14.8681,14.8678,14.8678,14.8678,14.8678,14.8687,14.8689,14.8693,14.8693,14.871,14.8715,14.8715,14.8715,14.8705,14.8703,14.8703,14.8716,14.8714,14.8714,14.8707,14.8707,14.8703,14.8703,14.8695,14.8698,14.8699,14.8693,14.8693,14.8696,
Sun Apr 19 2020 02:31:59 GMT-0400 (Eastern Daylight Time)
14.8718,14.8718,14.8716,14.8719,14.8723,14.8733,14.8733,14.8729,14.8727,14.8733,14.8733,14.8736,14.874,14.874,14.874,14.8749,14.8754,14.8754,14.8752,14.8752,14.8746,14.8748,14.8744,14.8746,14.8749,14.8749,14.8749,14.8758,14.8752,14.8749,14.8746,14.8748,14.8748,14.8748,14.8743,14.8746,14.8737,14.8734,14.8732,14.8732,14.874,14.8736,14.8734,14.8761,14.8766,14.8764,14.8774,14.8769,14.8768,14.8764,14.8757,14.8748,14.8751,14.8745,14.8739,14.8741,14.8734,14.8734,14.8734,14.8734,
Sun Apr 19 2020 02:32:59 GMT-0400 (Eastern Daylight Time)
14.8721,14.8719,14.8719,14.8712,14.8712,14.8708,14.8708,14.8699,14.8696,14.869,14.869,14.8692,14.8692,14.8688,14.869,14.8694,14.8699,14.8696,14.8696,14.8715,14.8718,14.8718,14.8747,14.8743,14.8763,14.8763,14.8776,14.8789,14.8783,14.8783,14.8789,14.8789,14.8779,14.8774,14.8775,14.8775,14.8776,14.8776,14.8768,14.8771,14.8767,14.8767,14.8763,14.8766,14.8787,14.8787,14.8767,14.8769,14.8763,14.8756,14.8756,14.8747,14.8732,14.876,14.8755,14.8755,14.8748,14.8756,14.8744,14.8744,
Sun Apr 19 2020 02:33:59 GMT-0400 (Eastern Daylight Time)
14.8748,14.8755,14.8755,14.8777,14.8782,14.8787,14.8787,14.8793,14.8798,14.8798,14.881,14.881,14.8813,14.881,14.8811,14.8811,14.8811,14.8824,14.8827,14.8815,14.8818,14.8823,14.8821,14.8821,14.8826,14.8823,14.8829,14.8833,14.8829,14.8825,14.8822,14.8822,14.8822,14.8818,14.8811,14.881,14.8819,14.8823,14.8847,14.8851,14.8857,14.8855,14.8858,14.8875,14.8878,14.8878,14.8878,14.8875,14.8877,14.8877,14.887,14.8872,14.8872,14.885,14.8842,14.8842,14.8838,14.8835,14.8835,14.8837,
Sun Apr 19 2020 02:34:59 GMT-0400 (Eastern Daylight Time)
14.884,14.8842,14.8846,14.8841,14.884,14.8831,14.8828,14.883,14.8824,14.8827,14.8825,14.883,14.8849,14.8847,14.8847,14.8839,14.8836,14.8833,14.8833,14.8838,14.8848,14.8851,14.8859,14.8863,14.8859,14.8864,14.8846,14.8843,14.8833,14.8833,14.8828,14.8825,14.8821,14.8821,14.8824,14.8845,14.8845,14.8845,14.8842,14.8846,14.8851,14.8847,14.8844,14.884,14.8845,14.8847,14.8845,14.884,14.8836,14.8841,14.8839,14.8839,14.8839,14.8843,14.8849,14.8838,14.8848,14.8845,14.8838,14.8842,
Sun Apr 19 2020 02:35:59 GMT-0400 (Eastern Daylight Time)
14.885,14.8858,14.8851,14.8858,14.8858,14.8854,14.8857,14.8857,14.8862,14.886,14.8867,14.8867,14.8867,14.8864,14.8861,14.8861,14.8881,14.8883,14.8879,14.8876,14.8864,14.8864,14.8866,14.8869,14.8875,14.8875,14.888,14.8877,14.8868,14.8866,14.8866,14.8869,14.8873,14.8879,14.8873,14.8875,14.888,14.8876,14.8864,14.8862,14.8866,14.8869,14.8874,14.887,14.8867,14.8847,14.8847,14.8847,14.8853,14.8853,14.8857,14.8863,14.8858,14.8866,14.8858,14.8866,14.886,14.886,14.8862,14.8859,
Sun Apr 19 2020 02:36:59 GMT-0400 (Eastern Daylight Time)
14.8862,14.8858,14.8858,14.8849,14.8846,14.885,14.8858,14.8858,14.8858,14.8856,14.8859,14.8862,14.8859,14.886,14.8849,14.8851,14.8836,14.8835,14.8834,14.8839,14.8836,14.8859,14.8855,14.886,14.8862,14.8889,14.889,14.889,14.889,14.8871,14.8863,14.8858,14.8862,14.8865,14.8861,14.8867,14.8869,14.8862,14.8862,14.8862,14.8859,14.8848,14.8848,14.8844,14.885,14.8847,14.8847,14.8871,14.8871,14.8869,14.8867,14.8869,14.8885,14.8891,14.8895,14.8903,14.8913,14.8915,14.8915,14.8919,
Sun Apr 19 2020 02:37:59 GMT-0400 (Eastern Daylight Time)
14.8919,14.891,14.8913,14.891,14.8914,14.8914,14.8914,14.8919,14.8915,14.8929,14.8932,14.8936,14.892,14.8911,14.8909,14.8912,14.8916,14.8913,14.8922,14.8925,14.8936,14.8937,14.8937,14.8937,14.8942,14.8935,14.8943,14.8943,14.8937,14.8924,14.8928,14.8941,14.8943,14.8936,14.894,14.8926,14.8926,14.8934,14.8931,14.8941,14.8945,14.8947,14.8935,14.8938,14.8934,14.8945,14.8947,14.8939,14.8926,14.8933,14.8935,14.8932,14.8929,14.8927,14.893,14.893,14.8927,14.8932,14.893,14.8921,
Sun Apr 19 2020 02:38:59 GMT-0400 (Eastern Daylight Time)
14.8921,14.8916,14.8907,14.8907,14.8923,14.8921,14.8924,14.8921,14.8921,14.8923,14.8923,14.892,14.8923,14.8928,14.893,14.8925,14.8934,14.8934,14.893,14.8932,14.8932,14.8929,14.8929,14.8927,14.893,14.8928,14.8925,14.8922,14.8922,14.8929,14.8929,14.8931,14.8935,14.8946,14.8946,14.8939,14.8936,14.8931,14.8934,14.8928,14.8936,14.8942,14.8913,14.8913,14.891,14.8908,14.8899,14.8899,14.8899,14.8904,14.8907,14.8907,14.8908,14.8906,14.8908,14.8908,14.8916,14.8912,14.8909,14.891,
Sun Apr 19 2020 02:39:59 GMT-0400 (Eastern Daylight Time)
14.8914,14.8924,14.8924,14.892,14.8917,14.8906,14.8899,14.8911,14.8918,14.8911,14.8907,14.8907,14.8904,14.8898,14.8904,14.8904,14.8908,14.8905,14.889,14.8865,14.8862,14.886,14.886,14.8866,14.887,14.8877,14.8879,14.8879,14.8878,14.8861,14.8861,14.886,14.8855,14.8871,14.8859,14.8862,14.8867,14.8863,14.8863,14.8863,14.8867,14.8859,14.8863,14.8873,14.8876,14.8873,14.8871,14.8873,14.887,14.8875,14.8871,14.8871,14.8871,14.8874,14.8871,14.8864,14.8861,14.8858,14.8854,14.8856,
Sun Apr 19 2020 02:40:59 GMT-0400 (Eastern Daylight Time)
14.8856,14.8858,14.8858,14.8858,14.8856,14.8847,14.8859,14.8861,14.8861,14.8852,14.8848,14.8853,14.887,14.887,14.887,14.8872,14.8872,14.8876,14.8873,14.8873,14.8873,14.889,14.8894,14.8894,14.8872,14.8881,14.8879,14.8877,14.8883,14.8887,14.8884,14.8884,14.8879,14.8879,14.8875,14.8879,14.8876,14.8873,14.8842,14.8847,14.885,14.8842,14.8839,14.8842,14.8839,14.8843,14.8832,14.8827,14.8827,14.8827,14.8816,14.8813,14.8819,14.8817,14.8812,14.8815,14.882,14.8817,14.882,14.8817,
Sun Apr 19 2020 02:41:59 GMT-0400 (Eastern Daylight Time)
14.8817,14.8827,14.8829,14.8832,14.8832,14.8832,14.8825,14.8825,14.8822,14.8818,14.8816,14.8813,14.8816,14.8817,14.8822,14.8824,14.8826,14.8832,14.8835,14.8826,14.8823,14.8829,14.8835,14.8835,14.8837,14.8839,14.8835,14.8855,14.8851,14.8857,14.8851,14.8857,14.8851,14.8847,14.8852,14.8851,14.8852,14.8846,14.8843,14.8843,14.8848,14.8842,14.885,14.8855,14.8848,14.8848,14.8848,14.8852,14.8852,14.8856,14.8855,14.8859,14.8854,14.8847,14.8855,14.8857,14.8862,14.8857,14.8837,14.8846,
Sun Apr 19 2020 02:43:59 GMT-0400 (Eastern Daylight Time)
14.8849,14.8819,14.8816,14.8813,14.8817,14.8817,14.8823,14.8826,14.8832,14.8837,14.8838,14.8834,14.8837,14.8837,14.8834,14.8841,14.8842,14.8833,14.8828,14.8827,14.8827,14.8815,14.8815,14.8807,14.8804,14.8804,14.8809,14.8796,14.88,14.88,14.88,14.8797,14.8794,14.879,14.878,14.8776,14.8776,14.8776,14.8767,14.8769,14.877,14.877,14.8774,14.8774,14.8777,14.8771,14.8781,14.8791,14.8791,14.8778,14.8778,14.8776,14.8776,14.878,14.8777,14.8778,14.8781,14.8775,14.8779,14.8781,
