Thu Apr 16 2020 02:53:54 GMT-0400 (Eastern Daylight Time)
15.4975,15.4973,15.497,15.498,15.4985,15.4973,15.4975,15.4975,15.4971,15.4971,15.4962,15.4962,15.4956,15.4956,15.4952,15.4949,15.4947,15.495,15.495,15.495,15.4967,15.4967,15.4973,15.4975,15.4978,15.4978,15.4974,15.4977,15.4986,15.4991,15.4991,15.4991,15.4994,15.4986,15.4986,15.498,15.4971,15.4962,15.4958,15.4956,15.4954,15.4957,15.4951,15.4954,15.4957,15.4952,15.4939,15.4939,15.4946,15.4944,15.4948,15.4944,15.4949,15.4944,15.4944,15.4936,15.4928,15.4936,15.4936,15.4941,
Thu Apr 16 2020 02:54:53 GMT-0400 (Eastern Daylight Time)
15.4937,15.4933,15.4933,15.4933,15.4933,15.4948,15.4948,15.4935,15.4922,15.4919,15.4916,15.4911,15.4914,15.4914,15.4914,15.4911,15.4904,15.4904,15.4904,15.4909,15.4905,15.4905,15.4905,15.4908,15.4905,15.4928,15.4928,15.4928,15.4933,15.4933,15.4935,15.4935,15.4942,15.4938,15.494,15.4944,15.4954,15.4937,15.4941,15.4949,15.4945,15.4958,15.4957,15.4961,15.4964,15.4961,15.4955,15.4954,15.4954,15.4963,15.496,15.496,15.4977,15.4971,15.4983,15.4983,15.497,15.4963,15.4959,15.4953,
Thu Apr 16 2020 02:55:53 GMT-0400 (Eastern Daylight Time)
15.4954,15.4961,15.4961,15.4971,15.4971,15.4975,15.4975,15.4989,15.4976,15.4969,15.4957,15.4956,15.4951,15.4948,15.4946,15.4946,15.4943,15.495,15.496,15.496,15.4963,15.4963,15.4959,15.4943,15.494,15.4943,15.4948,15.4931,15.493,15.4923,15.4923,15.4916,15.4919,15.4927,15.491,15.4913,15.4915,15.4943,15.4935,15.4926,15.4924,15.4926,15.4926,15.4926,15.4946,15.4949,15.4954,15.4951,15.4959,15.4956,15.4946,15.4939,15.4943,15.4935,15.4935,15.4935,15.4915,15.4908,15.4907,15.4904,
Thu Apr 16 2020 02:56:54 GMT-0400 (Eastern Daylight Time)
15.491,15.4907,15.4901,15.4887,15.4893,15.489,15.489,15.4905,15.4903,15.4898,15.4902,15.4898,15.4901,15.4899,15.4901,15.4894,15.4891,15.4891,15.4893,15.4889,15.4878,15.4875,15.4882,15.4882,15.4893,15.4887,15.4882,15.4882,15.4878,15.4866,15.487,15.487,15.4877,15.4868,15.4887,15.4879,15.4876,15.4877,15.4881,15.4903,15.4899,15.4895,15.4906,15.4905,15.491,15.4918,15.4916,15.4916,15.4938,15.4935,15.4939,15.4943,15.4939,15.4939,15.4939,15.4943,15.494,15.494,15.4945,15.4945,
Thu Apr 16 2020 02:57:54 GMT-0400 (Eastern Daylight Time)
15.4945,15.4952,15.4952,15.495,15.495,15.495,15.4953,15.4958,15.4963,15.4959,15.4962,15.4962,15.4965,15.4976,15.4972,15.4972,15.498,15.4983,15.4983,15.4975,15.4972,15.4983,15.4979,15.4982,15.498,15.498,15.498,15.4978,15.4975,15.4975,15.4966,15.4969,15.4998,15.4994,15.4994,15.4984,15.4985,15.499,15.499,15.4992,15.4994,15.4991,15.4993,15.4988,15.4977,15.4966,15.4966,15.4966,15.4953,15.4929,15.4933,15.4946,15.4943,15.4944,15.494,15.4937,15.4939,15.4936,15.4933,15.493,
Thu Apr 16 2020 02:58:54 GMT-0400 (Eastern Daylight Time)
15.4939,15.4942,15.4945,15.4955,15.4965,15.4961,15.4961,15.4952,15.4949,15.4946,15.4941,15.4933,15.4949,15.4952,15.4949,15.4961,15.4955,15.4955,15.4959,15.4959,15.4954,15.4954,15.4953,15.495,15.495,15.4956,15.4956,15.4964,15.4965,15.497,15.4975,15.4973,15.4967,15.4967,15.4967,15.4972,15.4972,15.498,15.4983,15.4969,15.4969,15.497,15.4975,15.4975,15.4975,15.4978,15.4981,15.4976,15.4984,15.4972,15.4972,15.4968,15.4979,15.497,15.4968,15.4968,15.4974,15.4974,15.4974,15.498,
Thu Apr 16 2020 02:59:53 GMT-0400 (Eastern Daylight Time)
15.4977,15.4967,15.4967,15.4969,15.4966,15.4969,15.4959,15.4964,15.4962,15.4957,15.4957,15.4951,15.4951,15.4948,15.495,15.4947,15.4947,15.4957,15.4954,15.4957,15.4964,15.4961,15.4952,15.4955,15.4955,15.4959,15.4959,15.4954,15.4959,15.4929,15.4924,15.4918,15.4918,15.4945,15.495,15.4957,15.4957,15.4957,15.4957,15.4965,15.4962,15.4962,15.4966,15.4966,15.4974,15.498,15.4983,15.4973,15.4976,15.4976,15.4976,15.4972,15.4979,15.4982,15.498,15.498,15.498,15.4983,15.4986,15.4982,
Thu Apr 16 2020 03:00:54 GMT-0400 (Eastern Daylight Time)
15.4984,15.4982,15.4982,15.4982,15.4994,15.4984,15.4979,15.4976,15.4971,15.4971,15.4971,15.4968,15.496,15.496,15.4957,15.496,15.4957,15.4959,15.4965,15.498,15.498,15.4979,15.4983,15.4983,15.4975,15.4977,15.4973,15.4975,15.4967,15.4964,15.4977,15.4982,15.4991,15.4986,15.499,15.499,15.4983,15.4982,15.4984,15.4987,15.4987,15.4996,15.4992,15.4992,15.4992,15.5003,15.5,15.4997,15.5,15.5006,15.501,15.5006,15.5007,15.4998,15.4996,15.5005,15.5022,15.5022,15.5024,15.5026,
Thu Apr 16 2020 03:01:53 GMT-0400 (Eastern Daylight Time)
15.5026,15.5028,15.503,15.503,15.503,15.5033,15.5042,15.5039,15.5039,15.5058,15.5058,15.5054,15.5054,15.506,15.506,15.5047,15.5044,15.5042,15.5059,15.5056,15.5058,15.5061,15.5061,15.509,15.5101,15.5105,15.5108,15.5105,15.5109,15.5106,15.5093,15.508,15.5075,15.5071,15.5077,15.5077,15.5075,15.5088,15.509,15.5093,15.509,15.509,15.509,15.5094,15.5095,15.5096,15.5096,15.5098,15.5093,15.5095,15.5091,15.5095,15.5095,15.5098,15.5083,15.5086,15.5094,15.5111,15.5114,15.5114,
Thu Apr 16 2020 03:02:53 GMT-0400 (Eastern Daylight Time)
15.5111,15.5109,15.5112,15.5112,15.5117,15.5123,15.5118,15.5122,15.513,15.5129,15.512,15.5122,15.511,15.5115,15.5104,15.5106,15.5106,15.5106,15.5109,15.5109,15.5114,15.5108,15.5105,15.511,15.511,15.5108,15.511,15.5107,15.5099,15.5099,15.5099,15.509,15.5096,15.5051,15.5048,15.5051,15.5051,15.5049,15.5044,15.5037,15.5037,15.5032,15.5028,15.5032,15.5036,15.5007,15.5,15.4998,15.5004,15.4998,15.4976,15.4974,15.4984,15.4984,15.5012,15.5012,15.5012,15.5018,15.5015,15.5015,
Thu Apr 16 2020 03:03:53 GMT-0400 (Eastern Daylight Time)
15.5015,15.501,15.501,15.501,15.4995,15.4995,15.4995,15.5,15.5,15.5007,15.5005,15.5008,15.5006,15.5003,15.5014,15.5014,15.5017,15.5015,15.5015,15.5022,15.5022,15.5021,15.5013,15.5017,15.5027,15.5024,15.5028,15.5028,15.5028,15.5034,15.5045,15.5043,15.5036,15.5038,15.504,15.504,15.5045,15.504,15.5038,15.5042,15.5039,15.503,15.5043,15.5043,15.5043,15.5043,15.5046,15.5037,15.5039,15.5038,15.5035,15.5031,15.5031,15.5033,15.5026,15.5026,15.502,15.5015,15.5017,15.5017,
Thu Apr 16 2020 03:04:54 GMT-0400 (Eastern Daylight Time)
15.5022,15.503,15.5033,15.5033,15.5031,15.5028,15.5039,15.5036,15.5036,15.5047,15.5046,15.5049,15.5049,15.5044,15.5041,15.5038,15.5045,15.5044,15.5044,15.5041,15.5037,15.5049,15.5029,15.5029,15.5035,15.5026,15.5016,15.5016,15.5023,15.5027,15.5031,15.5035,15.5039,15.5033,15.5033,15.5023,15.5023,15.5044,15.5044,15.5034,15.5032,15.503,15.5027,15.5029,15.5034,15.5034,15.5034,15.5031,15.5031,15.5034,15.5046,15.5047,15.505,15.5044,15.5047,15.5047,15.5044,15.5039,15.5037,15.5037,
Thu Apr 16 2020 03:05:53 GMT-0400 (Eastern Daylight Time)
15.5039,15.5037,15.5037,15.5037,15.5037,15.5038,15.5031,15.5031,15.5031,15.5002,15.5002,15.4999,15.5004,15.5006,15.5006,15.501,15.5013,15.5009,15.5012,15.5006,15.5002,15.4999,15.5001,15.5006,15.5004,15.5039,15.5031,15.5037,15.5041,15.505,15.505,15.505,15.5055,15.5029,15.5034,15.5036,15.5029,15.5025,15.5025,15.5025,15.5025,15.5033,15.5035,15.5045,15.5052,15.5061,15.5059,15.5059,15.5057,15.5051,15.5058,15.5064,15.5062,15.5074,15.5069,15.5077,15.5066,15.5069,15.5075,15.5075,
Thu Apr 16 2020 03:06:54 GMT-0400 (Eastern Daylight Time)
15.5073,15.5076,15.5076,15.5076,15.5076,15.5065,15.507,15.5087,15.5087,15.5086,15.5086,15.5082,15.5086,15.5082,15.5082,15.5096,15.5081,15.5081,15.5076,15.5074,15.507,15.507,15.5075,15.5072,15.5072,15.5074,15.5072,15.5073,15.5073,15.5064,15.5061,15.5054,15.5054,15.5053,15.5053,15.5056,15.5056,15.5061,15.5061,15.5059,15.5057,15.5054,15.5059,15.5056,15.5064,15.5075,15.5075,15.5079,15.5068,15.5071,15.5068,15.5068,15.5052,15.5049,15.5049,15.5046,15.5053,15.5046,15.5048,15.5035,
Thu Apr 16 2020 03:07:54 GMT-0400 (Eastern Daylight Time)
15.5035,15.5035,15.503,15.503,15.5028,15.5022,15.5028,15.503,15.503,15.5021,15.5021,15.5021,15.5026,15.5022,15.5012,15.4989,15.4989,15.4989,15.4992,15.4989,15.4989,15.4986,15.4986,15.4986,15.4984,15.4984,15.4994,15.4994,15.4996,15.4978,15.4982,15.4982,15.4983,15.4994,15.4997,15.4999,15.4987,15.4987,15.4985,15.4981,15.4995,15.5,15.5025,15.5028,15.5028,15.5028,15.5028,15.5028,15.5026,15.502,15.5025,15.503,15.5027,15.503,15.5034,15.5034,15.5039,15.5038,15.5031,15.5027,
Thu Apr 16 2020 03:08:54 GMT-0400 (Eastern Daylight Time)
15.5022,15.5021,15.5021,15.5024,15.5024,15.5021,15.5026,15.5029,15.5029,15.5025,15.5027,15.5027,15.4995,15.499,15.4986,15.4979,15.4974,15.4976,15.4973,15.4981,15.4981,15.4983,15.4986,15.499,15.4986,15.4978,15.4975,15.4975,15.498,15.498,15.4976,15.4965,15.4969,15.4963,15.496,15.4962,15.4962,15.4967,15.498,15.4983,15.498,15.4969,15.4969,15.4965,15.4965,15.4954,15.4961,15.4965,15.4969,15.4952,15.4954,15.4948,15.4943,15.4942,15.4944,15.4944,15.4944,15.4954,15.496,15.4964,
Thu Apr 16 2020 03:09:54 GMT-0400 (Eastern Daylight Time)
15.4969,15.4971,15.4971,15.4971,15.4963,15.496,15.4956,15.4954,15.495,15.4941,15.4954,15.4952,15.4955,15.4955,15.4955,15.4955,15.4955,15.4958,15.4952,15.4956,15.4951,15.4952,15.4955,15.4949,15.4949,15.4959,15.4957,15.496,15.4965,15.4965,15.4973,15.4971,15.4971,15.4971,15.4965,15.4968,15.4968,15.4965,15.4967,15.4984,15.4979,15.4976,15.4976,15.4973,15.497,15.497,15.4968,15.497,15.4964,15.4968,15.4962,15.4957,15.496,15.496,15.4965,15.4965,15.4978,15.4978,15.4992,15.499,
Thu Apr 16 2020 03:10:54 GMT-0400 (Eastern Daylight Time)
15.499,15.4995,15.4978,15.4978,15.4978,15.4978,15.4963,15.4965,15.4965,15.4965,15.4975,15.4982,15.4985,15.499,15.5,15.5002,15.5002,15.4988,15.4981,15.4981,15.4983,15.4976,15.497,15.497,15.497,15.4961,15.4974,15.4954,15.4954,15.4951,15.4961,15.4964,15.4941,15.4941,15.4944,15.4944,15.4949,15.4945,15.4945,15.4942,15.4936,15.494,15.4944,15.4947,15.4941,15.4941,15.4937,15.4932,15.4919,15.492,15.4929,15.4926,15.4929,15.4929,15.4934,15.4931,15.4936,15.4922,15.4918,15.4921,
Thu Apr 16 2020 03:11:54 GMT-0400 (Eastern Daylight Time)
15.4924,15.4924,15.4924,15.4924,15.492,15.4922,15.4913,15.4917,15.492,15.492,15.4923,15.492,15.492,15.4923,15.493,15.4939,15.4939,15.4933,15.4936,15.4936,15.4945,15.4956,15.4958,15.4966,15.4957,15.4955,15.4961,15.4951,15.4971,15.4971,15.4973,15.4972,15.4972,15.4986,15.4964,15.4959,15.4959,15.4957,15.4951,15.4948,15.4948,15.4943,15.4933,15.4933,15.493,15.493,15.4936,15.494,15.4937,15.4937,15.4943,15.4952,15.4948,15.4944,15.4949,15.4943,15.4941,15.4943,15.4937,15.4934,
Thu Apr 16 2020 03:12:54 GMT-0400 (Eastern Daylight Time)
15.4931,15.4931,15.4952,15.4952,15.4952,15.4952,15.4927,15.4927,15.493,15.4932,15.493,15.4934,15.4934,15.4951,15.4959,15.4954,15.4949,15.4949,15.4954,15.4951,15.4953,15.4953,15.4941,15.4945,15.4945,15.4945,15.4942,15.4942,15.4939,15.4935,15.4939,15.4948,15.4951,15.4956,15.4951,15.4955,15.4962,15.4962,15.4967,15.4973,15.4973,15.4973,15.498,15.499,15.499,15.499,15.499,15.4999,15.4999,15.4999,15.5005,15.5005,15.5005,15.5005,15.5009,15.5009,15.5009,15.5009,15.5006,15.5005,
Thu Apr 16 2020 03:13:54 GMT-0400 (Eastern Daylight Time)
15.5005,15.5005,15.5004,15.5008,15.5,15.5,15.4992,15.4992,15.4995,15.4998,15.5006,15.5006,15.5008,15.5,15.4994,15.4994,15.4986,15.4997,15.4996,15.4991,15.4987,15.4984,15.4993,15.499,15.4996,15.4998,15.5,15.4987,15.5,15.502,15.5034,15.5034,15.5036,15.5033,15.5048,15.504,15.5047,15.5048,15.5044,15.5038,15.5036,15.5034,15.5036,15.5028,15.5042,15.504,15.5038,15.5024,15.5027,15.5027,15.5024,15.5033,15.5033,15.5031,15.5028,15.5017,15.5021,15.5025,15.5035,15.5032,
Thu Apr 16 2020 03:14:54 GMT-0400 (Eastern Daylight Time)
15.5035,15.5035,15.5035,15.5032,15.5038,15.504,15.5049,15.5049,15.5049,15.5053,15.5053,15.5053,15.5053,15.5053,15.5053,15.5053,15.5053,15.5053,15.5053,15.5056,15.5052,15.5055,15.5046,15.504,15.5043,15.5043,15.5044,15.505,15.5056,15.5057,15.506,15.506,15.5063,15.5063,15.5058,15.5063,15.506,15.5057,15.5057,15.5053,15.5053,15.5029,15.502,15.502,15.5023,15.5024,15.5025,15.5017,15.5017,15.502,15.5038,15.5034,15.5034,15.5035,15.5037,15.5035,15.5031,15.503,15.5025,15.5033,
Thu Apr 16 2020 03:15:54 GMT-0400 (Eastern Daylight Time)
15.5033,15.5025,15.5039,15.5039,15.5032,15.5032,15.5032,15.5029,15.5031,15.5031,15.5031,15.5028,15.5028,15.503,15.503,15.503,15.5038,15.5043,15.5022,15.5018,15.5022,15.5025,15.5032,15.5038,15.5049,15.5053,15.5058,15.5058,15.5055,15.5055,15.5064,15.5064,15.5072,15.5087,15.5078,15.5074,15.5062,15.5062,15.507,15.5065,15.5065,15.5061,15.5057,15.5071,15.5073,15.5076,15.5083,15.5079,15.5076,15.5081,15.5079,15.5085,15.5085,15.5087,15.5078,15.5078,15.5076,15.5078,15.5076,15.5081,
Thu Apr 16 2020 03:16:54 GMT-0400 (Eastern Daylight Time)
15.5078,15.5078,15.5091,15.5091,15.5095,15.5095,15.5095,15.5093,15.5096,15.5094,15.5092,15.5092,15.509,15.509,15.509,15.509,15.509,15.5087,15.5086,15.5086,15.5086,15.5081,15.5085,15.5081,15.5081,15.5076,15.5078,15.5078,15.508,15.5085,15.5097,15.5093,15.5093,15.5093,15.5084,15.5081,15.5081,15.5073,15.5076,15.5081,15.5083,15.5079,15.5088,15.5095,15.5102,15.5102,15.5107,15.5104,15.5097,15.51,15.5102,15.5102,15.5098,15.5098,15.5086,15.5082,15.5082,15.5086,15.5093,15.5093,
Thu Apr 16 2020 03:17:53 GMT-0400 (Eastern Daylight Time)
15.5096,15.5101,15.5101,15.5101,15.5081,15.5087,15.509,15.5086,15.5082,15.5081,15.5077,15.5087,15.5091,15.5091,15.5096,15.5096,15.51,15.51,15.5094,15.509,15.5088,15.5096,15.5091,15.5093,15.5099,15.5099,15.5101,15.5105,15.5105,15.5108,15.5107,15.5104,15.51,15.51,15.5105,15.5107,15.5107,15.511,15.5117,15.5121,15.5123,15.5123,15.5123,15.5112,15.5105,15.5105,15.5109,15.5109,15.5115,15.5118,15.5118,15.5122,15.5133,15.5137,15.5137,15.5145,15.5128,15.5125,15.513,15.5139,
Thu Apr 16 2020 03:18:53 GMT-0400 (Eastern Daylight Time)
15.5136,15.5141,15.5145,15.5145,15.5145,15.5145,15.5131,15.5131,15.5124,15.5131,15.5118,15.5118,15.5118,15.5118,15.5115,15.5109,15.5109,15.5109,15.5109,15.5114,15.5117,15.5126,15.5128,15.5134,15.5132,15.5125,15.5121,15.5121,15.5118,15.5115,15.5118,15.5115,15.5119,15.5119,15.5119,15.5116,15.5106,15.5106,15.5104,15.5108,15.5111,15.5117,15.5134,15.5134,15.5129,15.5127,15.5127,15.5134,15.5134,15.5131,15.5129,15.5125,15.513,15.5134,15.5132,15.5132,15.5115,15.5115,15.5118,15.5125,
Thu Apr 16 2020 03:19:54 GMT-0400 (Eastern Daylight Time)
15.5114,15.5116,15.5118,15.5118,15.5118,15.5118,15.5136,15.5127,15.5127,15.5127,15.5129,15.5133,15.5133,15.5137,15.5143,15.5139,15.5136,15.5141,15.5137,15.5138,15.5131,15.5129,15.5138,15.5134,15.5133,15.5133,15.5133,15.5136,15.5136,15.5137,15.514,15.5142,15.5142,15.5146,15.5141,15.5149,15.5137,15.5134,15.5136,15.5136,15.514,15.514,15.5147,15.5144,15.5137,15.5147,15.5176,15.5176,15.5179,15.5179,15.5172,15.5178,15.5171,15.5177,15.5181,15.5172,15.518,15.5177,15.5174,15.5177,
Thu Apr 16 2020 03:20:54 GMT-0400 (Eastern Daylight Time)
15.5173,15.5172,15.5172,15.5172,15.5172,15.5172,15.517,15.5173,15.518,15.5178,15.5174,15.5174,15.5168,15.5181,15.5181,15.5184,15.5205,15.5205,15.521,15.5213,15.5217,15.522,15.5213,15.5222,15.5228,15.523,15.5236,15.5232,15.5232,15.5235,15.5237,15.5237,15.5237,15.5237,15.5255,15.5259,15.5259,15.5256,15.526,15.5263,15.5263,15.5263,15.527,15.5268,15.5265,15.5268,15.5265,15.5271,15.5275,15.5265,15.5265,15.5265,15.5262,15.526,15.5257,15.5257,15.5261,15.5262,15.5264,15.5268,
Thu Apr 16 2020 03:21:54 GMT-0400 (Eastern Daylight Time)
15.5266,15.5266,15.5263,15.5263,15.5268,15.5268,15.5268,15.5268,15.5263,15.5264,15.5253,15.5257,15.5257,15.5256,15.5245,15.525,15.525,15.5253,15.5239,15.5232,15.522,15.5217,15.5218,15.522,15.522,15.5215,15.523,15.5224,15.522,15.5218,15.5214,15.5211,15.5214,15.5211,15.5215,15.521,15.521,15.5217,15.5222,15.5225,15.5221,15.5237,15.5246,15.5241,15.5238,15.5235,15.5228,15.5234,15.5218,15.5216,15.5208,15.5208,15.5204,15.5196,15.5185,15.5188,15.5186,15.5189,15.5183,15.5179,
Thu Apr 16 2020 03:22:53 GMT-0400 (Eastern Daylight Time)
15.5181,15.5183,15.5183,15.518,15.5184,15.5184,15.5166,15.5169,15.5175,15.5171,15.5173,15.5168,15.515,15.515,15.5147,15.515,15.515,15.5148,15.5138,15.5142,15.5142,15.5134,15.5135,15.5135,15.5132,15.5133,15.5133,15.5124,15.5121,15.5121,15.5121,15.5131,15.5131,15.5131,15.5133,15.5138,15.5144,15.5144,15.5151,15.5156,15.5153,15.5156,15.5156,15.5163,15.5159,15.5156,15.5171,15.5171,15.517,15.5176,15.5173,15.5179,15.5183,15.5185,15.5185,15.5181,15.5194,15.5201,15.5205,15.5191,
Thu Apr 16 2020 03:23:53 GMT-0400 (Eastern Daylight Time)
15.5191,15.5186,15.5186,15.5179,15.5179,15.5175,15.5175,15.5172,15.5172,15.5168,15.5171,15.5174,15.5166,15.5166,15.5164,15.5166,15.5168,15.5163,15.517,15.5158,15.5158,15.5146,15.5153,15.5165,15.5165,15.5163,15.5163,15.5166,15.5169,15.5169,15.5165,15.5145,15.5147,15.5147,15.5147,15.5165,15.5162,15.5164,15.5162,15.5165,15.5151,15.5151,15.5163,15.5171,15.5171,15.5174,15.5174,15.5171,15.5175,15.5175,15.5171,15.5166,15.5187,15.5187,15.5187,15.5185,15.5188,15.5184,15.5183,15.5186,
Thu Apr 16 2020 03:24:54 GMT-0400 (Eastern Daylight Time)
15.5181,15.5181,15.5181,15.5181,15.5181,15.5181,15.5161,15.5165,15.5157,15.5161,15.5165,15.5169,15.5171,15.5168,15.5168,15.5172,15.5172,15.517,15.5168,15.5171,15.5167,15.5173,15.5173,15.5174,15.5164,15.5155,15.5155,15.5157,15.5154,15.5151,15.5154,15.516,15.5163,15.5157,15.5151,15.5149,15.5152,15.5125,15.5125,15.515,15.5155,15.5155,15.5148,15.514,15.514,15.514,15.5143,15.5143,15.5138,15.5142,15.5145,15.513,15.5127,15.5134,15.5131,15.5134,15.5128,15.512,15.5114,15.5112,
Thu Apr 16 2020 03:25:54 GMT-0400 (Eastern Daylight Time)
15.5123,15.5123,15.5127,15.5127,15.5127,15.5127,15.5105,15.5107,15.5098,15.5092,15.5098,15.509,15.51,15.5102,15.5099,15.5106,15.5109,15.5106,15.5106,15.5098,15.5098,15.5091,15.5094,15.5096,15.5088,15.5091,15.5091,15.509,15.509,15.5084,15.5087,15.5093,15.5105,15.5097,15.5097,15.5101,15.5098,15.5098,15.51,15.5076,15.5073,15.5076,15.5073,15.5076,15.5074,15.5081,15.5081,15.5083,15.5088,15.5088,15.5082,15.5065,15.5075,15.5078,15.5078,15.5069,15.5065,15.5057,15.5057,15.5057,
Thu Apr 16 2020 03:26:54 GMT-0400 (Eastern Daylight Time)
15.5064,15.5049,15.5049,15.5043,15.5043,15.5017,15.4995,15.4967,15.4962,15.4957,15.4961,15.4965,15.4952,15.4952,15.4946,15.4943,15.4949,15.4942,15.4939,15.4935,15.4933,15.4926,15.4943,15.494,15.4932,15.4913,15.491,15.4903,15.491,15.4917,15.4919,15.4916,15.4905,15.4899,15.4895,15.4903,15.4901,15.4897,15.4898,15.4907,15.4903,15.4899,15.4902,15.4905,15.4905,15.4915,15.4915,15.4915,15.4918,15.4921,15.4914,15.4909,15.4915,15.4918,15.4923,15.4914,15.4911,15.492,15.4924,15.4941,
Thu Apr 16 2020 03:27:54 GMT-0400 (Eastern Daylight Time)
15.4938,15.493,15.4941,15.4946,15.4946,15.4965,15.4962,15.4958,15.4953,15.495,15.495,15.4947,15.4933,15.4933,15.494,15.4938,15.4944,15.4944,15.4934,15.493,15.4935,15.4938,15.4947,15.4947,15.4962,15.4962,15.4962,15.4962,15.496,15.4949,15.4955,15.4978,15.4976,15.4976,15.4978,15.4969,15.4969,15.4972,15.4962,15.4967,15.4976,15.4976,15.4983,15.4982,15.4977,15.4977,15.4982,15.4967,15.4967,15.4954,15.4959,15.4942,15.4942,15.4939,15.4931,15.4929,15.4929,15.4933,15.4924,15.4935,
Thu Apr 16 2020 03:28:54 GMT-0400 (Eastern Daylight Time)
15.4937,15.4937,15.4932,15.4947,15.4944,15.4939,15.4928,15.4922,15.4922,15.4913,15.4919,15.4921,15.4918,15.4915,15.4912,15.4912,15.4909,15.4909,15.4909,15.4917,15.492,15.4925,15.4905,15.4909,15.4902,15.489,15.489,15.4889,15.4889,15.4885,15.4885,15.4894,15.4893,15.489,15.489,15.4895,15.4895,15.49,15.4903,15.4903,15.4898,15.488,15.4887,15.4891,15.4889,15.4886,15.4886,15.4889,15.4872,15.4872,15.4866,15.4856,15.4854,15.4857,15.4857,15.4857,15.4857,15.4869,15.4855,15.4855,
Thu Apr 16 2020 03:29:54 GMT-0400 (Eastern Daylight Time)
15.4859,15.4856,15.4856,15.4857,15.4857,15.4857,15.486,15.4863,15.4863,15.4863,15.4842,15.4848,15.4845,15.4842,15.4846,15.4856,15.486,15.4855,15.4851,15.4858,15.4861,15.4869,15.4862,15.4863,15.4865,15.4862,15.4862,15.4849,15.4849,15.4849,15.4852,15.4845,15.4847,15.4847,15.485,15.4863,15.4863,15.4861,15.4859,15.4861,15.4858,15.4862,15.487,15.4872,15.4865,15.4865,15.4865,15.4887,15.4882,15.4876,15.4876,15.4878,15.4887,15.4887,15.4887,15.4879,15.4879,15.4877,15.4877,15.4879,
Thu Apr 16 2020 03:30:54 GMT-0400 (Eastern Daylight Time)
15.4887,15.4885,15.4885,15.4885,15.4885,15.4878,15.4878,15.4887,15.4882,15.4889,15.4893,15.4904,15.4902,15.4907,15.4901,15.4909,15.4911,15.4919,15.4927,15.4924,15.4931,15.4931,15.4937,15.4937,15.4934,15.4934,15.4928,15.4925,15.4925,15.4919,15.4915,15.493,15.4935,15.4933,15.4937,15.4937,15.493,15.493,15.493,15.4935,15.4935,15.4935,15.4935,15.4948,15.4948,15.4945,15.4951,15.4945,15.4945,15.4945,15.4942,15.4947,15.495,15.495,15.495,15.495,15.4953,15.4949,15.4954,15.4962,
Thu Apr 16 2020 03:31:54 GMT-0400 (Eastern Daylight Time)
15.4962,15.4954,15.4952,15.496,15.4957,15.4957,15.4957,15.4953,15.4955,15.4947,15.495,15.4954,15.4974,15.4978,15.4981,15.4985,15.498,15.4977,15.4986,15.4993,15.499,15.4991,15.4994,15.4981,15.4979,15.4984,15.4984,15.4989,15.5002,15.5007,15.5003,15.5002,15.5002,15.4998,15.4998,15.5001,15.5002,15.5002,15.5003,15.5001,15.5001,15.5004,15.5004,15.4999,15.5002,15.5002,15.5005,15.5008,15.5011,15.5014,15.5019,15.5022,15.5022,15.5022,15.5003,15.5003,15.5011,15.5009,15.5018,15.5025,
Thu Apr 16 2020 03:32:54 GMT-0400 (Eastern Daylight Time)
15.5031,15.5033,15.5052,15.5052,15.5056,15.5059,15.5059,15.5042,15.5047,15.5049,15.5049,15.5041,15.5017,15.5017,15.5017,15.5017,15.5028,15.5033,15.5033,15.5017,15.5015,15.5013,15.5013,15.502,15.502,15.5022,15.5019,15.5024,15.5038,15.5038,15.504,15.5043,15.5037,15.5043,15.5047,15.5051,15.5056,15.5053,15.5061,15.5066,15.5066,15.5064,15.5066,15.5069,15.5072,15.5069,15.5069,15.5069,15.5077,15.5077,15.5081,15.5084,15.5087,15.5077,15.5077,15.508,15.507,15.5069,15.5069,15.5069,
Thu Apr 16 2020 03:34:54 GMT-0400 (Eastern Daylight Time)
15.5058,15.5116,15.5113,15.5102,15.5104,15.5118,15.5115,15.5115,15.5126,15.5126,15.5132,15.5128,15.5138,15.5132,15.5132,15.513,15.5122,15.5122,15.5127,15.5121,15.5117,15.5114,15.5117,15.5113,15.5118,15.512,15.5116,15.5116,15.5095,15.5095,15.5095,15.5101,15.5095,15.5093,15.5093,15.5096,15.5104,15.5107,15.5104,15.5101,15.51,15.5103,15.5099,15.5113,15.5123,15.5116,15.512,15.5116,15.5111,15.5116,15.5125,15.5121,15.5114,15.512,15.5118,15.5128,15.5133,15.5133,15.5123,15.5121,
Thu Apr 16 2020 03:35:54 GMT-0400 (Eastern Daylight Time)
15.5118,15.5116,15.5116,15.5116,15.5116,15.5116,15.5116,15.5117,15.5115,15.5105,15.5107,15.511,15.5113,15.5117,15.5117,15.5126,15.5129,15.5129,15.5129,15.5128,15.5132,15.5126,15.5114,15.5111,15.5089,15.5087,15.5087,15.5081,15.5079,15.5075,15.5075,15.5067,15.507,15.5063,15.5066,15.507,15.5068,15.5051,15.5051,15.5048,15.5047,15.5049,15.5043,15.5044,15.5044,15.5015,15.5007,15.5003,15.5007,15.5019,15.5026,15.5026,15.5032,15.5023,15.5024,15.5019,15.5043,15.5048,15.5044,15.5042,
Thu Apr 16 2020 03:36:54 GMT-0400 (Eastern Daylight Time)
15.5041,15.5041,15.5041,15.5041,15.5041,15.5041,15.5038,15.5038,15.5038,15.5044,15.504,15.504,15.504,15.5049,15.5044,15.5032,15.5029,15.5033,15.5035,15.5033,15.5033,15.5033,15.5033,15.5035,15.5025,15.5023,15.5021,15.5015,15.5015,15.5015,15.5025,15.5029,15.5024,15.5026,15.5029,15.5037,15.5041,15.5041,15.5034,15.503,15.5027,15.5024,15.5035,15.5035,15.5027,15.5024,15.5026,15.5031,15.5011,15.5011,15.5011,15.4998,15.4995,15.4977,15.4977,15.4977,15.4977,15.4976,15.4979,15.4982,
Thu Apr 16 2020 03:37:54 GMT-0400 (Eastern Daylight Time)
15.4978,15.4983,15.4983,15.4985,15.499,15.4999,15.5003,15.5014,15.5022,15.5018,15.5014,15.5017,15.5017,15.501,15.5015,15.5015,15.5019,15.504,15.5043,15.5039,15.5048,15.5045,15.5045,15.5049,15.5043,15.5043,15.5041,15.5044,15.5042,15.5042,15.5046,15.5043,15.5048,15.5052,15.5061,15.5064,15.5061,15.5061,15.5058,15.5047,15.506,15.5063,15.5079,15.5069,15.5063,15.506,15.506,15.5069,15.5066,15.5066,15.507,15.5081,15.5079,15.5084,15.5084,15.5076,15.5079,15.5079,15.51,15.5087,
Thu Apr 16 2020 03:38:54 GMT-0400 (Eastern Daylight Time)
15.5081,15.5082,15.5082,15.5077,15.5059,15.5056,15.5053,15.5034,15.5034,15.5034,15.5034,15.5034,15.5031,15.5034,15.5038,15.5032,15.5032,15.5036,15.5037,15.5037,15.5037,15.5044,15.5046,15.5048,15.5048,15.5048,15.5051,15.5051,15.5056,15.5056,15.5059,15.5056,15.5061,15.5052,15.5055,15.5059,15.5068,15.5087,15.5087,15.5092,15.5092,15.5082,15.5074,15.508,15.5073,15.5078,15.5081,15.5084,15.5083,15.5083,15.5086,15.5086,15.5088,15.5082,15.509,15.5082,15.5087,15.5084,15.5084,15.5065,
