Sun Apr 12 2020 23:33:04 GMT-0400 (Eastern Daylight Time)
15.7173,15.7184,15.7189,15.7189,15.7189,15.7189,15.7192,15.7196,15.72,15.7198,15.7194,15.7241,15.7246,15.7251,15.7248,15.7257,15.7254,15.7244,15.7241,15.7233,15.7233,15.7234,15.7231,15.7234,15.7231,15.7234,15.7234,15.7234,15.7231,15.723,15.7225,15.723,15.7228,15.7221,15.7216,15.7209,15.7191,15.719,15.719,15.719,15.719,15.7192,15.7192,15.7192,15.7192,15.7181,15.7181,15.7181,15.7181,15.7176,15.7172,15.7175,15.7175,15.7172,15.7172,15.7169,15.7196,15.7196,15.7189,15.7193,
Sun Apr 12 2020 23:35:06 GMT-0400 (Eastern Daylight Time)
15.7188,15.7188,15.7169,15.7191,15.7169,15.718,15.7171,15.7171,15.7175,15.7184,15.7189,15.7193,15.7189,15.7189,15.7192,15.7192,15.7192,15.7174,15.7196,15.7196,15.7174,15.7169,15.7165,15.7193,15.7173,15.7176,15.7174,15.7171,15.7179,15.7179,15.7179,15.7182,15.7178,15.7171,15.7171,15.7167,15.7167,15.7136,15.7136,15.7133,15.7136,15.713,15.7124,15.7127,15.7129,15.7129,15.7129,15.7141,15.7147,15.7159,15.7159,15.7159,15.7159,15.7159,15.7159,15.7159,15.718,15.7176,15.7173,15.7183,
Sun Apr 12 2020 23:36:04 GMT-0400 (Eastern Daylight Time)
15.7179,15.7183,15.7187,15.7187,15.7181,15.7178,15.7184,15.718,15.718,15.7161,15.7167,15.7164,15.7179,15.7184,15.7184,15.718,15.7178,15.7181,15.7184,15.7184,15.7187,15.7187,15.719,15.7209,15.7211,15.7225,15.7223,15.7223,15.7223,15.7223,15.7223,15.7221,15.7221,15.7216,15.722,15.7217,15.7212,15.7212,15.7212,15.7212,15.7216,15.7216,15.7219,15.7219,15.7219,15.7219,15.7219,15.7221,15.7221,15.7221,15.7215,15.7221,15.7213,15.7218,15.7218,15.7218,15.7221,15.724,15.7235,15.7239,
Sun Apr 12 2020 23:37:04 GMT-0400 (Eastern Daylight Time)
15.7235,15.7239,15.7239,15.7242,15.7242,15.7234,15.7229,15.7227,15.7227,15.7224,15.7224,15.7228,15.7225,15.7219,15.7219,15.7219,15.7215,15.7216,15.7216,15.7228,15.7228,15.7228,15.7234,15.7232,15.7232,15.7237,15.7239,15.7239,15.7234,15.7234,15.7231,15.7234,15.7234,15.7226,15.7226,15.7228,15.7228,15.7228,15.7236,15.7236,15.7236,15.7236,15.7239,15.7239,15.7239,15.7234,15.7234,15.7234,15.7237,15.7234,15.7234,15.723,15.723,15.7243,15.7231,15.7231,15.7231,15.7231,15.7225,15.7225,
Sun Apr 12 2020 23:38:04 GMT-0400 (Eastern Daylight Time)
15.7233,15.7226,15.7226,15.7226,15.7228,15.7223,15.7227,15.7227,15.7227,15.7234,15.7233,15.7233,15.7233,15.7236,15.721,15.7213,15.7216,15.7222,15.7222,15.7222,15.7226,15.7226,15.7226,15.7226,15.7229,15.7235,15.7225,15.7225,15.7225,15.7229,15.7224,15.7222,15.7217,15.7227,15.7227,15.7227,15.7237,15.7244,15.7245,15.7245,15.7251,15.7248,15.7248,15.7237,15.7237,15.7241,15.7242,15.7242,15.7245,15.7245,15.7242,15.7242,15.7245,15.7236,15.7228,15.7236,15.7236,15.7236,15.7236,15.724,
Sun Apr 12 2020 23:39:04 GMT-0400 (Eastern Daylight Time)
15.724,15.7233,15.7229,15.7226,15.7226,15.723,15.7227,15.7227,15.7227,15.723,15.723,15.723,15.7224,15.7227,15.7223,15.7223,15.7223,15.7243,15.724,15.724,15.7244,15.7244,15.7272,15.7263,15.7271,15.7267,15.7267,15.7267,15.7264,15.7267,15.7263,15.7265,15.7275,15.7278,15.7278,15.7273,15.7273,15.7265,15.7259,15.7265,15.7273,15.7271,15.7271,15.7268,15.7265,15.7265,15.7272,15.7274,15.7271,15.7281,15.7278,15.7276,15.7282,15.7278,15.7278,15.7281,15.7281,15.7283,15.7289,15.7289,
Sun Apr 12 2020 23:40:04 GMT-0400 (Eastern Daylight Time)
15.7285,15.727,15.7267,15.7269,15.7277,15.7271,15.7267,15.7275,15.7275,15.7275,15.7299,15.7302,15.7302,15.7302,15.73,15.7307,15.7302,15.7302,15.7291,15.7293,15.7293,15.7308,15.7312,15.7333,15.7338,15.7334,15.7328,15.7328,15.733,15.7321,15.7327,15.7331,15.7331,15.7329,15.7335,15.7338,15.7338,15.734,15.7343,15.7336,15.733,15.7323,15.7328,15.7331,15.7329,15.7325,15.7322,15.7322,15.7326,15.7326,15.7331,15.7328,15.7348,15.7351,15.7358,15.7358,15.7358,15.7366,15.7363,15.7363,
Sun Apr 12 2020 23:41:04 GMT-0400 (Eastern Daylight Time)
15.7375,15.7378,15.7376,15.7376,15.7374,15.7374,15.7377,15.7377,15.7377,15.7377,15.7377,15.7377,15.7377,15.7377,15.738,15.738,15.738,15.7377,15.7374,15.7371,15.7371,15.7371,15.7371,15.7371,15.7371,15.7368,15.7368,15.7366,15.7366,15.7366,15.7371,15.7369,15.7369,15.7369,15.7377,15.7377,15.737,15.7373,15.7373,15.7378,15.737,15.7365,15.7365,15.7362,15.7366,15.7362,15.7359,15.7364,15.7364,15.7364,15.7374,15.7374,15.7371,15.7375,15.7361,15.7358,15.7358,15.7361,15.7345,15.7348,
Sun Apr 12 2020 23:42:04 GMT-0400 (Eastern Daylight Time)
15.7341,15.7347,15.7347,15.7355,15.7367,15.7367,15.7367,15.7361,15.7358,15.7358,15.7362,15.7354,15.7354,15.7354,15.7349,15.7349,15.7346,15.7346,15.7343,15.7343,15.7346,15.7346,15.7343,15.734,15.734,15.734,15.7352,15.7352,15.7352,15.7352,15.7352,15.7354,15.7354,15.7354,15.7351,15.7351,15.7375,15.7375,15.7386,15.7386,15.7399,15.7399,15.7399,15.7401,15.7401,15.7387,15.7383,15.7388,15.7392,15.7396,15.7403,15.7407,15.741,15.741,15.7415,15.7412,15.7406,15.7402,15.7413,15.7415,
Sun Apr 12 2020 23:43:05 GMT-0400 (Eastern Daylight Time)
15.7415,15.7393,15.7393,15.7393,15.7393,15.7393,15.7393,15.7396,15.7396,15.7402,15.74,15.7398,15.7398,15.7382,15.7382,15.7377,15.7377,15.7377,15.7373,15.7354,15.7357,15.7357,15.7357,15.7357,15.7357,15.735,15.735,15.7343,15.7343,15.7346,15.7346,15.7346,15.7346,15.7347,15.7347,15.737,15.7372,15.7372,15.737,15.737,15.737,15.7368,15.7376,15.7385,15.7381,15.7381,15.7386,15.7393,15.7393,15.7393,15.7393,15.7366,15.7366,15.7373,15.7373,15.7373,15.7373,15.7392,15.7379,15.7375,
Sun Apr 12 2020 23:44:04 GMT-0400 (Eastern Daylight Time)
15.7371,15.7345,15.7345,15.7316,15.7318,15.7318,15.7308,15.7308,15.7308,15.7306,15.7299,15.7302,15.7302,15.7298,15.7292,15.7289,15.7289,15.7289,15.7286,15.7281,15.7277,15.7274,15.7271,15.7259,15.726,15.726,15.7256,15.7245,15.7243,15.7243,15.7247,15.7247,15.7247,15.7247,15.7238,15.7238,15.7238,15.724,15.724,15.724,15.7237,15.724,15.7234,15.7243,15.7256,15.7256,15.7256,15.7259,15.7256,15.7249,15.7249,15.7241,15.7241,15.7241,15.7244,15.7244,15.7239,15.7236,15.7237,15.7237,
Sun Apr 12 2020 23:45:04 GMT-0400 (Eastern Daylight Time)
15.7241,15.7241,15.7238,15.7242,15.7238,15.7238,15.7235,15.7233,15.7233,15.7242,15.7242,15.7242,15.7234,15.7234,15.7228,15.7225,15.7222,15.7225,15.7224,15.7229,15.7232,15.7228,15.723,15.723,15.7237,15.7232,15.7232,15.7235,15.7228,15.7224,15.7231,15.7228,15.7232,15.7235,15.7237,15.7233,15.7235,15.7238,15.7226,15.7233,15.7233,15.7235,15.7241,15.7238,15.7238,15.7243,15.7255,15.7256,15.7258,15.7254,15.7275,15.7262,15.7267,15.7267,15.7261,15.7261,15.7261,15.7261,15.7266,15.7263,
Sun Apr 12 2020 23:46:04 GMT-0400 (Eastern Daylight Time)
15.7266,15.7266,15.7254,15.7254,15.7254,15.7254,15.7254,15.7245,15.7248,15.7248,15.7244,15.7237,15.7241,15.7246,15.7246,15.7246,15.7246,15.7253,15.725,15.725,15.7253,15.7253,15.725,15.725,15.725,15.725,15.725,15.725,15.725,15.725,15.725,15.7245,15.7245,15.725,15.7254,15.7256,15.7256,15.7256,15.7256,15.7258,15.7265,15.7263,15.7259,15.7255,15.7255,15.7268,15.7276,15.7276,15.7297,15.7297,15.7297,15.7292,15.7292,15.7288,15.7294,15.7294,15.7285,15.7284,15.7284,15.7281,
Sun Apr 12 2020 23:47:04 GMT-0400 (Eastern Daylight Time)
15.7281,15.7281,15.7276,15.7276,15.728,15.728,15.7285,15.7289,15.7286,15.7284,15.7281,15.7276,15.7276,15.7276,15.7272,15.7271,15.7271,15.7271,15.7275,15.7272,15.7272,15.7272,15.7288,15.7292,15.7292,15.7292,15.7298,15.7295,15.7295,15.7298,15.7303,15.7306,15.7306,15.7306,15.7306,15.7306,15.7306,15.7306,15.7301,15.7301,15.7305,15.7305,15.7311,15.7311,15.7311,15.7321,15.7325,15.7331,15.7326,15.7326,15.7312,15.7312,15.7303,15.7303,15.73,15.73,15.73,15.731,15.731,15.7318,
Sun Apr 12 2020 23:48:04 GMT-0400 (Eastern Daylight Time)
15.7318,15.7318,15.7309,15.7307,15.731,15.7314,15.7311,15.7311,15.7311,15.7303,15.7307,15.7307,15.7307,15.7307,15.7301,15.7298,15.7281,15.7278,15.7275,15.7275,15.7275,15.7275,15.7275,15.7275,15.7269,15.7269,15.7266,15.727,15.7275,15.7275,15.7278,15.7283,15.7283,15.7283,15.7283,15.728,15.727,15.727,15.7279,15.7279,15.7279,15.7282,15.7282,15.7277,15.7277,15.7277,15.7277,15.7277,15.7274,15.7278,15.7278,15.7278,15.7278,15.7273,15.728,15.728,15.728,15.7275,15.7283,15.7283,
Sun Apr 12 2020 23:49:04 GMT-0400 (Eastern Daylight Time)
15.7283,15.728,15.728,15.728,15.728,15.728,15.728,15.7284,15.7283,15.7283,15.7283,15.7288,15.7285,15.7278,15.7278,15.7278,15.728,15.7285,15.7289,15.7282,15.7285,15.7283,15.7283,15.7279,15.7276,15.7284,15.7288,15.7293,15.7296,15.7296,15.7296,15.7301,15.7304,15.7301,15.7313,15.7319,15.7322,15.7324,15.7324,15.7332,15.7332,15.7336,15.733,15.733,15.7325,15.7325,15.7322,15.7311,15.7311,15.7311,15.7319,15.7314,15.7309,15.7309,15.7302,15.7306,15.7308,15.7308,15.7312,15.7312,
Sun Apr 12 2020 23:50:04 GMT-0400 (Eastern Daylight Time)
15.7312,15.7309,15.7304,15.7299,15.7299,15.7299,15.7306,15.7308,15.7308,15.7304,15.7298,15.7293,15.7287,15.7295,15.7295,15.7292,15.7289,15.7284,15.728,15.7278,15.7278,15.7286,15.7286,15.7288,15.7282,15.7286,15.7286,15.7286,15.7287,15.7291,15.7291,15.7286,15.7283,15.7277,15.7277,15.7274,15.7269,15.7267,15.7264,15.7279,15.7282,15.7282,15.7278,15.7271,15.7271,15.7271,15.7257,15.726,15.7263,15.7263,15.7271,15.7258,15.7251,15.7248,15.7253,15.7253,15.7256,15.723,15.723,15.7228,
Sun Apr 12 2020 23:51:05 GMT-0400 (Eastern Daylight Time)
15.7225,15.7225,15.7227,15.7231,15.7233,15.7237,15.7237,15.7241,15.7245,15.725,15.7245,15.7264,15.7262,15.7262,15.7278,15.7278,15.7281,15.7285,15.7285,15.729,15.7285,15.7288,15.7288,15.7302,15.7299,15.7307,15.7307,15.7313,15.731,15.731,15.7324,15.732,15.7321,15.7329,15.7324,15.7324,15.7299,15.7299,15.7308,15.7311,15.7321,15.7325,15.7325,15.7328,15.7331,15.7336,15.7333,15.7344,15.7336,15.7332,15.7323,15.7321,15.7318,15.7318,15.7314,15.7317,15.7322,15.7322,15.7331,15.7328,
Sun Apr 12 2020 23:52:05 GMT-0400 (Eastern Daylight Time)
15.7341,15.7341,15.7341,15.7352,15.7347,15.7337,15.734,15.7333,15.7333,15.7326,15.7324,15.733,15.733,15.7337,15.7343,15.7337,15.734,15.734,15.7337,15.7349,15.7339,15.7334,15.7333,15.7335,15.7335,15.7343,15.734,15.7331,15.7334,15.7334,15.7343,15.7343,15.7338,15.7333,15.734,15.7332,15.7332,15.7335,15.7338,15.7327,15.7334,15.7348,15.7348,15.7372,15.7372,15.7372,15.7374,15.7395,15.7394,15.7401,15.7396,15.7393,15.739,15.7398,15.7398,15.7401,15.7402,15.7393,15.7393,15.7394,
Sun Apr 12 2020 23:53:05 GMT-0400 (Eastern Daylight Time)
15.7399,15.7404,15.7404,15.7414,15.7416,15.7415,15.7419,15.7428,15.743,15.7428,15.7428,15.7441,15.7435,15.7435,15.7438,15.7443,15.7439,15.7445,15.7439,15.7443,15.745,15.745,15.7456,15.7469,15.7477,15.7481,15.7481,15.7494,15.7494,15.7496,15.7499,15.7504,15.7516,15.7516,15.7516,15.7522,15.7526,15.7526,15.753,15.7535,15.7529,15.7516,15.7516,15.7519,15.7522,15.7522,15.7518,15.7519,15.7516,15.7508,15.7508,15.7508,15.7528,15.7524,15.7528,15.7523,15.7523,15.7523,15.753,15.7529,
Sun Apr 12 2020 23:54:04 GMT-0400 (Eastern Daylight Time)
15.7523,15.7508,15.7511,15.7497,15.7486,15.7486,15.748,15.7483,15.749,15.7489,15.7491,15.7485,15.748,15.7478,15.7478,15.7482,15.7482,15.7482,15.748,15.7488,15.7488,15.7486,15.7488,15.7472,15.7468,15.7472,15.7465,15.7465,15.7458,15.7458,15.7453,15.7453,15.7453,15.7453,15.7457,15.7458,15.7462,15.7459,15.7455,15.7467,15.7476,15.7473,15.747,15.7476,15.7479,15.7476,15.7478,15.7491,15.7485,15.7482,15.7482,15.748,15.746,15.7463,15.7468,15.7466,15.7466,15.7447,15.7445,15.7448,
Sun Apr 12 2020 23:55:04 GMT-0400 (Eastern Daylight Time)
15.7458,15.7462,15.7462,15.7473,15.747,15.7467,15.7467,15.7467,15.7473,15.7473,15.7473,15.7475,15.7472,15.7492,15.749,15.749,15.7488,15.7488,15.7483,15.7486,15.7483,15.7483,15.7483,15.749,15.7495,15.7495,15.7498,15.7521,15.7521,15.7519,15.7519,15.7519,15.7513,15.7513,15.7513,15.7515,15.7515,15.7511,15.7511,15.7511,15.7511,15.7511,15.7508,15.7514,15.7507,15.7502,15.7495,15.7494,15.7499,15.7496,15.7504,15.7491,15.7498,15.7498,15.7494,15.7495,15.7498,15.7492,15.7491,15.7497,
Sun Apr 12 2020 23:56:05 GMT-0400 (Eastern Daylight Time)
15.7489,15.7489,15.7484,15.749,15.7494,15.7491,15.7493,15.7497,15.7497,15.7494,15.7494,15.7496,15.7499,15.7499,15.7499,15.7501,15.7504,15.7496,15.7502,15.7505,15.7502,15.7499,15.7495,15.7492,15.7489,15.7489,15.7491,15.7494,15.7494,15.7494,15.7486,15.7491,15.7485,15.7489,15.7489,15.7485,15.7482,15.7476,15.7474,15.7468,15.7468,15.7465,15.746,15.746,15.7459,15.7462,15.7462,15.7464,15.7464,15.7461,15.7464,15.7485,15.7482,15.7482,15.7478,15.7482,15.7493,15.75,15.75,15.75,
Sun Apr 12 2020 23:57:04 GMT-0400 (Eastern Daylight Time)
15.75,15.75,15.7494,15.7505,15.7509,15.7518,15.7513,15.7519,15.7513,15.7517,15.7515,15.7519,15.7519,15.7516,15.752,15.752,15.752,15.7522,15.7518,15.7518,15.7524,15.753,15.753,15.7527,15.752,15.7517,15.7515,15.7515,15.7515,15.7515,15.7503,15.7503,15.7506,15.7511,15.7508,15.7504,15.7507,15.7507,15.7507,15.7511,15.7511,15.7513,15.7509,15.7509,15.7506,15.751,15.751,15.7504,15.7504,15.75,15.7497,15.7499,15.7504,15.7509,15.7515,15.7519,15.7519,15.7525,15.7528,15.7522,
Sun Apr 12 2020 23:59:04 GMT-0400 (Eastern Daylight Time)
15.7524,15.7508,15.7511,15.7523,15.7525,15.754,15.7522,15.7548,15.7514,15.7544,15.7513,15.755,15.755,15.7546,15.756,15.7574,15.7581,15.7581,15.7581,15.7581,15.7588,15.7591,15.7594,15.7588,15.759,15.7593,15.758,15.7576,15.7555,15.7555,15.7557,15.7553,15.7551,15.7546,15.7553,15.7553,15.7553,15.7556,15.7556,15.7556,15.756,15.756,15.7571,15.7563,15.7576,15.7583,15.7583,15.7583,15.758,15.758,15.759,15.759,15.7594,15.7588,15.7597,15.7597,15.7594,15.7594,15.7598,15.7601,
Mon Apr 13 2020 00:00:04 GMT-0400 (Eastern Daylight Time)
15.7599,15.7599,15.7599,15.7604,15.7604,15.7597,15.7597,15.761,15.7615,15.7607,15.7607,15.7607,15.7605,15.7605,15.7607,15.7607,15.7612,15.7612,15.7617,15.7626,15.7621,15.7624,15.7632,15.7635,15.7652,15.7645,15.7645,15.7648,15.7653,15.7653,15.7653,15.7653,15.7646,15.7646,15.764,15.7644,15.7644,15.7639,15.7639,15.7637,15.7634,15.7634,15.7638,15.7642,15.7643,15.7648,15.7646,15.7646,15.7642,15.7642,15.7637,15.7633,15.763,15.763,15.763,15.7637,15.7637,15.7637,15.7623,15.7623,
Mon Apr 13 2020 00:01:05 GMT-0400 (Eastern Daylight Time)
15.7623,15.7631,15.7631,15.7621,15.7626,15.7626,15.7626,15.7626,15.7629,15.7622,15.7622,15.7619,15.7627,15.762,15.762,15.762,15.762,15.762,15.762,15.762,15.7617,15.7607,15.7603,15.7608,15.7613,15.7606,15.7603,15.7607,15.7573,15.7571,15.7571,15.7571,15.7579,15.7579,15.7575,15.7575,15.7579,15.7579,15.7577,15.7577,15.7573,15.7578,15.7582,15.7582,15.758,15.7577,15.7577,15.7568,15.7581,15.7581,15.7584,15.7584,15.7582,15.7582,15.7584,15.7588,15.7588,15.7588,15.7588,15.7587,
Mon Apr 13 2020 00:02:05 GMT-0400 (Eastern Daylight Time)
15.7591,15.7594,15.7596,15.7612,15.7615,15.7615,15.7609,15.7609,15.7606,15.7606,15.7609,15.7609,15.7615,15.7615,15.7615,15.7612,15.7608,15.7605,15.7605,15.7608,15.7603,15.7603,15.7603,15.7603,15.7598,15.7598,15.7595,15.7598,15.7599,15.7603,15.7603,15.7605,15.761,15.7616,15.7616,15.7616,15.7605,15.7605,15.76,15.76,15.76,15.7599,15.7599,15.7599,15.7606,15.7603,15.7606,15.7606,15.7605,15.7605,15.7602,15.7602,15.7596,15.7596,15.7601,15.7598,15.7598,15.7598,15.7598,15.7591,
Mon Apr 13 2020 00:03:05 GMT-0400 (Eastern Daylight Time)
15.7599,15.7599,15.7602,15.7604,15.7595,15.7604,15.7604,15.7604,15.7608,15.7608,15.7608,15.7608,15.7608,15.7608,15.7608,15.7609,15.7594,15.7593,15.7593,15.7593,15.7593,15.7593,15.7593,15.7596,15.7587,15.7587,15.7587,15.759,15.7587,15.7598,15.7598,15.7595,15.7597,15.7597,15.7597,15.7602,15.7619,15.7613,15.762,15.762,15.7601,15.7605,15.7608,15.7608,15.7608,15.7608,15.7608,15.7599,15.7597,15.76,15.76,15.7598,15.7601,15.7598,15.7595,15.7598,15.7608,15.7601,15.7605,15.7605,
Mon Apr 13 2020 00:04:04 GMT-0400 (Eastern Daylight Time)
15.7601,15.7601,15.7604,15.7604,15.7604,15.7598,15.7596,15.7599,15.7602,15.7604,15.7608,15.7611,15.7614,15.7614,15.7614,15.7611,15.7614,15.7608,15.7608,15.7605,15.7603,15.7607,15.7602,15.7605,15.7601,15.7601,15.7601,15.7606,15.7611,15.7609,15.7606,15.7589,15.7587,15.7587,15.7584,15.7581,15.7584,15.7593,15.7593,15.7589,15.7581,15.7576,15.7584,15.7582,15.7575,15.7575,15.7575,15.7575,15.7572,15.7568,15.7565,15.7565,15.7557,15.7557,15.7557,15.7561,15.7565,15.7562,15.7558,15.7567,
Mon Apr 13 2020 00:05:05 GMT-0400 (Eastern Daylight Time)
15.7567,15.7571,15.7571,15.7571,15.7571,15.7566,15.757,15.757,15.7559,15.7559,15.7559,15.7559,15.7546,15.7542,15.7542,15.7545,15.7541,15.7535,15.7535,15.7535,15.7527,15.7527,15.753,15.753,15.7519,15.7519,15.7515,15.7513,15.7513,15.7513,15.7513,15.7513,15.7513,15.7518,15.7518,15.7523,15.7523,15.7523,15.7523,15.7519,15.7523,15.7526,15.7515,15.7519,15.7521,15.7518,15.7518,15.7518,15.7518,15.7522,15.7522,15.7526,15.7531,15.7534,15.7534,15.7534,15.7534,15.753,15.753,15.7527,
Mon Apr 13 2020 00:06:04 GMT-0400 (Eastern Daylight Time)
15.7534,15.7534,15.7534,15.7509,15.7509,15.7506,15.7506,15.7523,15.7536,15.7536,15.7536,15.7538,15.7538,15.7541,15.7543,15.7543,15.7543,15.7528,15.753,15.752,15.752,15.7505,15.7509,15.7509,15.7507,15.7512,15.7515,15.7515,15.7517,15.7525,15.7527,15.7521,15.7521,15.7518,15.7522,15.7522,15.7522,15.7518,15.7515,15.7515,15.7518,15.7521,15.7521,15.7519,15.7503,15.75,15.75,15.7501,15.7497,15.75,15.7494,15.7492,15.7492,15.7491,15.7463,15.7463,15.7457,15.7457,15.7457,15.7454,
Mon Apr 13 2020 00:07:04 GMT-0400 (Eastern Daylight Time)
15.7452,15.7449,15.7449,15.7449,15.7467,15.7466,15.7463,15.7459,15.7455,15.7446,15.7447,15.745,15.7453,15.7463,15.7469,15.7465,15.7469,15.747,15.7472,15.7475,15.7475,15.7471,15.7471,15.7475,15.747,15.75,15.75,15.7506,15.7515,15.7508,15.7502,15.7499,15.7496,15.7499,15.7502,15.7504,15.751,15.75,15.7498,15.7498,15.7495,15.7492,15.7496,15.7491,15.7491,15.7475,15.7475,15.7477,15.7477,15.7477,15.7474,15.7471,15.7476,15.7473,15.748,15.7482,15.7482,15.7485,15.7485,15.7488,
Mon Apr 13 2020 00:08:04 GMT-0400 (Eastern Daylight Time)
15.7457,15.7463,15.7467,15.7467,15.7464,15.7466,15.7466,15.7489,15.7485,15.7485,15.7489,15.7489,15.75,15.75,15.7503,15.7503,15.7503,15.7474,15.7489,15.7486,15.7479,15.7479,15.7472,15.7476,15.7473,15.7473,15.7469,15.7472,15.7468,15.7484,15.7484,15.7486,15.7488,15.7484,15.7494,15.748,15.748,15.7465,15.7468,15.7471,15.7466,15.7459,15.7462,15.7462,15.7462,15.7467,15.7467,15.747,15.7466,15.7474,15.7477,15.7472,15.7475,15.747,15.7474,15.747,15.747,15.7472,15.7469,15.7482,
Mon Apr 13 2020 00:09:04 GMT-0400 (Eastern Daylight Time)
15.7486,15.7488,15.7488,15.7483,15.7486,15.749,15.749,15.749,15.7493,15.7493,15.7493,15.7493,15.749,15.7487,15.7484,15.7484,15.7484,15.7487,15.749,15.749,15.748,15.7476,15.7473,15.7473,15.7476,15.7476,15.7476,15.7476,15.7479,15.7479,15.7479,15.7475,15.7477,15.7474,15.7474,15.7471,15.7474,15.7476,15.7481,15.7489,15.7489,15.7485,15.7485,15.7485,15.7481,15.7481,15.7478,15.7475,15.7472,15.7468,15.7477,15.7482,15.7486,15.7483,15.7477,15.7468,15.7471,15.749,15.749,15.7495,
Mon Apr 13 2020 00:10:04 GMT-0400 (Eastern Daylight Time)
15.7495,15.7492,15.7488,15.7493,15.7495,15.748,15.748,15.748,15.748,15.7488,15.7482,15.7488,15.7484,15.7473,15.7477,15.746,15.7463,15.7434,15.743,15.743,15.7427,15.7436,15.7444,15.7438,15.7438,15.7434,15.7437,15.744,15.744,15.7434,15.7438,15.7434,15.743,15.7422,15.7422,15.7422,15.7431,15.7427,15.7427,15.7429,15.7429,15.7432,15.7434,15.7436,15.744,15.7436,15.7436,15.744,15.7434,15.7434,15.7431,15.7434,15.744,15.7437,15.7434,15.744,15.7435,15.7438,15.7438,15.7441,
Mon Apr 13 2020 00:11:04 GMT-0400 (Eastern Daylight Time)
15.7441,15.7444,15.7444,15.7447,15.7447,15.7447,15.7447,15.7444,15.7445,15.7445,15.7435,15.7435,15.7435,15.7443,15.744,15.744,15.744,15.7446,15.7446,15.7446,15.745,15.745,15.7444,15.7441,15.7445,15.7445,15.7445,15.7454,15.7451,15.7439,15.7436,15.7436,15.7429,15.7433,15.7433,15.7437,15.7431,15.7434,15.7437,15.7437,15.7437,15.743,15.743,15.743,15.743,15.7417,15.7417,15.7437,15.7425,15.7428,15.7428,15.7425,15.7425,15.7425,15.7425,15.7425,15.7428,15.7421,15.7426,15.7432,
Mon Apr 13 2020 00:12:04 GMT-0400 (Eastern Daylight Time)
15.7432,15.7434,15.7421,15.7421,15.7421,15.7419,15.7419,15.7417,15.7417,15.7417,15.7417,15.7415,15.7415,15.7419,15.7422,15.7419,15.7419,15.7415,15.7419,15.7419,15.7419,15.7409,15.7405,15.7405,15.7413,15.7421,15.7427,15.7427,15.7427,15.7421,15.7425,15.7425,15.7428,15.7437,15.744,15.744,15.744,15.744,15.744,15.7446,15.7446,15.7482,15.7482,15.7487,15.7487,15.7489,15.7494,15.749,15.749,15.7495,15.749,15.749,15.749,15.7482,15.7484,15.7482,15.7477,15.7477,15.7487,15.7487,
Mon Apr 13 2020 00:13:04 GMT-0400 (Eastern Daylight Time)
15.7487,15.7486,15.7483,15.7483,15.7483,15.7481,15.7477,15.7479,15.7479,15.7483,15.7483,15.7487,15.7487,15.7487,15.7499,15.7494,15.7496,15.7493,15.7493,15.7495,15.7497,15.7497,15.75,15.7494,15.7489,15.7484,15.7484,15.7494,15.7494,15.7505,15.7498,15.7501,15.7501,15.7509,15.7506,15.7502,15.7506,15.7508,15.7511,15.75,15.7493,15.7484,15.7478,15.7483,15.7483,15.7478,15.7481,15.7487,15.7491,15.7484,15.7481,15.7476,15.7476,15.748,15.7479,15.7479,15.7479,15.7479,15.7464,15.7464,
Mon Apr 13 2020 00:14:04 GMT-0400 (Eastern Daylight Time)
15.7464,15.7453,15.745,15.7455,15.7455,15.7455,15.7455,15.7455,15.7455,15.7459,15.7454,15.7454,15.7454,15.7483,15.7477,15.7481,15.7481,15.7481,15.7481,15.7481,15.7481,15.7481,15.7484,15.7484,15.7484,15.748,15.7484,15.7484,15.7497,15.7502,15.7508,15.7505,15.7505,15.75,15.7499,15.7499,15.7499,15.7506,15.7506,15.7506,15.7509,15.7509,15.7495,15.7489,15.7479,15.7484,15.7482,15.7482,15.7482,15.7482,15.7479,15.7475,15.7475,15.7478,15.7478,15.7472,15.7466,15.7466,15.7473,15.7473,
Mon Apr 13 2020 00:15:04 GMT-0400 (Eastern Daylight Time)
15.7471,15.7469,15.7461,15.7461,15.7461,15.7459,15.7459,15.7459,15.7459,15.7459,15.7461,15.7463,15.7463,15.7463,15.7453,15.7456,15.7456,15.746,15.7459,15.7459,15.7456,15.7474,15.7474,15.7471,15.7468,15.7465,15.7465,15.747,15.747,15.747,15.7465,15.7465,15.7465,15.7462,15.7457,15.7455,15.7455,15.7455,15.7457,15.7457,15.7461,15.7458,15.7458,15.7471,15.7469,15.7469,15.7469,15.7473,15.7484,15.7484,15.7467,15.7472,15.7469,15.7467,15.7464,15.7453,15.7453,15.7453,15.7442,15.7439,
Mon Apr 13 2020 00:16:04 GMT-0400 (Eastern Daylight Time)
15.7439,15.7433,15.7421,15.7421,15.7422,15.7424,15.7422,15.7424,15.7427,15.7427,15.7422,15.7425,15.7425,15.7421,15.7417,15.7422,15.7422,15.7422,15.7419,15.7418,15.7418,15.7421,15.7443,15.7448,15.7448,15.7445,15.7433,15.7423,15.7426,15.7426,15.7424,15.742,15.7417,15.7431,15.7425,15.7421,15.7424,15.7421,15.7417,15.741,15.7414,15.7417,15.7424,15.7422,15.742,15.7423,15.7413,15.7409,15.7409,15.7402,15.7402,15.7422,15.742,15.742,15.7428,15.7415,15.7411,15.7411,15.7402,15.7397,
Mon Apr 13 2020 00:17:04 GMT-0400 (Eastern Daylight Time)
15.7434,15.7444,15.7441,15.7423,15.7423,15.7423,15.7429,15.7432,15.7424,15.7434,15.7434,15.7426,15.7426,15.7426,15.7426,15.7426,15.7427,15.7427,15.7432,15.7432,15.7432,15.7428,15.7428,15.7428,15.7421,15.7424,15.7421,15.7424,15.7424,15.7427,15.7427,15.7432,15.7445,15.7445,15.7445,15.7448,15.7448,15.7442,15.7436,15.7439,15.7442,15.7449,15.7443,15.7448,15.7454,15.7447,15.7461,15.7453,15.7453,15.7456,15.7449,15.7449,15.7449,15.7452,15.7449,15.7447,15.7445,15.7442,15.7444,15.744,
Mon Apr 13 2020 00:18:04 GMT-0400 (Eastern Daylight Time)
15.744,15.7435,15.7443,15.7445,15.744,15.7444,15.744,15.7437,15.7433,15.7437,15.7438,15.744,15.744,15.7444,15.7447,15.7453,15.7446,15.7446,15.7443,15.7442,15.7442,15.7442,15.7442,15.7433,15.7436,15.7443,15.744,15.744,15.744,15.744,15.7427,15.7427,15.7427,15.7427,15.7427,15.7427,15.7425,15.7425,15.7422,15.7425,15.7428,15.7434,15.7432,15.7435,15.7443,15.7443,15.7435,15.7437,15.7463,15.7463,15.7458,15.7463,15.7463,15.7463,15.7463,15.7463,15.7459,15.7451,15.7457,15.7457,
Mon Apr 13 2020 00:19:04 GMT-0400 (Eastern Daylight Time)
15.7455,15.7452,15.7451,15.7451,15.7454,15.7454,15.744,15.7432,15.7438,15.7433,15.7435,15.7437,15.7428,15.7428,15.7425,15.7425,15.7425,15.7429,15.7429,15.7422,15.7422,15.7426,15.7429,15.7423,15.7423,15.7414,15.7411,15.7406,15.7408,15.7395,15.7395,15.7395,15.7395,15.7395,15.7381,15.7381,15.7381,15.7378,15.7378,15.7381,15.7379,15.7375,15.738,15.7378,15.7381,15.7389,15.7391,15.7391,15.7387,15.7391,15.739,15.739,15.7388,15.7388,15.7385,15.7381,15.7377,15.7374,15.7381,15.7384,
Mon Apr 13 2020 00:20:04 GMT-0400 (Eastern Daylight Time)
15.7384,15.738,15.738,15.7387,15.7387,15.7389,15.7389,15.7384,15.7384,15.7387,15.7387,15.7398,15.7398,15.74,15.7407,15.7407,15.741,15.7414,15.7411,15.7414,15.7414,15.7417,15.7412,15.7415,15.7411,15.7408,15.7418,15.7418,15.7418,15.7418,15.7413,15.741,15.741,15.741,15.7419,15.7407,15.7409,15.7409,15.7399,15.7396,15.7396,15.7396,15.7393,15.7393,15.7395,15.7395,15.7395,15.7399,15.7399,15.7403,15.7407,15.7411,15.7411,15.7414,15.7424,15.743,15.743,15.743,15.7435,15.7431,
Mon Apr 13 2020 00:21:04 GMT-0400 (Eastern Daylight Time)
15.7431,15.7428,15.7433,15.7429,15.7429,15.7431,15.7431,15.7428,15.7421,15.7421,15.7414,15.7411,15.7411,15.7411,15.7411,15.7424,15.7418,15.7418,15.7418,15.7418,15.7418,15.7418,15.742,15.742,15.742,15.7417,15.7425,15.7421,15.7421,15.7421,15.7412,15.7412,15.7412,15.7412,15.7412,15.7416,15.7406,15.7406,15.7406,15.7406,15.7403,15.7408,15.7407,15.7406,15.7401,15.7401,15.7406,15.7414,15.7414,15.7418,15.7421,15.7421,15.7419,15.7419,15.7428,15.7441,15.7441,15.7441,15.7438,15.7435,
Mon Apr 13 2020 00:22:04 GMT-0400 (Eastern Daylight Time)
15.7435,15.7428,15.7448,15.7445,15.7448,15.7448,15.7448,15.745,15.7454,15.7461,15.7461,15.7472,15.7477,15.7477,15.7474,15.7474,15.747,15.7474,15.7477,15.7481,15.7474,15.748,15.7482,15.7482,15.7482,15.7478,15.7476,15.7476,15.7485,15.7485,15.7485,15.7485,15.7505,15.7511,15.7511,15.7507,15.7507,15.7506,15.7509,15.7506,15.7509,15.7509,15.7494,15.7494,15.75,15.7496,15.7488,15.7488,15.7488,15.7485,15.7485,15.7489,15.75,15.7502,15.7509,15.7509,15.7506,15.7509,15.7514,15.7514,
Mon Apr 13 2020 00:23:04 GMT-0400 (Eastern Daylight Time)
15.7517,15.7522,15.7524,15.7524,15.7521,15.7521,15.7527,15.7527,15.7525,15.7519,15.7526,15.7528,15.7536,15.7536,15.7535,15.7535,15.7535,15.7535,15.754,15.7535,15.7535,15.7529,15.7529,15.7537,15.7539,15.7539,15.7539,15.7532,15.7528,15.7528,15.7528,15.7532,15.7549,15.7554,15.7556,15.7568,15.7568,15.7568,15.7568,15.7568,15.7565,15.7565,15.7569,15.7566,15.7561,15.7559,15.7542,15.7542,15.7544,15.7541,15.7545,15.7545,15.7545,15.7552,15.7552,15.7552,15.7552,15.755,15.755,15.7547,
Mon Apr 13 2020 00:24:04 GMT-0400 (Eastern Daylight Time)
15.757,15.757,15.7573,15.7571,15.7571,15.7565,15.7575,15.7571,15.7567,15.7574,15.758,15.7572,15.7572,15.7583,15.7583,15.7588,15.7588,15.7588,15.7585,15.7588,15.7586,15.7588,15.7585,15.7583,15.7583,15.7583,15.7574,15.7574,15.7574,15.7579,15.7573,15.7573,15.7573,15.757,15.7577,15.7577,15.7577,15.7582,15.7574,15.7576,15.7576,15.7576,15.7568,15.7569,15.7575,15.7575,15.7572,15.7572,15.757,15.757,15.7572,15.757,15.7582,15.7586,15.7585,15.7588,15.7582,15.7582,15.7577,15.7577,
Mon Apr 13 2020 00:25:04 GMT-0400 (Eastern Daylight Time)
15.758,15.7572,15.7568,15.7565,15.7565,15.7565,15.7557,15.7554,15.7554,15.755,15.7545,15.7548,15.7551,15.7549,15.7551,15.7548,15.7551,15.7548,15.7548,15.7551,15.7551,15.7554,15.7554,15.7554,15.7554,15.7554,15.7549,15.7553,15.7553,15.7543,15.7543,15.7543,15.7536,15.7533,15.7527,15.753,15.7538,15.7538,15.7538,15.7534,15.7525,15.7525,15.7525,15.7513,15.7513,15.7517,15.7517,15.7517,15.7513,15.751,15.7513,15.7518,15.7515,15.7515,15.7519,15.7522,15.7522,15.7507,15.751,15.7507,
Mon Apr 13 2020 00:26:04 GMT-0400 (Eastern Daylight Time)
15.7507,15.7514,15.7517,15.7528,15.7524,15.7521,15.7511,15.7511,15.7511,15.7511,15.7511,15.7509,15.7506,15.7511,15.7511,15.7509,15.7513,15.7513,15.7511,15.7494,15.7494,15.7492,15.7492,15.7492,15.7499,15.7499,15.7501,15.7505,15.7505,15.7503,15.7503,15.7497,15.7497,15.75,15.75,15.7497,15.7494,15.7494,15.7494,15.7511,15.7514,15.7509,15.7516,15.752,15.7526,15.7526,15.7524,15.7517,15.7512,15.7512,15.751,15.7492,15.7484,15.7482,15.7489,15.7493,15.7488,15.7488,15.7488,15.75,
Mon Apr 13 2020 00:27:04 GMT-0400 (Eastern Daylight Time)
15.7508,15.751,15.751,15.7516,15.7524,15.7524,15.7549,15.7552,15.7552,15.756,15.756,15.7567,15.7565,15.757,15.7571,15.7566,15.757,15.7566,15.7566,15.7558,15.7558,15.7562,15.7554,15.7553,15.7553,15.755,15.755,15.7548,15.7545,15.7551,15.7551,15.7551,15.7551,15.7555,15.7559,15.7555,15.7555,15.7543,15.7544,15.7544,15.7541,15.7546,15.7549,15.7556,15.7562,15.7557,15.7557,15.7558,15.7556,15.7549,15.7546,15.7546,15.7543,15.753,15.7533,15.7531,15.7531,15.7534,15.7534,15.754,
Mon Apr 13 2020 00:28:04 GMT-0400 (Eastern Daylight Time)
15.7536,15.7536,15.7536,15.754,15.754,15.754,15.754,15.7534,15.7534,15.754,15.754,15.754,15.7537,15.7537,15.7532,15.7521,15.7524,15.7524,15.7521,15.7521,15.7523,15.752,15.752,15.752,15.7517,15.7509,15.7509,15.7506,15.7506,15.7506,15.7518,15.7514,15.7514,15.7517,15.7517,15.7514,15.7503,15.7503,15.7498,15.7489,15.7489,15.7489,15.7481,15.7486,15.7483,15.7481,15.7491,15.7491,15.7491,15.7491,15.7491,15.7489,15.7478,15.7482,15.7485,15.7485,15.7485,15.7482,15.7482,15.7479,
Mon Apr 13 2020 00:29:04 GMT-0400 (Eastern Daylight Time)
15.749,15.7493,15.7485,15.7481,15.7483,15.7483,15.7483,15.7485,15.748,15.7472,15.7476,15.7472,15.7475,15.7475,15.7475,15.7479,15.7483,15.7486,15.7486,15.748,15.748,15.748,15.748,15.7484,15.7487,15.7487,15.7487,15.7484,15.7484,15.7484,15.7484,15.7484,15.7481,15.7481,15.7484,15.7497,15.7501,15.7497,15.7489,15.7486,15.7486,15.7486,15.7483,15.7483,15.7485,15.7485,15.7485,15.7478,15.7475,15.7475,15.7478,15.7478,15.748,15.748,15.7482,15.7484,15.7484,15.7484,15.7484,15.7484,
Mon Apr 13 2020 00:30:04 GMT-0400 (Eastern Daylight Time)
15.7488,15.7484,15.7481,15.7484,15.7484,15.7484,15.7484,15.7484,15.7482,15.7482,15.7482,15.7486,15.749,15.749,15.749,15.7481,15.7478,15.7481,15.7478,15.7475,15.7475,15.7475,15.7472,15.7475,15.7475,15.7468,15.7468,15.7468,15.7472,15.7472,15.7472,15.7472,15.7472,15.7469,15.7475,15.7478,15.749,15.7494,15.7494,15.7502,15.7502,15.7502,15.7502,15.7507,15.7505,15.7505,15.7508,15.7515,15.751,15.751,15.751,15.7513,15.7524,15.7524,15.7524,15.7519,15.7522,15.7522,15.7522,15.7497,
Mon Apr 13 2020 00:32:04 GMT-0400 (Eastern Daylight Time)
15.7503,15.7496,15.7496,15.75,15.75,15.75,15.75,15.7503,15.7503,15.7503,15.7503,15.7503,15.7509,15.7509,15.7513,15.7522,15.7525,15.752,15.7522,15.7525,15.7523,15.7523,15.7523,15.7518,15.7518,15.7523,15.7523,15.7524,15.7528,15.7532,15.7532,15.7532,15.7535,15.7535,15.7544,15.7539,15.7544,15.7551,15.7556,15.7566,15.7559,15.7555,15.7555,15.7562,15.7556,15.7559,15.7559,15.7562,15.7564,15.7564,15.7562,15.7566,15.7566,15.7566,15.7566,15.7566,15.7568,15.7568,15.7568,15.7566,
Mon Apr 13 2020 00:33:04 GMT-0400 (Eastern Daylight Time)
15.7569,15.7569,15.7569,15.7569,15.7573,15.7583,15.7586,15.7617,15.7617,15.7622,15.7622,15.7628,15.7628,15.7628,15.7628,15.7621,15.7625,15.7625,15.7622,15.7622,15.7619,15.7623,15.7625,15.7623,15.7623,15.7636,15.7636,15.7639,15.7616,15.7619,15.7619,15.7616,15.7607,15.7604,15.7604,15.7637,15.7634,15.764,15.764,15.764,15.7645,15.7642,15.7642,15.7645,15.7645,15.7645,15.7645,15.7642,15.7641,15.7641,15.7633,15.7633,15.7622,15.7608,15.7608,15.7603,15.7603,15.761,15.7612,15.7609,
Mon Apr 13 2020 00:34:05 GMT-0400 (Eastern Daylight Time)
15.7612,15.7612,15.7612,15.7612,15.7616,15.7616,15.7616,15.7612,15.7612,15.7612,15.7612,15.7612,15.7615,15.7615,15.7606,15.76,15.7596,15.7599,15.7576,15.7576,15.757,15.7577,15.7577,15.7582,15.7585,15.757,15.757,15.7582,15.7574,15.7574,15.7574,15.7577,15.7579,15.7573,15.7573,15.7576,15.7576,15.7576,15.7584,15.7589,15.7589,15.7592,15.7592,15.7591,15.7595,15.7599,15.7599,15.7601,15.7603,15.7608,15.7608,15.7612,15.7612,15.7613,15.7607,15.761,15.761,15.761,15.7613,15.7626,
Mon Apr 13 2020 00:35:05 GMT-0400 (Eastern Daylight Time)
15.7633,15.764,15.7643,15.764,15.764,15.7645,15.7645,15.7647,15.7649,15.7646,15.7644,15.7646,15.7646,15.7646,15.7646,15.7646,15.7646,15.7648,15.7648,15.7645,15.7645,15.7649,15.7659,15.7659,15.7652,15.7652,15.7652,15.766,15.766,15.766,15.766,15.7681,15.7681,15.7681,15.7686,15.7686,15.769,15.769,15.769,15.769,15.7686,15.7676,15.7681,15.7685,15.7685,15.7677,15.7677,15.7669,15.7667,15.767,15.7673,15.7673,15.7669,15.7664,15.7664,15.7665,15.7661,15.7661,15.7661,15.7661,
Mon Apr 13 2020 00:36:05 GMT-0400 (Eastern Daylight Time)
15.7661,15.7665,15.7665,15.7665,15.7668,15.7668,15.7668,15.7662,15.7689,15.7694,15.7694,15.7694,15.7689,15.7689,15.7681,15.7678,15.7699,15.7699,15.7705,15.7705,15.7712,15.7712,15.7708,15.7714,15.7697,15.7701,15.7701,15.7698,15.7698,15.7701,15.7693,15.7691,15.7695,15.7705,15.771,15.771,15.7712,15.7702,15.7707,15.7707,15.7707,15.7707,15.7709,15.7709,15.772,15.7724,15.7724,15.7729,15.7726,15.7723,15.7725,15.7731,15.7725,15.7725,15.774,15.7728,15.7728,15.7719,15.7719,15.7719,
Mon Apr 13 2020 00:37:04 GMT-0400 (Eastern Daylight Time)
15.7725,15.7718,15.7706,15.7706,15.7704,15.7704,15.7702,15.7697,15.7693,15.769,15.7699,15.7699,15.7685,15.7685,15.7685,15.7682,15.768,15.768,15.7684,15.7684,15.7684,15.7688,15.7693,15.768,15.768,15.768,15.7677,15.7677,15.768,15.7684,15.7693,15.7697,15.7681,15.7681,15.7681,15.7681,15.7685,15.7685,15.7689,15.7689,15.7711,15.7711,15.7714,15.7701,15.7701,15.7704,15.7704,15.7701,15.7703,15.7703,15.771,15.771,15.7701,15.7709,15.7712,15.7712,15.7712,15.7715,15.7715,15.7715,
Mon Apr 13 2020 00:38:04 GMT-0400 (Eastern Daylight Time)
15.7709,15.7709,15.7699,15.7705,15.7713,15.7713,15.7711,15.7713,15.7711,15.7711,15.7714,15.7709,15.7695,15.7689,15.7684,15.7686,15.7684,15.7687,15.7687,15.7687,15.7692,15.7688,15.7688,15.7688,15.7688,15.7688,15.7688,15.7692,15.7694,15.7694,15.7698,15.7698,15.7698,15.7703,15.7703,15.7703,15.7709,15.7709,15.7705,15.7705,15.7713,15.7711,15.7706,15.7706,15.7706,15.7715,15.7713,15.7722,15.7719,15.7714,15.7706,15.7701,15.7707,15.7703,15.7697,15.7697,15.7695,15.7692,15.7692,15.7687,
Mon Apr 13 2020 00:39:05 GMT-0400 (Eastern Daylight Time)
15.7687,15.7682,15.7682,15.7701,15.7698,15.7701,15.7698,15.7695,15.7697,15.7697,15.7695,15.7692,15.7699,15.7699,15.7699,15.7699,15.7699,15.7696,15.7689,15.7693,15.7702,15.7699,15.7702,15.7702,15.7695,15.7695,15.7686,15.769,15.7695,15.7701,15.7707,15.7711,15.7711,15.7708,15.7708,15.7708,15.7708,15.7708,15.7716,15.7719,15.7719,15.7719,15.7714,15.7717,15.773,15.7737,15.7737,15.7737,15.7753,15.775,15.7747,15.7747,15.7741,15.7734,15.7734,15.7738,15.7743,15.7743,15.7748,15.7748,
Mon Apr 13 2020 00:41:04 GMT-0400 (Eastern Daylight Time)
15.7752,15.7748,15.7748,15.7754,15.7769,15.7769,15.7772,15.7826,15.7768,15.7775,15.7775,15.7823,15.7823,15.7823,15.7823,15.782,15.782,15.782,15.7812,15.7812,15.7819,15.7819,15.7794,15.7794,15.7789,15.7786,15.7782,15.7777,15.7777,15.7777,15.7779,15.7779,15.7774,15.7774,15.7758,15.7758,15.7751,15.7756,15.7759,15.7759,15.7759,15.7757,15.7753,15.7763,15.7774,15.7771,15.7777,15.7783,15.7786,15.7786,15.7783,15.7778,15.7775,15.7769,15.7769,15.7769,15.7766,15.7768,15.7755,15.7751,
Mon Apr 13 2020 00:42:04 GMT-0400 (Eastern Daylight Time)
15.7755,15.7757,15.7757,15.7752,15.7752,15.7754,15.7752,15.7752,15.7749,15.7774,15.7774,15.777,15.7774,15.7771,15.7756,15.776,15.7756,15.776,15.7757,15.7753,15.7756,15.7752,15.7752,15.7759,15.7763,15.7767,15.777,15.7773,15.7779,15.7777,15.7777,15.7777,15.778,15.778,15.7783,15.7783,15.7787,15.7796,15.7793,15.7795,15.7803,15.7794,15.7788,15.7788,15.7789,15.7789,15.7789,15.7792,15.7792,15.779,15.78,15.7798,15.78,15.78,15.7797,15.7801,15.7796,15.7792,15.7801,15.7804,
Mon Apr 13 2020 00:43:05 GMT-0400 (Eastern Daylight Time)
15.7794,15.7797,15.7794,15.7783,15.7778,15.7776,15.777,15.7773,15.7751,15.7748,15.7738,15.7738,15.7735,15.7735,15.7735,15.7761,15.7761,15.7765,15.7765,15.7769,15.7766,15.7762,15.7772,15.7772,15.7752,15.7752,15.7749,15.7749,15.7749,15.7749,15.7747,15.7747,15.7748,15.7748,15.7748,15.775,15.775,15.775,15.775,15.775,15.7757,15.7757,15.7748,15.7748,15.7736,15.773,15.773,15.7734,15.7724,15.7724,15.7727,15.7727,15.7728,15.7722,15.7729,15.7734,15.7734,15.7744,15.7758,15.7758,
Mon Apr 13 2020 00:44:05 GMT-0400 (Eastern Daylight Time)
15.7755,15.7741,15.7738,15.7738,15.7736,15.7736,15.7739,15.7749,15.7754,15.7754,15.7758,15.7758,15.7755,15.7755,15.7755,15.7755,15.7751,15.774,15.774,15.7744,15.7735,15.7731,15.7731,15.7731,15.7731,15.7735,15.7739,15.7739,15.7734,15.7734,15.7736,15.7732,15.7726,15.7733,15.773,15.7732,15.7732,15.7744,15.7744,15.7753,15.7749,15.7744,15.7751,15.7754,15.7731,15.7731,15.7731,15.7731,15.7734,15.7747,15.7754,15.7752,15.7754,15.7748,15.7748,15.7745,15.7743,15.7748,15.7744,15.7744,
Mon Apr 13 2020 00:45:04 GMT-0400 (Eastern Daylight Time)
15.7746,15.7746,15.775,15.7749,15.7752,15.7752,15.775,15.775,15.775,15.775,15.7745,15.7748,15.7746,15.7751,15.7748,15.7746,15.7746,15.7746,15.7743,15.7743,15.7743,15.7736,15.7724,15.7724,15.7728,15.7739,15.7741,15.7744,15.7742,15.7742,15.7738,15.7738,15.773,15.7725,15.7725,15.7727,15.7727,15.7727,15.7724,15.7724,15.7716,15.7716,15.7716,15.7708,15.7708,15.7708,15.7723,15.7723,15.7723,15.7729,15.7729,15.7727,15.7723,15.7731,15.7726,15.7729,15.7739,15.7739,15.7741,15.7745,
Mon Apr 13 2020 00:46:04 GMT-0400 (Eastern Daylight Time)
15.7738,15.7743,15.7746,15.7746,15.7746,15.7748,15.7745,15.7735,15.7735,15.774,15.7745,15.7752,15.7746,15.7724,15.7718,15.7718,15.7726,15.7731,15.7736,15.7741,15.7743,15.7733,15.7733,15.7733,15.7731,15.7731,15.7734,15.7734,15.7734,15.7729,15.7725,15.7727,15.772,15.772,15.7713,15.7713,15.7713,15.772,15.772,15.7725,15.7732,15.7738,15.7741,15.7741,15.7741,15.774,15.7746,15.7755,15.7756,15.7756,15.776,15.776,15.777,15.7773,15.7773,15.7771,15.7771,15.7768,15.7781,15.7781,
Mon Apr 13 2020 00:47:04 GMT-0400 (Eastern Daylight Time)
15.7787,15.7796,15.78,15.78,15.7792,15.7799,15.7802,15.7808,15.7808,15.7811,15.7811,15.7811,15.7811,15.7814,15.7809,15.7809,15.7807,15.7813,15.781,15.781,15.7806,15.7811,15.7811,15.7814,15.7824,15.7821,15.7813,15.7811,15.7811,15.7813,15.7815,15.7815,15.7815,15.7808,15.7808,15.7808,15.7808,15.7814,15.7806,15.7806,15.7804,15.7804,15.7801,15.7801,15.7801,15.7801,15.7804,15.7799,15.7807,15.7806,15.7808,15.781,15.7813,15.7813,15.7813,15.7813,15.7828,15.7823,15.7823,15.7823,
Mon Apr 13 2020 00:48:04 GMT-0400 (Eastern Daylight Time)
15.782,15.782,15.7822,15.7839,15.7839,15.784,15.7839,15.7839,15.7839,15.7837,15.7831,15.7823,15.7831,15.7819,15.7812,15.7797,15.7797,15.7794,15.78,15.7804,15.7804,15.7786,15.7786,15.7786,15.7782,15.7784,15.7784,15.7778,15.7778,15.7774,15.7787,15.7787,15.7787,15.7787,15.7787,15.7785,15.7785,15.779,15.7794,15.7794,15.7794,15.7791,15.7801,15.7803,15.7803,15.7798,15.7801,15.7803,15.7806,15.781,15.7806,15.7798,15.7804,15.7808,15.7805,15.7802,15.7795,15.7793,15.7789,15.7789,
Mon Apr 13 2020 00:49:04 GMT-0400 (Eastern Daylight Time)
15.7789,15.7785,15.7792,15.7789,15.7792,15.7789,15.7793,15.7793,15.7793,15.7796,15.7804,15.7811,15.7814,15.782,15.7813,15.7815,15.7818,15.7808,15.7806,15.7806,15.7806,15.7815,15.7822,15.7822,15.7817,15.7805,15.7805,15.7801,15.7801,15.7801,15.7806,15.7804,15.7804,15.7794,15.7792,15.7786,15.7782,15.7784,15.7787,15.7783,15.7791,15.7798,15.7796,15.7796,15.7799,15.7804,15.7804,15.7804,15.7808,15.7813,15.781,15.781,15.781,15.7808,15.7808,15.7816,15.7824,15.7826,15.7829,15.7829,
Mon Apr 13 2020 00:50:04 GMT-0400 (Eastern Daylight Time)
15.7829,15.7829,15.7823,15.7827,15.7814,15.7811,15.7813,15.7816,15.7816,15.7816,15.7813,15.7813,15.7813,15.7815,15.781,15.7818,15.7818,15.7818,15.7818,15.7818,15.7818,15.7818,15.7818,15.7818,15.7818,15.7822,15.7818,15.7815,15.7815,15.7811,15.7801,15.7801,15.7801,15.7801,15.7801,15.7801,15.7795,15.78,15.78,15.78,15.7791,15.7788,15.7795,15.7799,15.7795,15.7808,15.7815,15.7815,15.7822,15.7815,15.7815,15.7808,15.7802,15.7803,15.7803,15.781,15.781,15.7805,15.7805,15.7801,
Mon Apr 13 2020 00:51:04 GMT-0400 (Eastern Daylight Time)
15.7801,15.7802,15.7804,15.7804,15.7808,15.7808,15.7808,15.7803,15.7803,15.7799,15.7793,15.7789,15.7789,15.7791,15.7791,15.7788,15.7776,15.7776,15.7765,15.7765,15.7765,15.7765,15.7769,15.7769,15.7774,15.7774,15.778,15.7777,15.7773,15.7773,15.777,15.777,15.7766,15.7769,15.7769,15.7775,15.7765,15.7761,15.7761,15.7748,15.7748,15.7743,15.774,15.7732,15.7732,15.7735,15.7733,15.774,15.7744,15.7739,15.7739,15.7742,15.7734,15.7737,15.7751,15.7754,15.7754,15.7754,15.7763,15.7763,
Mon Apr 13 2020 00:52:04 GMT-0400 (Eastern Daylight Time)
15.7759,15.7749,15.7749,15.7749,15.7749,15.7749,15.7744,15.7747,15.7745,15.7752,15.7752,15.7757,15.776,15.7762,15.7762,15.7765,15.7765,15.7763,15.776,15.7763,15.7763,15.7761,15.7761,15.7759,15.7756,15.7756,15.7756,15.776,15.7762,15.7758,15.775,15.775,15.775,15.775,15.7753,15.7753,15.7753,15.775,15.775,15.7747,15.7738,15.7742,15.7747,15.7767,15.777,15.777,15.7757,15.7757,15.7761,15.7764,15.7768,15.7764,15.7767,15.7775,15.7775,15.7777,15.7777,15.7757,15.7757,15.7755,
Mon Apr 13 2020 00:53:04 GMT-0400 (Eastern Daylight Time)
15.7755,15.7748,15.7748,15.7759,15.7759,15.7755,15.7755,15.7759,15.7763,15.777,15.777,15.777,15.7773,15.7776,15.7765,15.7768,15.7768,15.7768,15.7768,15.7768,15.7768,15.7762,15.7758,15.7754,15.7752,15.7748,15.7748,15.7748,15.7748,15.7775,15.7766,15.7759,15.7759,15.7757,15.7757,15.7752,15.7752,15.7747,15.7745,15.7742,15.7742,15.7751,15.7748,15.7752,15.7754,15.7756,15.7759,15.7759,15.7761,15.7763,15.7763,15.7763,15.7763,15.7764,15.7748,15.7748,15.7747,15.7749,15.7749,15.7749,
Mon Apr 13 2020 00:54:04 GMT-0400 (Eastern Daylight Time)
15.7743,15.7743,15.7743,15.7743,15.7743,15.774,15.774,15.7738,15.7742,15.7748,15.7741,15.7738,15.7738,15.7741,15.7741,15.7741,15.7744,15.7749,15.7751,15.7761,15.7761,15.7775,15.7778,15.7781,15.7779,15.7772,15.7781,15.7785,15.7785,15.7788,15.7785,15.7785,15.7788,15.7796,15.7799,15.7799,15.7802,15.7802,15.7797,15.7797,15.7793,15.7788,15.7788,15.7788,15.7783,15.7786,15.7791,15.7802,15.7802,15.7798,15.7793,15.7797,15.7812,15.7814,15.7808,15.7811,15.7807,15.7811,15.7814,15.7814,
Mon Apr 13 2020 00:55:05 GMT-0400 (Eastern Daylight Time)
15.7805,15.7813,15.7789,15.7786,15.7786,15.779,15.779,15.7794,15.7779,15.7785,15.7782,15.7782,15.779,15.7794,15.7798,15.7798,15.7796,15.7796,15.7793,15.7793,15.7775,15.7772,15.7772,15.7769,15.7769,15.7762,15.7762,15.7756,15.776,15.7763,15.7763,15.7765,15.7765,15.7771,15.7771,15.7771,15.7773,15.7774,15.7774,15.7771,15.7771,15.7771,15.7771,15.7775,15.7775,15.7773,15.7773,15.7776,15.7776,15.7776,15.7776,15.7774,15.7767,15.7762,15.7762,15.7758,15.7758,15.7767,15.7767,15.7776,
Mon Apr 13 2020 00:57:04 GMT-0400 (Eastern Daylight Time)
15.7713,15.7713,15.7713,15.7713,15.7708,15.7708,15.7708,15.7708,15.7708,15.7705,15.7682,15.7679,15.7679,15.7668,15.7668,15.7668,15.7665,15.7665,15.7669,15.7665,15.7642,15.7642,15.7642,15.7646,15.7646,15.7646,15.7644,15.764,15.764,15.764,15.764,15.7646,15.7646,15.7643,15.7643,15.7643,15.7648,15.7655,15.7653,15.7653,15.7647,15.7651,15.7636,15.7633,15.7626,15.7632,15.7629,15.7633,15.7633,15.7629,15.7626,15.7623,15.7623,15.763,15.763,15.7626,15.7626,15.7628,15.7619,15.7616,
Mon Apr 13 2020 00:58:04 GMT-0400 (Eastern Daylight Time)
15.7616,15.761,15.7607,15.7602,15.7595,15.7589,15.7545,15.7551,15.7561,15.7561,15.7552,15.7552,15.7548,15.7547,15.7547,15.7547,15.7554,15.7571,15.7579,15.7585,15.7576,15.7579,15.7589,15.7583,15.7583,15.7586,15.758,15.758,15.7576,15.7576,15.7581,15.7579,15.7574,15.7574,15.7571,15.7573,15.7576,15.7576,15.7572,15.7572,15.7572,15.7565,15.7555,15.7563,15.7565,15.756,15.7557,15.7559,15.7561,15.7565,15.7555,15.7555,15.7555,15.755,15.7552,15.7554,15.7554,15.755,15.755,15.7546,
Mon Apr 13 2020 00:59:04 GMT-0400 (Eastern Daylight Time)
15.7541,15.7541,15.7541,15.7536,15.7536,15.7533,15.7524,15.7524,15.7522,15.7522,15.7524,15.7524,15.7528,15.7528,15.7538,15.7541,15.7533,15.7537,15.7526,15.7525,15.7525,15.7525,15.7518,15.7519,15.7522,15.752,15.7514,15.7503,15.7503,15.7507,15.751,15.7508,15.7505,15.7503,15.7505,15.7502,15.7494,15.7494,15.749,15.749,15.7487,15.749,15.7497,15.7497,15.7494,15.7468,15.747,15.7467,15.7467,15.7467,15.7466,15.7466,15.7476,15.7476,15.7483,15.7483,15.7483,15.7482,15.7478,15.7473,
Mon Apr 13 2020 01:00:04 GMT-0400 (Eastern Daylight Time)
15.7464,15.7461,15.7458,15.7458,15.7461,15.7467,15.7466,15.7466,15.7466,15.7473,15.7473,15.7479,15.7475,15.7473,15.748,15.7484,15.7481,15.7484,15.7483,15.7479,15.7485,15.7469,15.7475,15.7489,15.7487,15.7487,15.749,15.749,15.7493,15.7489,15.7487,15.7487,15.7468,15.7468,15.7468,15.7468,15.7463,15.7463,15.7449,15.7447,15.746,15.746,15.7462,15.7462,15.7475,15.7467,15.747,15.7468,15.7471,15.7471,15.7471,15.7477,15.7469,15.7469,15.7472,15.7472,15.7472,15.7469,15.7451,15.7454,
Mon Apr 13 2020 01:01:04 GMT-0400 (Eastern Daylight Time)
15.7457,15.7457,15.745,15.7457,15.7457,15.746,15.745,15.7449,15.7449,15.7454,15.7457,15.7454,15.7448,15.7448,15.7455,15.7479,15.7482,15.7477,15.7483,15.748,15.748,15.7483,15.7473,15.748,15.748,15.7472,15.7472,15.7465,15.7456,15.7449,15.7449,15.7449,15.7449,15.7449,15.7443,15.7435,15.7441,15.7438,15.7446,15.7449,15.7457,15.7452,15.7452,15.7453,15.745,15.745,15.745,15.7447,15.7446,15.7446,15.7452,15.746,15.746,15.7474,15.7477,15.748,15.7483,15.749,15.7482,15.7479,
Mon Apr 13 2020 01:02:05 GMT-0400 (Eastern Daylight Time)
15.7475,15.7469,15.7466,15.7464,15.7466,15.7466,15.7466,15.746,15.7463,15.7463,15.7465,15.7469,15.7466,15.7466,15.7484,15.7459,15.7462,15.748,15.7478,15.7486,15.7486,15.7484,15.7479,15.7479,15.749,15.7493,15.7497,15.7488,15.7492,15.7498,15.7492,15.7488,15.7489,15.7487,15.7484,15.7487,15.749,15.749,15.7497,15.75,15.75,15.7495,15.749,15.749,15.7493,15.7518,15.7518,15.7523,15.7529,15.7538,15.7541,15.755,15.7547,15.7555,15.7552,15.7556,15.7552,15.7559,15.7559,15.7564,
Mon Apr 13 2020 01:03:04 GMT-0400 (Eastern Daylight Time)
15.7565,15.7568,15.7567,15.7567,15.7562,15.7562,15.7567,15.7564,15.756,15.7563,15.7537,15.754,15.752,15.7516,15.7512,15.7504,15.7504,15.7504,15.7494,15.7465,15.7467,15.7467,15.7465,15.7465,15.7463,15.7468,15.7473,15.7465,15.7454,15.7449,15.7449,15.7456,15.7459,15.7463,15.7454,15.745,15.745,15.7455,15.7461,15.7461,15.7467,15.7467,15.7464,15.7461,15.747,15.7475,15.747,15.7474,15.7484,15.7482,15.7487,15.749,15.749,15.749,15.7482,15.7486,15.7486,15.7494,15.7522,15.7522,
Mon Apr 13 2020 01:04:04 GMT-0400 (Eastern Daylight Time)
15.7522,15.7524,15.7531,15.753,15.753,15.753,15.7535,15.7538,15.7534,15.7528,15.7531,15.7534,15.7542,15.7542,15.7555,15.7558,15.7558,15.7555,15.7558,15.7564,15.7567,15.7567,15.7579,15.7576,15.7585,15.7582,15.7581,15.7581,15.7568,15.7558,15.7553,15.755,15.755,15.755,15.755,15.7547,15.7551,15.7561,15.7556,15.7563,15.756,15.7562,15.7577,15.7577,15.7567,15.7567,15.7579,15.7579,15.7585,15.7588,15.7589,15.7597,15.7595,15.7585,15.7588,15.7595,15.7583,15.7587,15.7571,15.7568,
Mon Apr 13 2020 01:05:04 GMT-0400 (Eastern Daylight Time)
15.7557,15.7534,15.7545,15.7548,15.7548,15.7552,15.7547,15.755,15.7544,15.7544,15.7551,15.7558,15.754,15.7542,15.7542,15.7538,15.753,15.7524,15.7515,15.7515,15.7521,15.7521,15.7522,15.7525,15.7523,15.7523,15.7521,15.7531,15.7531,15.7534,15.7542,15.754,15.754,15.7542,15.754,15.7547,15.7554,15.7554,15.7558,15.7564,15.7561,15.7561,15.7559,15.7558,15.7561,15.7564,15.7559,15.7552,15.7552,15.7549,15.7539,15.7537,15.7536,15.7546,15.7544,15.7547,15.7547,15.7547,15.7544,15.753,
Mon Apr 13 2020 01:06:04 GMT-0400 (Eastern Daylight Time)
15.7527,15.7532,15.7538,15.7535,15.7528,15.752,15.7511,15.7518,15.7501,15.7497,15.7502,15.751,15.751,15.7517,15.7514,15.7514,15.7514,15.7509,15.7522,15.7515,15.7518,15.7506,15.7522,15.7519,15.7497,15.7497,15.7492,15.7492,15.7517,15.7517,15.7513,15.7506,15.7509,15.7501,15.7508,15.7508,15.7507,15.751,15.7507,15.7513,15.7516,15.7523,15.7523,15.7523,15.7527,15.7509,15.7513,15.7513,15.7509,15.7509,15.7509,15.7506,15.7509,15.7507,15.7503,15.7506,15.7512,15.752,15.754,15.7549,
Mon Apr 13 2020 01:07:22 GMT-0400 (Eastern Daylight Time)
15.7553,15.7553,15.754,15.754,15.754,15.752,15.7515,15.751,15.7508,15.7502,15.7502,15.7506,15.7506,15.7503,15.7503,15.751,15.7512,15.7519,15.7523,15.7523,15.7514,15.7514,15.7518,15.7502,15.7502,15.7507,15.7505,15.7508,15.7514,15.7511,15.7519,15.7545,15.7539,15.7539,15.7543,15.7549,15.7558,15.7556,15.7556,15.7556,15.7566,15.7554,15.755,15.7555,15.7558,15.7553,15.7555,15.7565,15.7574,15.7578,15.7575,15.7572,15.7569,15.7564,15.758,15.7576,15.7576,15.7576,15.7561,15.7558,
Mon Apr 13 2020 01:08:06 GMT-0400 (Eastern Daylight Time)
15.7557,15.7557,15.7556,15.7552,15.7552,15.7546,15.7543,15.7537,15.7517,15.7517,15.7522,15.7525,15.752,15.752,15.7538,15.7537,15.7533,15.7518,15.7515,15.751,15.7506,15.7506,15.7502,15.7502,15.7502,15.7502,15.7505,15.7505,15.7505,15.7499,15.7499,15.7491,15.7494,15.7494,15.7497,15.7497,15.7499,15.7499,15.7493,15.7491,15.7495,15.7498,15.749,15.7495,15.7495,15.7493,15.7493,15.7496,15.7492,15.7483,15.7483,15.7488,15.7494,15.7491,15.7491,15.7494,15.7491,15.7489,15.7448,15.7451,
Mon Apr 13 2020 01:09:05 GMT-0400 (Eastern Daylight Time)
15.7459,15.7459,15.7452,15.7484,15.7484,15.7488,15.7483,15.748,15.7481,15.7481,15.7467,15.7472,15.7477,15.7477,15.7471,15.7486,15.7486,15.7481,15.7481,15.7484,15.7484,15.7484,15.7488,15.7475,15.7475,15.7475,15.7476,15.748,15.748,15.7476,15.7481,15.7488,15.7483,15.7489,15.7484,15.7486,15.7486,15.7489,15.7489,15.7504,15.7504,15.7515,15.7515,15.7515,15.7487,15.7465,15.7465,15.7455,15.746,15.7469,15.7469,15.7471,15.7471,15.7477,15.7475,15.7471,15.7479,15.7476,15.7474,15.7467,
Mon Apr 13 2020 01:10:04 GMT-0400 (Eastern Daylight Time)
15.7467,15.7467,15.7467,15.7478,15.7481,15.7484,15.7454,15.7462,15.7464,15.7464,15.7458,15.7475,15.7475,15.7475,15.7475,15.7483,15.7488,15.7488,15.7483,15.7469,15.7469,15.747,15.747,15.7461,15.747,15.747,15.7467,15.7481,15.7486,15.749,15.7487,15.748,15.748,15.7477,15.7486,15.7492,15.7492,15.7492,15.7492,15.7496,15.7505,15.7508,15.7502,15.7499,15.7502,15.7502,15.7496,15.7489,15.7489,15.7491,15.7496,15.7507,15.7505,15.7507,15.7513,15.7513,15.752,15.7514,15.7518,15.7513,
Mon Apr 13 2020 01:11:11 GMT-0400 (Eastern Daylight Time)
15.7513,15.7513,15.7523,15.7522,15.7522,15.7524,15.7527,15.7527,15.7527,15.7532,15.7532,15.7532,15.7532,15.7538,15.7538,15.7525,15.7525,15.752,15.7517,15.7517,15.7517,15.7522,15.752,15.7516,15.7516,15.7513,15.7513,15.752,15.7523,15.7527,15.7527,15.7558,15.7554,15.7542,15.7542,15.7551,15.7555,15.7555,15.7555,15.7555,15.7539,15.7539,15.7539,15.7532,15.7538,15.7538,15.7538,15.7551,15.7551,15.7555,15.7557,15.7545,15.7519,15.7519,15.7522,15.753,15.7528,15.7528,15.7525,15.7522,
Mon Apr 13 2020 01:12:05 GMT-0400 (Eastern Daylight Time)
15.7522,15.7522,15.7534,15.752,15.7516,15.7516,15.7538,15.7544,15.7544,15.7544,15.7544,15.7544,15.7544,15.7544,15.7544,15.755,15.755,15.755,15.755,15.755,15.755,15.7561,15.7557,15.7557,15.7557,15.7551,15.7551,15.7551,15.7555,15.7555,15.7558,15.7558,15.7547,15.7547,15.7547,15.7541,15.7541,15.7541,15.7536,15.7536,15.7532,15.7532,15.7527,15.7538,15.7536,15.7536,15.7536,15.7538,15.7538,15.7564,15.7568,15.7568,15.7568,15.7558,15.755,15.7553,15.7544,15.7544,15.7547,15.7538,
Mon Apr 13 2020 01:13:05 GMT-0400 (Eastern Daylight Time)
15.7538,15.7538,15.7538,15.7529,15.7526,15.7519,15.7519,15.7515,15.7509,15.7509,15.7507,15.7507,15.7507,15.7501,15.7503,15.7503,15.7514,15.7508,15.7505,15.7505,15.7482,15.7476,15.7477,15.7474,15.7479,15.7485,15.7492,15.7484,15.7482,15.7478,15.7482,15.7482,15.7479,15.7482,15.7489,15.7499,15.7481,15.7478,15.7478,15.7478,15.7478,15.7465,15.7462,15.7459,15.7459,15.7459,15.7462,15.7467,15.7467,15.7467,15.7477,15.7485,15.7492,15.7492,15.7497,15.7495,15.7502,15.7492,15.7493,15.7496,
Mon Apr 13 2020 01:14:04 GMT-0400 (Eastern Daylight Time)
15.7489,15.7486,15.7481,15.7504,15.7504,15.7501,15.7531,15.7533,15.7552,15.7552,15.7549,15.7557,15.756,15.7557,15.7557,15.7563,15.7558,15.7558,15.7555,15.7548,15.7562,15.7562,15.7553,15.7574,15.7574,15.7577,15.7571,15.7569,15.7571,15.7579,15.7579,15.7576,15.758,15.759,15.759,15.7595,15.7598,15.7602,15.7596,15.7593,15.759,15.759,15.7587,15.7577,15.7577,15.758,15.758,15.7582,15.7569,15.7569,15.7569,15.756,15.7564,15.7564,15.7564,15.7567,15.7567,15.7571,15.7576,15.7582,
Mon Apr 13 2020 01:15:05 GMT-0400 (Eastern Daylight Time)
15.7569,15.7567,15.7567,15.758,15.7583,15.7577,15.7599,15.7605,15.7599,15.7608,15.7608,15.7611,15.7611,15.7611,15.761,15.7612,15.7604,15.7602,15.7606,15.7594,15.7598,15.7594,15.7591,15.7584,15.758,15.758,15.758,15.758,15.758,15.7585,15.7603,15.7603,15.7603,15.7599,15.7599,15.7608,15.7611,15.7611,15.7614,15.7614,15.7611,15.7611,15.7615,15.7614,15.7627,15.762,15.7614,15.7617,15.762,15.762,15.7617,15.7634,15.7628,15.7626,15.7626,15.7613,15.7609,15.7615,15.763,15.764,
Mon Apr 13 2020 01:16:04 GMT-0400 (Eastern Daylight Time)
15.7646,15.7643,15.7648,15.7652,15.7677,15.7677,15.7677,15.7671,15.7671,15.7676,15.7681,15.7669,15.7662,15.7662,15.7665,15.7674,15.7672,15.7678,15.7684,15.7666,15.7666,15.7662,15.7666,15.7667,15.7667,15.766,15.7663,15.7662,15.7657,15.7655,15.766,15.7653,15.7656,15.7652,15.7652,15.7656,15.7659,15.7663,15.7658,15.7655,15.7662,15.7653,15.7661,15.7664,15.7662,15.7666,15.7666,15.767,15.7674,15.7665,15.765,15.7642,15.7645,15.7649,15.764,15.7638,15.7637,15.7639,15.7632,15.7636,
Mon Apr 13 2020 01:17:04 GMT-0400 (Eastern Daylight Time)
15.7628,15.7631,15.764,15.7635,15.7634,15.7629,15.7632,15.763,15.7628,15.7624,15.762,15.761,15.7613,15.7619,15.7612,15.7622,15.7625,15.763,15.763,15.7632,15.7632,15.7629,15.7629,15.7642,15.7617,15.7617,15.7619,15.7629,15.7634,15.7634,15.7634,15.7634,15.7629,15.7627,15.7627,15.7619,15.7619,15.7628,15.7633,15.7633,15.7629,15.762,15.7611,15.7611,15.7608,15.7604,15.7598,15.7598,15.7617,15.762,15.7626,15.7633,15.7624,15.7623,15.762,15.7605,15.7605,15.7602,15.7614,15.7614,
Mon Apr 13 2020 01:18:04 GMT-0400 (Eastern Daylight Time)
15.7617,15.7618,15.7609,15.76,15.7608,15.7608,15.7599,15.7598,15.7595,15.7591,15.7585,15.7585,15.7582,15.7576,15.7588,15.7594,15.7597,15.7593,15.7591,15.7585,15.7584,15.7589,15.7593,15.759,15.7595,15.7595,15.76,15.76,15.7608,15.7613,15.7603,15.7599,15.7598,15.7598,15.7598,15.7593,15.7586,15.7584,15.7579,15.7568,15.7557,15.7569,15.7566,15.7566,15.7585,15.7578,15.7583,15.7575,15.7569,15.7567,15.7573,15.758,15.759,15.7588,15.7585,15.7585,15.7588,15.7588,15.7574,15.7574,
Mon Apr 13 2020 01:19:04 GMT-0400 (Eastern Daylight Time)
15.7579,15.7579,15.7582,15.7592,15.7592,15.7589,15.7589,15.7606,15.7602,15.76,15.7611,15.7611,15.7615,15.7622,15.762,15.7615,15.7624,15.7635,15.7638,15.7641,15.7653,15.7659,15.7659,15.7656,15.7659,15.7654,15.7657,15.7664,15.7668,15.7668,15.7678,15.7678,15.7678,15.7684,15.7688,15.7682,15.7682,15.7687,15.769,15.7693,15.7698,15.7698,15.7693,15.7693,15.7694,15.7699,15.7699,15.77,15.7707,15.7707,15.7712,15.7716,15.7737,15.7729,15.7726,15.7736,15.7725,15.7725,15.7722,15.7722,
Mon Apr 13 2020 01:21:05 GMT-0400 (Eastern Daylight Time)
15.7718,15.7722,15.7686,15.7686,15.7694,15.7699,15.7702,15.7702,15.7707,15.7725,15.7725,15.7725,15.7732,15.7732,15.7732,15.7724,15.7745,15.7741,15.7736,15.7741,15.7744,15.7747,15.776,15.7777,15.7777,15.7774,15.7774,15.7777,15.7782,15.7782,15.7774,15.7778,15.7777,15.7777,15.7783,15.778,15.7788,15.7805,15.7811,15.7807,15.7809,15.7817,15.7817,15.782,15.7822,15.7817,15.7815,15.7825,15.7825,15.7825,15.7806,15.7806,15.7795,15.7798,15.7786,15.7759,15.7766,15.7766,15.7761,15.7773,
Mon Apr 13 2020 01:22:04 GMT-0400 (Eastern Daylight Time)
15.7767,15.7767,15.7771,15.7771,15.7777,15.7777,15.7774,15.7774,15.7764,15.7764,15.7772,15.7781,15.7781,15.7767,15.7762,15.7762,15.7762,15.7773,15.7778,15.7782,15.7798,15.7798,15.7784,15.7784,15.7785,15.7775,15.7749,15.7749,15.7756,15.776,15.7756,15.7761,15.7759,15.7756,15.7756,15.7753,15.7735,15.7737,15.7741,15.7744,15.7744,15.774,15.7743,15.7738,15.7735,15.7738,15.7738,15.7739,15.7744,15.7749,15.7749,15.7756,15.7751,15.7732,15.773,15.7734,15.7727,15.7723,15.7728,15.7726,
Mon Apr 13 2020 01:24:04 GMT-0400 (Eastern Daylight Time)
15.7729,15.7772,15.7772,15.7796,15.7784,15.7787,15.7787,15.7787,15.7787,15.7784,15.7784,15.7782,15.7787,15.7787,15.7785,15.778,15.7772,15.778,15.778,15.7778,15.7763,15.7766,15.7766,15.7775,15.7766,15.7764,15.7764,15.776,15.7763,15.7763,15.7768,15.7772,15.7768,15.777,15.7774,15.7776,15.7784,15.7782,15.7788,15.7788,15.7797,15.7789,15.7799,15.7802,15.7795,15.7798,15.7795,15.781,15.7817,15.7813,15.7809,15.7811,15.7804,15.7806,15.7803,15.7803,15.78,15.7789,15.7789,15.7786,
Mon Apr 13 2020 01:25:05 GMT-0400 (Eastern Daylight Time)
15.7784,15.7777,15.7763,15.7763,15.7756,15.7775,15.7778,15.7783,15.7786,15.7786,15.7786,15.7783,15.7777,15.7775,15.7771,15.7773,15.7766,15.7766,15.7776,15.778,15.7782,15.7779,15.7779,15.7776,15.7772,15.7774,15.7768,15.7777,15.7763,15.7758,15.7756,15.7753,15.7751,15.7752,15.7755,15.7755,15.7754,15.7749,15.7747,15.775,15.774,15.7737,15.7741,15.7739,15.7739,15.7741,15.7738,15.7738,15.7755,15.7755,15.774,15.7715,15.7715,15.7738,15.7738,15.7738,15.7738,15.7738,15.7735,15.7731,
Mon Apr 13 2020 01:26:05 GMT-0400 (Eastern Daylight Time)
15.7732,15.7732,15.7732,15.7729,15.7728,15.7728,15.7724,15.7724,15.7727,15.7725,15.7725,15.7725,15.7715,15.771,15.7699,15.7701,15.7704,15.7704,15.7708,15.7714,15.7705,15.771,15.7699,15.7693,15.769,15.7687,15.7684,15.7695,15.7698,15.7686,15.7686,15.769,15.7697,15.7697,15.7695,15.7695,15.77,15.7702,15.7706,15.7709,15.7706,15.7706,15.7705,15.7705,15.7715,15.7712,15.7719,15.771,15.7719,15.7722,15.7727,15.7727,15.773,15.7733,15.7727,15.7727,15.7737,15.7729,15.773,15.773,
Mon Apr 13 2020 01:27:05 GMT-0400 (Eastern Daylight Time)
15.7734,15.773,15.7725,15.7725,15.7725,15.7723,15.7705,15.7709,15.7713,15.7708,15.7718,15.7732,15.7741,15.7739,15.7739,15.7739,15.7739,15.7739,15.7734,15.7734,15.7724,15.7724,15.7724,15.771,15.7713,15.7711,15.7715,15.7711,15.769,15.7686,15.7683,15.767,15.7692,15.7692,15.7677,15.768,15.7677,15.7684,15.7688,15.7682,15.7688,15.7688,15.7686,15.7697,15.7697,15.7697,15.7693,15.7684,15.769,15.7685,15.7685,15.7673,15.7651,15.765,15.7665,15.7672,15.7677,15.7677,15.7677,15.7671,
Mon Apr 13 2020 01:28:05 GMT-0400 (Eastern Daylight Time)
15.7671,15.7675,15.7682,15.7685,15.7699,15.769,15.769,15.7692,15.7691,15.7701,15.7704,15.7701,15.7701,15.7721,15.7715,15.7715,15.7715,15.7719,15.7719,15.7716,15.7711,15.7714,15.771,15.771,15.771,15.771,15.771,15.771,15.7706,15.7706,15.7702,15.7697,15.7697,15.7694,15.7697,15.7697,15.7697,15.7693,15.769,15.769,15.7683,15.7678,15.7679,15.7679,15.7678,15.7681,15.7681,15.7685,15.7685,15.7685,15.7689,15.7689,15.7692,15.7696,15.769,15.768,15.7684,15.7687,15.7687,15.769,
Mon Apr 13 2020 01:29:04 GMT-0400 (Eastern Daylight Time)
15.7687,15.7672,15.7674,15.7671,15.7671,15.7668,15.7668,15.7668,15.7668,15.7671,15.7665,15.7665,15.7672,15.7677,15.7672,15.7666,15.7661,15.7665,15.7661,15.7635,15.7633,15.7635,15.7639,15.7642,15.7669,15.7689,15.766,15.766,15.7656,15.7654,15.7654,15.7654,15.7671,15.7671,15.7666,15.7666,15.7655,15.7662,15.7662,15.7658,15.7658,15.7658,15.7658,15.7661,15.7667,15.7667,15.7672,15.7677,15.7672,15.7664,15.7667,15.7672,15.7669,15.7666,15.767,15.7675,15.7684,15.7684,15.7686,15.7711,
Mon Apr 13 2020 01:30:04 GMT-0400 (Eastern Daylight Time)
15.7734,15.7726,15.7725,15.7725,15.7732,15.7724,15.7724,15.7717,15.7734,15.7727,15.7727,15.7741,15.7748,15.7745,15.7749,15.7752,15.7752,15.7749,15.7741,15.7735,15.7739,15.7746,15.775,15.7759,15.7763,15.7763,15.7763,15.7763,15.7756,15.7754,15.7757,15.7757,15.7751,15.7755,15.7755,15.7752,15.7758,15.7765,15.7763,15.7759,15.7759,15.7751,15.7753,15.775,15.7753,15.7753,15.7753,15.775,15.775,15.7761,15.7761,15.7758,15.7766,15.7765,15.7761,15.7743,15.7746,15.7747,15.7746,15.774,
Mon Apr 13 2020 01:31:04 GMT-0400 (Eastern Daylight Time)
15.7744,15.7725,15.7728,15.7706,15.7709,15.7712,15.7708,15.7708,15.7705,15.7729,15.7732,15.7735,15.7735,15.7732,15.7729,15.7725,15.7722,15.7722,15.772,15.7712,15.7714,15.7711,15.7711,15.7711,15.7711,15.7704,15.7704,15.7704,15.7704,15.7707,15.7707,15.771,15.7703,15.7703,15.7709,15.7706,15.7703,15.7705,15.7705,15.7699,15.7696,15.7701,15.7703,15.7692,15.7692,15.7687,15.7681,15.7681,15.7681,15.7677,15.7659,15.7656,15.7652,15.765,15.7647,15.7658,15.7658,15.7658,15.7655,15.7653,
Mon Apr 13 2020 01:32:05 GMT-0400 (Eastern Daylight Time)
15.7656,15.7661,15.7664,15.7668,15.7668,15.7673,15.7662,15.7662,15.7658,15.7655,15.7653,15.7653,15.7653,15.7653,15.765,15.7653,15.7653,15.7653,15.7653,15.7645,15.7645,15.7655,15.7643,15.7643,15.7647,15.7647,15.7651,15.7648,15.7651,15.7666,15.7669,15.7669,15.7667,15.7672,15.7672,15.7672,15.7672,15.7683,15.7683,15.768,15.7674,15.7673,15.7676,15.768,15.7677,15.7677,15.7677,15.7674,15.7672,15.7666,15.7662,15.7678,15.7695,15.7699,15.7699,15.7702,15.7702,15.7705,15.7701,15.7701,
Mon Apr 13 2020 01:33:04 GMT-0400 (Eastern Daylight Time)
15.7704,15.7704,15.7704,15.7709,15.7705,15.7703,15.7703,15.7696,15.7692,15.7692,15.7688,15.7688,15.7688,15.7685,15.7685,15.7683,15.7671,15.7668,15.7658,15.7664,15.7657,15.7668,15.7672,15.7663,15.7663,15.7668,15.7674,15.7677,15.7681,15.7681,15.7677,15.7669,15.7669,15.7678,15.7678,15.7674,15.7699,15.7689,15.7685,15.7679,15.7677,15.7684,15.7679,15.768,15.768,15.7677,15.7677,15.7683,15.7683,15.7684,15.768,15.7683,15.7683,15.768,15.7682,15.7688,15.7692,15.7684,15.7688,15.7688,
Mon Apr 13 2020 01:34:04 GMT-0400 (Eastern Daylight Time)
15.7692,15.7694,15.7687,15.7686,15.7686,15.7704,15.7704,15.7704,15.7706,15.7708,15.7708,15.7724,15.7724,15.7729,15.7729,15.7733,15.7727,15.7724,15.7731,15.7737,15.7734,15.7741,15.7738,15.7741,15.7741,15.7745,15.7746,15.7744,15.7744,15.7732,15.7732,15.7724,15.7724,15.7723,15.7723,15.7723,15.7723,15.772,15.7724,15.7719,15.7719,15.7726,15.7735,15.7735,15.7733,15.7727,15.7726,15.7722,15.7728,15.773,15.7732,15.7735,15.7735,15.7747,15.7747,15.7744,15.7742,15.7742,15.7739,15.7741,
Mon Apr 13 2020 01:35:05 GMT-0400 (Eastern Daylight Time)
15.7741,15.774,15.7731,15.7731,15.7731,15.7738,15.7743,15.7746,15.7746,15.7742,15.7742,15.7742,15.7748,15.774,15.7742,15.7746,15.7746,15.7772,15.7769,15.7775,15.7775,15.7784,15.777,15.7775,15.7772,15.7772,15.7772,15.7781,15.7781,15.7784,15.7781,15.7781,15.7782,15.7785,15.7787,15.78,15.7803,15.782,15.7841,15.7841,15.784,15.7846,15.7851,15.7851,15.7852,15.7855,15.7855,15.7858,15.7862,15.7865,15.7873,15.7876,15.7874,15.7871,15.7871,15.7867,15.7864,15.7866,15.7866,15.7866,
Mon Apr 13 2020 01:37:04 GMT-0400 (Eastern Daylight Time)
15.7869,15.7859,15.7859,15.7859,15.7861,15.7851,15.7851,15.7851,15.7855,15.7862,15.7864,15.7859,15.7859,15.7863,15.7849,15.7843,15.7843,15.784,15.784,15.7844,15.7852,15.7855,15.7855,15.7855,15.7852,15.7841,15.786,15.7848,15.7851,15.7848,15.7851,15.7854,15.7858,15.7866,15.7874,15.7877,15.7871,15.7871,15.7873,15.7873,15.7873,15.7883,15.7878,15.7882,15.7907,15.7908,15.7908,15.7908,15.7911,15.7914,15.7914,15.791,15.7916,15.7903,15.7903,15.79,15.79,15.7905,15.7907,15.7907,
Mon Apr 13 2020 01:38:04 GMT-0400 (Eastern Daylight Time)
15.7905,15.7908,15.7914,15.7917,15.7909,15.7906,15.7906,15.7899,15.7901,15.7889,15.7886,15.7895,15.7893,15.7895,15.7885,15.7885,15.7888,15.7897,15.7897,15.7897,15.7901,15.7906,15.7904,15.7904,15.7901,15.7901,15.7907,15.7912,15.7907,15.7903,15.7903,15.7885,15.7881,15.7878,15.7877,15.7877,15.789,15.7893,15.7886,15.7884,15.7888,15.7885,15.7882,15.7882,15.7879,15.7895,15.7895,15.789,15.7883,15.789,15.789,15.7894,15.7902,15.7917,15.7932,15.7924,15.7927,15.793,15.7925,15.7928,
Mon Apr 13 2020 01:39:04 GMT-0400 (Eastern Daylight Time)
15.7928,15.7919,15.7926,15.7932,15.7932,15.7939,15.7945,15.7935,15.7931,15.7938,15.7929,15.7931,15.7928,15.7932,15.7936,15.7927,15.7927,15.792,15.7913,15.7918,15.7915,15.7911,15.7915,15.7913,15.7914,15.7914,15.7908,15.7899,15.7893,15.7889,15.7886,15.7885,15.7894,15.7894,15.7897,15.79,15.7902,15.7905,15.7901,15.7898,15.7894,15.7888,15.7888,15.7885,15.7889,15.7889,15.7887,15.789,15.789,15.7887,15.7895,15.7895,15.7895,15.7898,15.7898,15.7896,15.7896,15.7897,15.7891,15.7891,
Mon Apr 13 2020 01:41:04 GMT-0400 (Eastern Daylight Time)
15.7891,15.7918,15.7912,15.7912,15.7915,15.7912,15.7908,15.7908,15.7907,15.7898,15.7898,15.7901,15.7896,15.7893,15.7896,15.7892,15.7886,15.7891,15.7889,15.7889,15.7892,15.7892,15.7896,15.7896,15.7905,15.7901,15.79,15.7885,15.7885,15.7883,15.788,15.788,15.7884,15.7884,15.7884,15.7887,15.7893,15.7893,15.7891,15.7886,15.7886,15.7886,15.7894,15.7869,15.7866,15.7866,15.7866,15.7863,15.7859,15.7876,15.7883,15.7883,15.7883,15.7876,15.7873,15.7881,15.7881,15.7883,15.7886,15.7889,
Mon Apr 13 2020 01:42:05 GMT-0400 (Eastern Daylight Time)
15.7889,15.7868,15.7864,15.7861,15.7859,15.7843,15.784,15.785,15.7856,15.7859,15.787,15.7872,15.7859,15.7858,15.7855,15.7855,15.785,15.785,15.7866,15.7869,15.7882,15.7882,15.7882,15.7903,15.7903,15.7916,15.7921,15.7921,15.7921,15.7926,15.7923,15.792,15.7916,15.7916,15.7916,15.792,15.792,15.7916,15.7919,15.7917,15.7917,15.7914,15.7908,15.7905,15.7899,15.7902,15.7904,15.7899,15.7904,15.7904,15.7904,15.7901,15.7901,15.7904,15.7906,15.7899,15.7899,15.7899,15.7897,15.79,
Mon Apr 13 2020 01:43:04 GMT-0400 (Eastern Daylight Time)
15.79,15.7897,15.7897,15.7901,15.7901,15.7897,15.7909,15.7914,15.7919,15.7898,15.7903,15.7899,15.7905,15.7905,15.7902,15.7902,15.7908,15.7905,15.7905,15.7915,15.7897,15.7897,15.7889,15.7889,15.7884,15.7884,15.7893,15.789,15.7885,15.789,15.7892,15.7896,15.7896,15.7899,15.79,15.7879,15.7875,15.7876,15.7884,15.7888,15.7881,15.7881,15.7892,15.7895,15.7895,15.7891,15.7891,15.7893,15.7903,15.7903,15.7899,15.7899,15.7894,15.7867,15.7872,15.7888,15.7885,15.7895,15.7895,15.7894,
Mon Apr 13 2020 01:44:04 GMT-0400 (Eastern Daylight Time)
15.7894,15.7904,15.7904,15.7907,15.7907,15.7907,15.7891,15.7894,15.7891,15.7891,15.7894,15.7881,15.7878,15.7878,15.7871,15.7879,15.7876,15.788,15.7878,15.7878,15.7881,15.7877,15.7873,15.7873,15.7873,15.7873,15.7877,15.7877,15.7872,15.7868,15.7864,15.7853,15.7848,15.7848,15.7836,15.7838,15.7838,15.7843,15.7835,15.7837,15.7833,15.7829,15.7829,15.7829,15.7829,15.7824,15.7831,15.7835,15.7837,15.7841,15.7835,15.7838,15.7843,15.784,15.7835,15.7833,15.7841,15.7841,15.7849,15.7852,
Mon Apr 13 2020 01:45:05 GMT-0400 (Eastern Daylight Time)
15.7852,15.7854,15.784,15.7843,15.784,15.7836,15.7828,15.7828,15.7831,15.7834,15.7837,15.7839,15.7839,15.7849,15.7853,15.7853,15.7853,15.7853,15.7848,15.7848,15.7851,15.7849,15.7849,15.7834,15.7834,15.7834,15.7836,15.7836,15.7826,15.7822,15.7819,15.7819,15.7816,15.7816,15.7807,15.781,15.781,15.7807,15.7807,15.7814,15.7817,15.782,15.7816,15.7818,15.7822,15.7822,15.7817,15.7817,15.7817,15.7815,15.7817,15.7803,15.7803,15.7803,15.7805,15.782,15.782,15.7827,15.7817,15.7805,
Mon Apr 13 2020 01:46:04 GMT-0400 (Eastern Daylight Time)
15.7801,15.7798,15.7801,15.7801,15.7801,15.7801,15.7801,15.7801,15.7796,15.7796,15.7773,15.7779,15.7776,15.7772,15.7781,15.7786,15.7786,15.7786,15.7801,15.7797,15.7801,15.7801,15.7804,15.7809,15.7806,15.7804,15.7808,15.7812,15.7823,15.7826,15.7829,15.7829,15.7825,15.7814,15.7807,15.7807,15.781,15.781,15.7812,15.7814,15.7804,15.78,15.7797,15.7804,15.7811,15.7811,15.7813,15.7818,15.7816,15.7818,15.7816,15.7814,15.7824,15.7828,15.7834,15.7832,15.7846,15.7844,15.7847,15.7844,
Mon Apr 13 2020 01:47:04 GMT-0400 (Eastern Daylight Time)
15.7847,15.7847,15.7843,15.7838,15.7841,15.7856,15.7852,15.7856,15.7832,15.7832,15.7829,15.7822,15.7813,15.7813,15.7814,15.7835,15.7821,15.7824,15.782,15.7801,15.7796,15.7801,15.7799,15.7796,15.7788,15.7785,15.7784,15.7781,15.7767,15.7771,15.7774,15.7777,15.778,15.7779,15.7777,15.7773,15.7769,15.7776,15.7784,15.7779,15.7779,15.7766,15.7761,15.7758,15.7758,15.7748,15.7736,15.7738,15.7738,15.774,15.774,15.774,15.7744,15.7742,15.7742,15.775,15.7743,15.7749,15.7749,15.7739,
Mon Apr 13 2020 01:48:04 GMT-0400 (Eastern Daylight Time)
15.7739,15.7741,15.7751,15.7751,15.7756,15.7754,15.7758,15.7758,15.7767,15.7771,15.7771,15.7762,15.7759,15.7746,15.7726,15.7726,15.7734,15.7736,15.7734,15.7727,15.7707,15.7707,15.7717,15.771,15.7708,15.7699,15.7701,15.7703,15.7703,15.77,15.7691,15.7703,15.7709,15.7709,15.7709,15.771,15.771,15.7702,15.7698,15.7693,15.7709,15.7709,15.7716,15.7722,15.7717,15.7717,15.7697,15.7694,15.7694,15.7694,15.7698,15.7698,15.7703,15.7706,15.7709,15.7712,15.7715,15.7719,15.7719,15.7719,
Mon Apr 13 2020 01:49:05 GMT-0400 (Eastern Daylight Time)
15.7722,15.7722,15.7727,15.7722,15.7722,15.7722,15.7727,15.7729,15.7729,15.7729,15.7729,15.7729,15.774,15.7745,15.7743,15.7743,15.774,15.774,15.774,15.774,15.774,15.7738,15.7738,15.7735,15.7735,15.7735,15.7733,15.7725,15.7731,15.7731,15.7735,15.7729,15.774,15.7736,15.7738,15.7735,15.7733,15.7726,15.7729,15.7722,15.7719,15.7719,15.772,15.7714,15.7707,15.7707,15.7699,15.7699,15.7709,15.7709,15.7707,15.7707,15.7703,15.7712,15.7709,15.7706,15.7704,15.7709,15.7703,15.7703,
Mon Apr 13 2020 01:50:04 GMT-0400 (Eastern Daylight Time)
15.7703,15.7702,15.7702,15.77,15.7713,15.7713,15.7717,15.7712,15.7712,15.7709,15.7709,15.771,15.771,15.7703,15.7703,15.7707,15.7709,15.7711,15.7719,15.7719,15.7719,15.7716,15.7716,15.7722,15.7722,15.7722,15.7722,15.7722,15.772,15.7724,15.7724,15.7709,15.7709,15.7711,15.7714,15.7723,15.7723,15.7721,15.7723,15.7723,15.7723,15.7723,15.7723,15.7727,15.7727,15.7725,15.7721,15.7724,15.7724,15.7724,15.7724,15.7715,15.7715,15.7719,15.771,15.7712,15.7705,15.7715,15.7718,15.7715,
Mon Apr 13 2020 01:51:04 GMT-0400 (Eastern Daylight Time)
15.772,15.7724,15.7722,15.772,15.7723,15.7723,15.7726,15.7736,15.7738,15.7738,15.7732,15.7732,15.7732,15.7723,15.7723,15.7723,15.7723,15.7727,15.7727,15.7724,15.7724,15.7724,15.7724,15.7747,15.7747,15.7722,15.7722,15.7721,15.7718,15.7715,15.7715,15.7726,15.7729,15.7729,15.7729,15.772,15.7725,15.772,15.7727,15.7727,15.7727,15.7722,15.7725,15.7715,15.7718,15.7718,15.7718,15.772,15.7716,15.7716,15.7713,15.7713,15.7717,15.7727,15.7725,15.7722,15.7719,15.7712,15.7716,15.7715,
Mon Apr 13 2020 01:52:04 GMT-0400 (Eastern Daylight Time)
15.7717,15.772,15.7711,15.7711,15.7708,15.7711,15.7714,15.77,15.77,15.7705,15.7702,15.7705,15.7708,15.7703,15.7703,15.7706,15.7708,15.7711,15.7707,15.7696,15.7691,15.769,15.769,15.769,15.769,15.7686,15.7682,15.7681,15.7684,15.7681,15.7685,15.7673,15.7676,15.7676,15.77,15.7707,15.7711,15.7708,15.7721,15.7718,15.7718,15.7718,15.7715,15.7718,15.7723,15.7719,15.7723,15.7731,15.7727,15.7721,15.7717,15.7714,15.7718,15.7715,15.7715,15.7711,15.7704,15.7704,15.7704,15.7702,
Mon Apr 13 2020 01:53:05 GMT-0400 (Eastern Daylight Time)
15.7707,15.7707,15.7707,15.771,15.7706,15.7711,15.7707,15.771,15.771,15.7716,15.7716,15.7719,15.7728,15.7724,15.772,15.7715,15.7698,15.7708,15.771,15.771,15.771,15.771,15.7717,15.7722,15.7722,15.7727,15.7727,15.7727,15.7735,15.7735,15.7726,15.7726,15.7736,15.7736,15.7736,15.7739,15.7739,15.7731,15.7733,15.7733,15.7733,15.7724,15.7719,15.7712,15.7712,15.7712,15.7708,15.7708,15.7708,15.7709,15.7709,15.7709,15.7709,15.7709,15.7709,15.7709,15.7709,15.7709,15.7709,15.7709,
Mon Apr 13 2020 01:54:04 GMT-0400 (Eastern Daylight Time)
15.7709,15.7709,15.7713,15.7713,15.7716,15.7717,15.7712,15.7707,15.7707,15.7707,15.7707,15.7707,15.7707,15.7707,15.7707,15.7707,15.7704,15.7704,15.7704,15.77,15.77,15.77,15.7696,15.7693,15.7693,15.7693,15.7693,15.7693,15.7693,15.7693,15.7704,15.7713,15.772,15.7723,15.7723,15.7723,15.7725,15.7725,15.7731,15.7728,15.773,15.773,15.7733,15.7737,15.7736,15.7731,15.7734,15.7738,15.7746,15.7742,15.7734,15.7727,15.7725,15.7725,15.7725,15.7728,15.7728,15.7737,15.7728,15.7722,
Mon Apr 13 2020 01:55:05 GMT-0400 (Eastern Daylight Time)
15.7708,15.7704,15.7707,15.7705,15.7702,15.7702,15.7702,15.7706,15.7706,15.7703,15.7703,15.7706,15.7699,15.7695,15.7695,15.7691,15.7688,15.7684,15.7681,15.7689,15.7684,15.7684,15.7684,15.77,15.7693,15.7687,15.7677,15.7688,15.771,15.771,15.7714,15.7719,15.7728,15.7727,15.7727,15.7742,15.7742,15.7727,15.7733,15.7733,15.7736,15.7728,15.7709,15.7709,15.7713,15.7713,15.7713,15.7694,15.7694,15.7694,15.7694,15.7699,15.7699,15.7697,15.7693,15.7686,15.7681,15.7705,15.7702,15.7713,
Mon Apr 13 2020 01:56:05 GMT-0400 (Eastern Daylight Time)
15.7712,15.7714,15.772,15.7718,15.7712,15.7712,15.7707,15.7715,15.7717,15.7729,15.7719,15.7715,15.77,15.7698,15.7698,15.7698,15.7698,15.7716,15.7714,15.7718,15.7718,15.7718,15.7718,15.7715,15.7715,15.7722,15.7716,15.771,15.7725,15.7725,15.7725,15.7725,15.7725,15.7722,15.7696,15.77,15.7702,15.7686,15.7689,15.7692,15.769,15.769,15.7686,15.7688,15.7696,15.7694,15.7688,15.7689,15.7683,15.7679,15.7679,15.7676,15.768,15.7672,15.7677,15.7674,15.7679,15.7679,15.7674,15.7679,
Mon Apr 13 2020 01:57:05 GMT-0400 (Eastern Daylight Time)
15.7676,15.768,15.7674,15.7665,15.7665,15.7665,15.7665,15.7669,15.7665,15.7665,15.7663,15.7663,15.7657,15.7661,15.7664,15.7658,15.7658,15.7662,15.7662,15.7656,15.7653,15.766,15.766,15.7661,15.7665,15.7665,15.7663,15.7656,15.7656,15.765,15.7641,15.7638,15.7638,15.7638,15.7637,15.7635,15.7635,15.7635,15.7638,15.7646,15.7643,15.7643,15.7636,15.764,15.7645,15.7645,15.7651,15.7636,15.7633,15.763,15.763,15.763,15.7627,15.763,15.763,15.763,15.762,15.7624,15.7624,15.7619,
Mon Apr 13 2020 01:58:05 GMT-0400 (Eastern Daylight Time)
15.761,15.7612,15.7609,15.7611,15.7619,15.7615,15.7618,15.7612,15.7605,15.7608,15.7608,15.7608,15.7605,15.7602,15.7605,15.7598,15.7594,15.7594,15.7594,15.7594,15.7589,15.7596,15.7596,15.761,15.7607,15.7604,15.7604,15.7602,15.7602,15.7604,15.7599,15.7599,15.7594,15.7594,15.7587,15.7579,15.7577,15.7577,15.7577,15.7582,15.7573,15.7573,15.7573,15.7581,15.7581,15.7576,15.7576,15.7578,15.7574,15.7574,15.7573,15.7573,15.7573,15.7573,15.7573,15.7573,15.7578,15.7578,15.7582,15.7572,
Mon Apr 13 2020 01:59:04 GMT-0400 (Eastern Daylight Time)
15.7566,15.7569,15.7563,15.7555,15.7557,15.7555,15.7555,15.7552,15.7552,15.7552,15.7552,15.7529,15.7524,15.7524,15.7524,15.7521,15.7518,15.7514,15.7514,15.7504,15.7506,15.7509,15.7509,15.7505,15.7505,15.7515,15.7519,15.7516,15.7519,15.7516,15.7512,15.7514,15.7514,15.7511,15.7511,15.7507,15.7507,15.7511,15.7528,15.7523,15.7523,15.7523,15.752,15.7515,15.7515,15.7515,15.7521,15.7521,15.7521,15.7519,15.7519,15.7517,15.7519,15.7526,15.7535,15.753,15.7528,15.7521,15.7521,15.7526,
Mon Apr 13 2020 02:00:05 GMT-0400 (Eastern Daylight Time)
15.7519,15.7516,15.7509,15.7506,15.7506,15.7507,15.7498,15.7498,15.7489,15.7489,15.7492,15.7488,15.7488,15.7493,15.7481,15.7475,15.7475,15.7479,15.7474,15.7471,15.7469,15.7466,15.7468,15.7471,15.7469,15.7469,15.7476,15.7468,15.7461,15.7459,15.7458,15.7458,15.7457,15.7463,15.7467,15.7459,15.7459,15.7459,15.7452,15.7461,15.7468,15.7477,15.7475,15.7481,15.7474,15.7474,15.7474,15.7478,15.7478,15.7481,15.7479,15.7483,15.7477,15.7486,15.7491,15.7496,15.7496,15.7476,15.7481,15.7484,
Mon Apr 13 2020 02:01:05 GMT-0400 (Eastern Daylight Time)
15.7483,15.7478,15.7478,15.7463,15.7463,15.7463,15.7475,15.7479,15.7482,15.7482,15.7482,15.7484,15.7493,15.749,15.749,15.7494,15.7504,15.7504,15.7504,15.7504,15.7504,15.7504,15.7504,15.7504,15.7504,15.7502,15.7502,15.7502,15.7502,15.7506,15.7504,15.7509,15.7513,15.7522,15.7522,15.752,15.752,15.752,15.752,15.7525,15.7519,15.7519,15.7516,15.7525,15.7521,15.7527,15.7527,15.752,15.752,15.7512,15.7512,15.751,15.7506,15.7506,15.7506,15.7506,15.7506,15.7503,15.7512,15.7509,
Mon Apr 13 2020 02:03:04 GMT-0400 (Eastern Daylight Time)
15.7513,15.7505,15.7505,15.748,15.7472,15.7472,15.7472,15.7477,15.7473,15.746,15.7484,15.7484,15.7478,15.7482,15.7482,15.7476,15.7476,15.7484,15.7484,15.7487,15.7487,15.7487,15.7487,15.7483,15.7475,15.7478,15.7478,15.7478,15.7482,15.7482,15.7493,15.7493,15.7493,15.7496,15.7493,15.7518,15.7518,15.7518,15.752,15.7516,15.752,15.752,15.752,15.7525,15.7532,15.7535,15.7537,15.7537,15.7555,15.7555,15.7545,15.754,15.7539,15.7539,15.7535,15.754,15.7544,15.7547,15.7547,15.755,
Mon Apr 13 2020 02:04:05 GMT-0400 (Eastern Daylight Time)
15.755,15.7544,15.7544,15.7541,15.7535,15.754,15.7536,15.7531,15.7534,15.7544,15.7539,15.7539,15.7533,15.7527,15.7518,15.7518,15.7519,15.7519,15.7522,15.7522,15.7512,15.7515,15.7515,15.7515,15.7518,15.7521,15.7521,15.7524,15.753,15.7541,15.7541,15.7541,15.7541,15.7541,15.7541,15.7543,15.7538,15.7538,15.7538,15.7533,15.7539,15.7542,15.754,15.7543,15.7516,15.7519,15.7519,15.7521,15.7518,15.7523,15.7523,15.7523,15.7526,15.7526,15.7529,15.7537,15.7534,15.7534,15.7534,15.753,
Mon Apr 13 2020 02:05:05 GMT-0400 (Eastern Daylight Time)
15.7532,15.7535,15.7538,15.7535,15.7535,15.7535,15.7535,15.7539,15.7535,15.7535,15.7535,15.7538,15.7539,15.7536,15.7536,15.7536,15.7541,15.7538,15.7536,15.7548,15.7548,15.7551,15.7555,15.7552,15.7535,15.7535,15.7535,15.7535,15.7533,15.7533,15.7533,15.7533,15.75,15.7503,15.7506,15.7506,15.75,15.75,15.75,15.75,15.7514,15.7514,15.7514,15.7514,15.7514,15.7514,15.7517,15.7517,15.7517,15.7517,15.7514,15.7514,15.7512,15.7512,15.7512,15.7512,15.7504,15.7498,15.7504,15.7504,
Mon Apr 13 2020 02:06:04 GMT-0400 (Eastern Daylight Time)
15.751,15.751,15.7513,15.7513,15.751,15.7524,15.7524,15.7524,15.7522,15.7522,15.7522,15.7529,15.7525,15.7527,15.7527,15.7527,15.7527,15.753,15.753,15.7527,15.7522,15.7522,15.7522,15.7522,15.7536,15.7536,15.7536,15.7529,15.7526,15.7514,15.751,15.7515,15.7511,15.7506,15.7506,15.7499,15.7499,15.7499,15.7499,15.7499,15.7505,15.751,15.751,15.751,15.751,15.751,15.751,15.7513,15.7515,15.7515,15.7498,15.7493,15.7493,15.7499,15.7499,15.7501,15.7493,15.7496,15.7493,15.7493,
Mon Apr 13 2020 02:07:04 GMT-0400 (Eastern Daylight Time)
15.7485,15.7487,15.7487,15.7492,15.7495,15.7491,15.7489,15.7489,15.7483,15.7479,15.7483,15.749,15.749,15.7493,15.7493,15.7493,15.7493,15.7496,15.7496,15.7496,15.749,15.7493,15.7493,15.7493,15.7499,15.7499,15.7492,15.7492,15.749,15.7492,15.7492,15.7488,15.7483,15.7493,15.7493,15.7497,15.7489,15.7486,15.7489,15.7486,15.7477,15.7477,15.7477,15.7486,15.7483,15.7483,15.7483,15.7487,15.7482,15.7482,15.7482,15.748,15.7494,15.7494,15.7494,15.7487,15.749,15.7488,15.7488,15.7488,
Mon Apr 13 2020 02:08:04 GMT-0400 (Eastern Daylight Time)
15.7492,15.7491,15.7488,15.7488,15.7507,15.7504,15.7512,15.7509,15.7501,15.7501,15.7507,15.7507,15.7507,15.7507,15.7519,15.7519,15.7513,15.7513,15.7516,15.7516,15.7523,15.7523,15.7521,15.7533,15.7536,15.7533,15.7536,15.7536,15.754,15.7545,15.7545,15.7545,15.7539,15.7542,15.7543,15.7543,15.7539,15.7531,15.7523,15.7523,15.753,15.753,15.753,15.753,15.7537,15.7537,15.7537,15.7528,15.7534,15.7534,15.7532,15.7536,15.7527,15.7527,15.7523,15.7526,15.7526,15.7524,15.7501,15.7501,
Mon Apr 13 2020 02:09:05 GMT-0400 (Eastern Daylight Time)
15.7499,15.7499,15.7499,15.7499,15.7525,15.7528,15.7528,15.7528,15.7538,15.7538,15.7538,15.7536,15.7533,15.7533,15.7528,15.7528,15.7537,15.7537,15.7535,15.7539,15.7537,15.7537,15.7549,15.7549,15.7549,15.7549,15.7543,15.7539,15.7532,15.7528,15.7528,15.7513,15.7509,15.7499,15.7499,15.7497,15.7501,15.7501,15.7503,15.7503,15.7503,15.7503,15.7511,15.7505,15.7488,15.7488,15.749,15.749,15.7487,15.7493,15.7497,15.75,15.7512,15.7515,15.7512,15.7509,15.7517,15.7517,15.7517,15.7517,
Mon Apr 13 2020 02:10:05 GMT-0400 (Eastern Daylight Time)
15.7519,15.7519,15.7519,15.7522,15.7535,15.7526,15.7526,15.7526,15.7528,15.7528,15.752,15.752,15.7516,15.7516,15.7527,15.7536,15.7534,15.7534,15.7534,15.7528,15.7532,15.7532,15.7532,15.7549,15.7553,15.7553,15.7553,15.7553,15.755,15.7553,15.7531,15.7531,15.7531,15.7531,15.7531,15.7531,15.7537,15.7541,15.7541,15.7541,15.7541,15.7547,15.7544,15.7547,15.7542,15.7547,15.7549,15.7547,15.7547,15.7547,15.7544,15.7551,15.7549,15.7545,15.7545,15.7542,15.7546,15.7546,15.7544,15.7545,
Mon Apr 13 2020 02:11:04 GMT-0400 (Eastern Daylight Time)
15.7545,15.7552,15.7557,15.7557,15.7561,15.7561,15.7543,15.7537,15.7537,15.7532,15.7532,15.7535,15.7537,15.7537,15.7534,15.7537,15.7547,15.7547,15.7521,15.7521,15.7523,15.752,15.752,15.752,15.7522,15.7522,15.7522,15.7515,15.7518,15.7525,15.7525,15.7525,15.7525,15.7525,15.7525,15.7525,15.7525,15.7532,15.7532,15.7532,15.7529,15.7529,15.7529,15.7529,15.7503,15.7506,15.7499,15.7493,15.7493,15.7479,15.7475,15.7484,15.7482,15.7485,15.7483,15.7487,15.7484,15.7485,15.7479,15.7479,
Mon Apr 13 2020 02:12:04 GMT-0400 (Eastern Daylight Time)
15.7479,15.7479,15.7479,15.7481,15.7481,15.7479,15.7495,15.749,15.7494,15.7499,15.7499,15.7502,15.7505,15.7505,15.7505,15.7508,15.7508,15.7508,15.7503,15.7503,15.7503,15.7497,15.7488,15.7488,15.7488,15.7488,15.7488,15.7476,15.7476,15.7476,15.7476,15.7476,15.748,15.748,15.748,15.7476,15.7474,15.7479,15.7479,15.7479,15.7487,15.7487,15.7484,15.7484,15.7488,15.7484,15.749,15.749,15.7472,15.7472,15.747,15.747,15.7463,15.7449,15.7441,15.7441,15.7441,15.7423,15.7423,15.7423,
Mon Apr 13 2020 02:14:04 GMT-0400 (Eastern Daylight Time)
15.7423,15.7418,15.7422,15.7481,15.7481,15.7492,15.7483,15.7488,15.75,15.7493,15.749,15.749,15.7493,15.7493,15.7483,15.7489,15.7486,15.7482,15.748,15.7474,15.7464,15.7469,15.7469,15.7473,15.7466,15.7459,15.7459,15.7469,15.7478,15.7468,15.7468,15.7468,15.7471,15.7461,15.745,15.745,15.7457,15.7467,15.747,15.747,15.7473,15.7467,15.7456,15.7453,15.745,15.7454,15.7452,15.7452,15.7448,15.7456,15.7458,15.7458,15.7463,15.7466,15.7471,15.7471,15.7466,15.7461,15.745,15.7447,
Mon Apr 13 2020 02:15:04 GMT-0400 (Eastern Daylight Time)
15.7445,15.7445,15.7445,15.7444,15.7448,15.7446,15.7449,15.746,15.746,15.7457,15.746,15.7461,15.7458,15.7479,15.7477,15.7479,15.7482,15.7482,15.7494,15.7494,15.7494,15.7491,15.7485,15.749,15.7472,15.7471,15.7468,15.747,15.747,15.7478,15.7452,15.7452,15.7455,15.7454,15.7457,15.745,15.7456,15.7449,15.7444,15.7449,15.7447,15.7441,15.7441,15.7461,15.7459,15.7458,15.7458,15.7457,15.7454,15.7448,15.7445,15.7472,15.7462,15.7449,15.7449,15.7444,15.7444,15.7441,15.7441,15.7441,
Mon Apr 13 2020 02:16:04 GMT-0400 (Eastern Daylight Time)
15.7445,15.7448,15.7455,15.7455,15.7455,15.7462,15.7462,15.7465,15.7465,15.7467,15.7467,15.7467,15.7471,15.7476,15.7481,15.7483,15.7481,15.7483,15.7485,15.7492,15.7492,15.7493,15.7493,15.7493,15.749,15.7486,15.7491,15.7494,15.7494,15.7504,15.7502,15.7502,15.7502,15.7502,15.7509,15.7519,15.7519,15.7519,15.7517,15.7517,15.752,15.7523,15.7523,15.752,15.752,15.752,15.752,15.7524,15.7534,15.7514,15.7511,15.7528,15.7528,15.7525,15.7524,15.7524,15.7531,15.7531,15.7531,15.7531,
Mon Apr 13 2020 02:17:04 GMT-0400 (Eastern Daylight Time)
15.7513,15.7522,15.7515,15.7515,15.7511,15.7516,15.7514,15.7522,15.7522,15.7527,15.7524,15.7524,15.7528,15.7532,15.753,15.753,15.753,15.7534,15.7547,15.7544,15.7541,15.7541,15.7543,15.755,15.755,15.7541,15.7534,15.7544,15.7548,15.7544,15.7544,15.755,15.756,15.7564,15.7578,15.759,15.7594,15.7598,15.7615,15.7615,15.7617,15.7614,15.7617,15.7617,15.7617,15.762,15.7633,15.7633,15.7636,15.7618,15.7611,15.7617,15.7617,15.7617,15.7621,15.7621,15.7621,15.7628,15.7619,15.7622,
Mon Apr 13 2020 02:18:04 GMT-0400 (Eastern Daylight Time)
15.7622,15.7622,15.7622,15.7622,15.7624,15.762,15.7617,15.7617,15.7617,15.7629,15.7629,15.7629,15.7623,15.7605,15.7605,15.7581,15.7581,15.7586,15.7586,15.7586,15.7586,15.7581,15.7581,15.7579,15.7579,15.7579,15.7581,15.7577,15.7577,15.7555,15.7555,15.7554,15.7554,15.7554,15.7554,15.7554,15.754,15.7536,15.7536,15.7536,15.7536,15.7536,15.7536,15.7538,15.7565,15.7565,15.7569,15.7569,15.7576,15.7589,15.7589,15.7561,15.7556,15.7556,15.7556,15.7556,15.7554,15.7554,15.7554,15.7551,
Mon Apr 13 2020 02:19:04 GMT-0400 (Eastern Daylight Time)
15.7551,15.7554,15.7571,15.7574,15.7574,15.7565,15.7565,15.7563,15.7561,15.7561,15.7564,15.7564,15.7575,15.7557,15.7557,15.7554,15.7554,15.7554,15.7554,15.7554,15.7552,15.7555,15.7561,15.7553,15.7553,15.7549,15.7553,15.7553,15.7556,15.7556,15.7556,15.7556,15.7567,15.7567,15.7567,15.7567,15.7555,15.7551,15.7548,15.7546,15.7539,15.7545,15.7545,15.7545,15.7539,15.7531,15.7535,15.7535,15.7539,15.7536,15.7536,15.7536,15.7536,15.7543,15.7546,15.7549,15.7549,15.7547,15.7545,15.7549,
Mon Apr 13 2020 02:20:06 GMT-0400 (Eastern Daylight Time)
15.7552,15.7546,15.7543,15.754,15.754,15.754,15.754,15.7544,15.7549,15.7549,15.7549,15.7549,15.7544,15.7549,15.756,15.7556,15.7552,15.7555,15.7535,15.7535,15.7535,15.754,15.754,15.7546,15.7546,15.7546,15.7546,15.7543,15.7543,15.7541,15.7558,15.7558,15.7558,15.7562,15.7559,15.7571,15.7574,15.7574,15.7577,15.7581,15.7581,15.7581,15.7583,15.7575,15.7575,15.7578,15.7578,15.7578,15.7578,15.7578,15.7578,15.7576,15.7569,15.757,15.7557,15.7557,15.7557,15.7549,15.7561,15.7561,
Mon Apr 13 2020 02:21:04 GMT-0400 (Eastern Daylight Time)
15.7561,15.7561,15.7561,15.7561,15.7564,15.7564,15.7564,15.7567,15.7567,15.7567,15.757,15.757,15.7574,15.7587,15.7584,15.7584,15.7593,15.7575,15.7595,15.76,15.76,15.76,15.76,15.76,15.76,15.7603,15.7603,15.7603,15.7603,15.7612,15.7612,15.7612,15.7608,15.76,15.7602,15.7602,15.7609,15.7609,15.7609,15.7605,15.7605,15.7603,15.7608,15.7608,15.7608,15.7606,15.7612,15.7612,15.7609,15.7613,15.7613,15.7616,15.7616,15.7619,15.7619,15.7619,15.7619,15.7625,15.7629,15.7629,
Mon Apr 13 2020 02:22:04 GMT-0400 (Eastern Daylight Time)
15.7631,15.7631,15.7628,15.7626,15.7639,15.7613,15.761,15.761,15.7613,15.7613,15.7613,15.7613,15.7617,15.762,15.7624,15.7629,15.7629,15.7629,15.7629,15.7625,15.7625,15.763,15.763,15.7624,15.7638,15.7643,15.7646,15.7641,15.7645,15.7649,15.7658,15.7658,15.7645,15.7661,15.7661,15.767,15.767,15.7669,15.7681,15.7681,15.7675,15.7685,15.7687,15.7687,15.7687,15.7689,15.7689,15.7683,15.7686,15.7695,15.7695,15.7687,15.7687,15.7678,15.7682,15.7685,15.7685,15.7689,15.7689,15.7686,
Mon Apr 13 2020 02:23:04 GMT-0400 (Eastern Daylight Time)
15.7689,15.7708,15.7708,15.7708,15.7738,15.7735,15.7732,15.7736,15.7736,15.7738,15.7738,15.7738,15.7745,15.7751,15.7751,15.7747,15.7747,15.7747,15.7747,15.7744,15.774,15.7737,15.7728,15.7728,15.7736,15.7749,15.7756,15.7753,15.7744,15.7735,15.7733,15.7733,15.7733,15.7735,15.7741,15.7741,15.7736,15.7741,15.7743,15.7743,15.7739,15.7744,15.7744,15.7742,15.7739,15.7744,15.7748,15.7748,15.7748,15.7748,15.7748,15.7748,15.7744,15.7747,15.7747,15.7747,15.7747,15.7758,15.7751,15.7751,
Mon Apr 13 2020 02:24:04 GMT-0400 (Eastern Daylight Time)
15.7751,15.7748,15.7748,15.7748,15.7752,15.7752,15.7756,15.7756,15.7765,15.7772,15.7769,15.7774,15.7776,15.7766,15.7745,15.7745,15.7745,15.7737,15.7741,15.7744,15.7747,15.7747,15.7733,15.7736,15.774,15.7742,15.7747,15.7744,15.7742,15.7738,15.7738,15.7743,15.7743,15.7749,15.7749,15.7749,15.7753,15.7753,15.7753,15.7756,15.7756,15.7751,15.7747,15.7753,15.7753,15.7776,15.7776,15.7782,15.7782,15.7789,15.7785,15.7785,15.7781,15.7781,15.7772,15.7772,15.7783,15.7795,15.7795,15.7791,
Mon Apr 13 2020 02:25:04 GMT-0400 (Eastern Daylight Time)
15.7791,15.7794,15.7794,15.7796,15.7796,15.7796,15.7796,15.7796,15.7796,15.7792,15.7792,15.7789,15.7789,15.7787,15.7787,15.7787,15.7789,15.7789,15.7789,15.7789,15.7789,15.7789,15.7789,15.7789,15.7789,15.7792,15.7801,15.7801,15.7804,15.7806,15.7806,15.7811,15.7808,15.7801,15.7805,15.7803,15.7803,15.7808,15.7816,15.7813,15.7811,15.7811,15.7811,15.7813,15.7817,15.783,15.783,15.7827,15.7822,15.7815,15.7823,15.7823,15.7836,15.7833,15.7833,15.7837,15.782,15.7814,15.7814,15.7822,
Mon Apr 13 2020 02:26:04 GMT-0400 (Eastern Daylight Time)
15.7822,15.7822,15.7818,15.7815,15.7808,15.7806,15.7799,15.7797,15.7793,15.7793,15.7799,15.78,15.7803,15.7806,15.7812,15.7819,15.7818,15.781,15.7809,15.7801,15.7802,15.7802,15.7802,15.7802,15.7802,15.7799,15.7796,15.7796,15.7791,15.7791,15.7787,15.7786,15.7788,15.7777,15.7774,15.777,15.777,15.777,15.7776,15.7774,15.776,15.7762,15.7732,15.7737,15.774,15.7741,15.7735,15.7735,15.7735,15.7735,15.774,15.774,15.774,15.7737,15.7735,15.7734,15.7728,15.7732,15.7732,15.7742,
Mon Apr 13 2020 02:27:05 GMT-0400 (Eastern Daylight Time)
15.7739,15.7742,15.7742,15.7747,15.7738,15.7741,15.7743,15.7743,15.7743,15.7756,15.7756,15.7763,15.7765,15.7763,15.7766,15.7766,15.7753,15.7753,15.775,15.7747,15.7745,15.7747,15.7767,15.7771,15.7771,15.7766,15.7773,15.7773,15.7773,15.7783,15.7788,15.7782,15.7784,15.7781,15.7772,15.777,15.7764,15.7756,15.7758,15.7746,15.7761,15.7761,15.7764,15.776,15.7754,15.7774,15.7787,15.7787,15.7782,15.779,15.7794,15.7798,15.7782,15.7782,15.7797,15.7803,15.7798,15.7794,15.7787,15.7784,
Mon Apr 13 2020 02:28:04 GMT-0400 (Eastern Daylight Time)
15.7778,15.7773,15.7789,15.7789,15.7792,15.7784,15.7787,15.7781,15.7783,15.7777,15.7777,15.7777,15.7777,15.7781,15.7786,15.7786,15.7786,15.7786,15.779,15.7786,15.7782,15.7788,15.7788,15.7788,15.7788,15.7784,15.7789,15.7793,15.7793,15.779,15.7796,15.7804,15.7801,15.7798,15.7794,15.779,15.779,15.779,15.7785,15.7785,15.779,15.776,15.7773,15.7773,15.7777,15.7789,15.779,15.7804,15.7804,15.7804,15.781,15.781,15.7815,15.78,15.7802,15.7805,15.7808,15.7805,15.7812,15.7812,
Mon Apr 13 2020 02:29:05 GMT-0400 (Eastern Daylight Time)
15.7824,15.7826,15.7825,15.7829,15.7827,15.7823,15.7823,15.782,15.7796,15.779,15.7782,15.7782,15.7791,15.7791,15.7787,15.7785,15.7783,15.7778,15.7778,15.7778,15.7785,15.7776,15.7772,15.7776,15.7772,15.7772,15.7772,15.7772,15.7768,15.7768,15.7768,15.7765,15.7765,15.776,15.7752,15.7744,15.7754,15.7752,15.7746,15.7743,15.7746,15.7738,15.7736,15.7739,15.7746,15.7746,15.7746,15.7746,15.7746,15.7749,15.7737,15.7743,15.7743,15.7751,15.7764,15.7768,15.7765,15.7768,15.7772,15.7772,
Mon Apr 13 2020 02:30:04 GMT-0400 (Eastern Daylight Time)
15.7773,15.7773,15.777,15.7763,15.7763,15.7763,15.7765,15.7763,15.7763,15.776,15.7769,15.7769,15.7765,15.7737,15.774,15.7743,15.7748,15.7742,15.7742,15.7738,15.7746,15.7749,15.7747,15.7749,15.7761,15.7765,15.7781,15.7775,15.7775,15.7775,15.7773,15.778,15.7782,15.7775,15.777,15.7786,15.779,15.779,15.7776,15.7779,15.7779,15.7779,15.7768,15.7771,15.7764,15.7761,15.7758,15.7752,15.773,15.7725,15.7722,15.7728,15.7718,15.7724,15.7726,15.7734,15.7734,15.7744,15.7747,15.7754,
Mon Apr 13 2020 02:31:04 GMT-0400 (Eastern Daylight Time)
15.7754,15.7751,15.7751,15.7748,15.7748,15.7748,15.7748,15.7742,15.7736,15.7736,15.7734,15.7734,15.7738,15.7738,15.7738,15.7738,15.773,15.773,15.773,15.7728,15.7728,15.7723,15.7722,15.7722,15.7726,15.7726,15.7727,15.7727,15.7727,15.7727,15.7727,15.7727,15.7727,15.7727,15.7731,15.7731,15.7722,15.7722,15.7715,15.7722,15.7722,15.7725,15.7731,15.7728,15.7728,15.7722,15.7736,15.7736,15.7739,15.7739,15.774,15.774,15.7745,15.7748,15.7758,15.7761,15.7761,15.7761,15.7761,15.7761,
Mon Apr 13 2020 02:32:04 GMT-0400 (Eastern Daylight Time)
15.7764,15.7772,15.7769,15.7764,15.7764,15.7767,15.7768,15.7764,15.7764,15.7768,15.7758,15.7758,15.7755,15.7755,15.7764,15.7767,15.7771,15.7768,15.7768,15.7768,15.7757,15.7757,15.7757,15.7757,15.7757,15.7757,15.7748,15.7752,15.7761,15.7761,15.7769,15.7765,15.7765,15.7766,15.7762,15.7762,15.7762,15.7765,15.7765,15.7763,15.7747,15.7747,15.7739,15.7739,15.7737,15.7737,15.7735,15.7735,15.7737,15.7737,15.7734,15.7734,15.7734,15.7729,15.772,15.772,15.772,15.7717,15.7713,15.7706,
Mon Apr 13 2020 02:33:04 GMT-0400 (Eastern Daylight Time)
15.7706,15.7704,15.7698,15.7698,15.7698,15.7698,15.7701,15.7701,15.7704,15.7704,15.7708,15.7708,15.7704,15.7708,15.7711,15.7714,15.7716,15.771,15.7674,15.7674,15.7674,15.7669,15.7653,15.765,15.765,15.7655,15.7652,15.7652,15.7649,15.7652,15.7646,15.7646,15.7658,15.7656,15.7663,15.7663,15.7663,15.7667,15.7661,15.7661,15.7663,15.766,15.7666,15.7673,15.7673,15.7673,15.767,15.7669,15.7669,15.7675,15.7678,15.7687,15.7687,15.7685,15.7663,15.7661,15.7657,15.7657,15.7652,15.7652,
Mon Apr 13 2020 02:34:04 GMT-0400 (Eastern Daylight Time)
15.765,15.7647,15.7647,15.7652,15.766,15.766,15.7668,15.7666,15.7662,15.7662,15.7662,15.7662,15.7662,15.7659,15.7659,15.7659,15.7664,15.7664,15.7666,15.7666,15.7669,15.7646,15.7643,15.7644,15.7651,15.7648,15.7639,15.7632,15.7626,15.7626,15.7626,15.7626,15.7619,15.7619,15.7619,15.7619,15.7619,15.7616,15.7616,15.7608,15.7612,15.7612,15.7605,15.7608,15.7608,15.7606,15.7618,15.7615,15.7615,15.762,15.7617,15.7617,15.762,15.762,15.7614,15.7612,15.761,15.761,15.7615,15.7612,
Mon Apr 13 2020 02:35:04 GMT-0400 (Eastern Daylight Time)
15.7617,15.7617,15.7615,15.7612,15.7608,15.7612,15.7612,15.7615,15.7607,15.7602,15.7605,15.7603,15.7603,15.76,15.7589,15.7591,15.7591,15.7589,15.7594,15.7588,15.7588,15.7585,15.7585,15.7573,15.7573,15.7576,15.7576,15.7576,15.7579,15.7577,15.7574,15.7574,15.7571,15.7574,15.7582,15.7575,15.7565,15.7562,15.7556,15.7567,15.7564,15.7564,15.7562,15.7562,15.7569,15.7573,15.7577,15.7577,15.7589,15.7576,15.759,15.759,15.7587,15.759,15.7572,15.7591,15.7591,15.7591,15.7594,15.7594,
Mon Apr 13 2020 02:36:04 GMT-0400 (Eastern Daylight Time)
15.7591,15.7589,15.7607,15.7601,15.7601,15.7598,15.7606,15.7604,15.7604,15.7599,15.7602,15.7606,15.7606,15.7602,15.7596,15.7602,15.7599,15.7586,15.7591,15.7585,15.7582,15.7587,15.7576,15.7582,15.7585,15.7589,15.7589,15.7593,15.7589,15.7592,15.7582,15.7582,15.7582,15.7584,15.7584,15.7586,15.7586,15.7586,15.7583,15.7588,15.7588,15.7594,15.7594,15.7594,15.7596,15.7596,15.758,15.758,15.7585,15.7582,15.7582,15.76,15.7602,15.7602,15.7602,15.7605,15.7605,15.7605,15.76,15.76,
Mon Apr 13 2020 02:37:04 GMT-0400 (Eastern Daylight Time)
15.76,15.7603,15.7593,15.7597,15.7597,15.7584,15.7573,15.7573,15.7576,15.7573,15.7581,15.7585,15.7585,15.7585,15.7592,15.7595,15.7595,15.7595,15.7595,15.7593,15.7593,15.7593,15.7599,15.7594,15.759,15.7592,15.7592,15.7568,15.7568,15.7571,15.7576,15.7576,15.7576,15.7579,15.7575,15.757,15.7563,15.757,15.757,15.757,15.7573,15.7573,15.7568,15.7573,15.7569,15.7566,15.7571,15.757,15.7564,15.7564,15.756,15.7564,15.7577,15.7566,15.7566,15.7566,15.7566,15.756,15.7558,15.7551,
Mon Apr 13 2020 02:38:05 GMT-0400 (Eastern Daylight Time)
15.7554,15.7554,15.7554,15.7557,15.7557,15.7554,15.7554,15.755,15.7553,15.755,15.7547,15.7544,15.7544,15.7544,15.7541,15.7535,15.7535,15.7535,15.7535,15.754,15.7536,15.7539,15.7539,15.7539,15.7539,15.7542,15.7539,15.755,15.7558,15.7548,15.7548,15.7555,15.7543,15.7549,15.7554,15.7549,15.7579,15.7579,15.759,15.7586,15.7582,15.7581,15.7576,15.7579,15.7579,15.7576,15.7569,15.7569,15.7574,15.7584,15.7555,15.7559,15.7557,15.7557,15.7554,15.7551,15.7551,15.7551,15.7556,15.7567,
Mon Apr 13 2020 02:39:05 GMT-0400 (Eastern Daylight Time)
15.7575,15.7568,15.7568,15.7581,15.7584,15.7595,15.7591,15.7593,15.7587,15.7582,15.7582,15.7576,15.7575,15.7575,15.757,15.7553,15.7549,15.7549,15.7549,15.7559,15.7556,15.756,15.756,15.7564,15.7557,15.7562,15.7562,15.7554,15.755,15.7562,15.7559,15.7564,15.7561,15.7555,15.7555,15.7548,15.7546,15.7554,15.7554,15.7562,15.7557,15.7555,15.7539,15.7539,15.7537,15.7551,15.7553,15.7553,15.755,15.7553,15.7535,15.7542,15.7538,15.7542,15.7542,15.7546,15.7543,15.7545,15.7549,15.7546,
Mon Apr 13 2020 02:40:04 GMT-0400 (Eastern Daylight Time)
15.7546,15.7546,15.7545,15.7544,15.7549,15.7544,15.7542,15.7545,15.7545,15.754,15.754,15.7537,15.7537,15.7532,15.7537,15.7542,15.754,15.7529,15.7525,15.7525,15.7525,15.7516,15.7516,15.7516,15.7515,15.7512,15.7514,15.7507,15.7512,15.751,15.7506,15.7512,15.7509,15.7506,15.7503,15.75,15.7502,15.7509,15.7512,15.7512,15.7518,15.7518,15.7523,15.7516,15.7516,15.7521,15.7521,15.7538,15.7538,15.7543,15.7544,15.7546,15.754,15.7534,15.7534,15.7534,15.7534,15.753,15.753,15.7536,
Mon Apr 13 2020 02:41:05 GMT-0400 (Eastern Daylight Time)
15.7531,15.7531,15.7528,15.7521,15.751,15.7508,15.7508,15.7523,15.7531,15.7531,15.7536,15.7536,15.7534,15.7528,15.7539,15.7537,15.7537,15.7537,15.7537,15.7537,15.7541,15.7526,15.752,15.7515,15.7515,15.751,15.7516,15.7506,15.7513,15.7513,15.7513,15.7497,15.75,15.75,15.7504,15.7509,15.7515,15.7515,15.7516,15.7518,15.7515,15.7519,15.7513,15.7506,15.751,15.751,15.7501,15.7504,15.7504,15.751,15.7515,15.7519,15.7517,15.7514,15.7523,15.753,15.753,15.7533,15.7537,15.7558,
Mon Apr 13 2020 02:42:05 GMT-0400 (Eastern Daylight Time)
15.7556,15.7551,15.7544,15.7538,15.7538,15.753,15.753,15.753,15.7522,15.7528,15.7533,15.7527,15.7524,15.7521,15.7521,15.7525,15.7519,15.7514,15.751,15.7528,15.7524,15.7524,15.7522,15.7522,15.7536,15.7539,15.7528,15.7542,15.7546,15.7549,15.7546,15.7551,15.7537,15.7517,15.7511,15.7507,15.7504,15.7508,15.7506,15.7503,15.7495,15.7519,15.7519,15.752,15.7519,15.7517,15.7537,15.7546,15.7538,15.7534,15.7534,15.7532,15.7532,15.7532,15.7524,15.7531,15.7529,15.7529,15.7534,15.7531,
Mon Apr 13 2020 02:43:05 GMT-0400 (Eastern Daylight Time)
15.7531,15.7535,15.7535,15.7546,15.7537,15.7537,15.7537,15.7542,15.7533,15.754,15.754,15.7536,15.7553,15.7553,15.7556,15.7557,15.7557,15.7568,15.7565,15.7561,15.7559,15.7559,15.7546,15.7553,15.7553,15.7552,15.754,15.7537,15.7553,15.7553,15.7551,15.7551,15.7547,15.7547,15.7544,15.7546,15.7556,15.7556,15.7553,15.7551,15.7558,15.756,15.756,15.7571,15.7566,15.757,15.7567,15.7569,15.7569,15.7563,15.756,15.7555,15.755,15.755,15.7552,15.756,15.756,15.7565,15.7568,15.7568,
Mon Apr 13 2020 02:44:05 GMT-0400 (Eastern Daylight Time)
15.7556,15.7556,15.7555,15.7552,15.756,15.7556,15.7549,15.7549,15.7549,15.7549,15.7551,15.7562,15.7549,15.7549,15.7549,15.7547,15.755,15.7553,15.7553,15.7555,15.7549,15.7555,15.7552,15.7564,15.7566,15.7566,15.7564,15.7562,15.757,15.757,15.7564,15.7567,15.7567,15.7564,15.7545,15.7544,15.7541,15.7541,15.7537,15.7537,15.7537,15.7537,15.7537,15.7534,15.7538,15.7543,15.7543,15.7539,15.7539,15.7541,15.7543,15.7553,15.7553,15.755,15.755,15.755,15.755,15.755,15.755,15.7554,
Mon Apr 13 2020 02:45:05 GMT-0400 (Eastern Daylight Time)
15.7557,15.7557,15.7557,15.7563,15.756,15.756,15.7564,15.7564,15.7564,15.7567,15.7567,15.753,15.7533,15.7536,15.7531,15.7531,15.7525,15.7525,15.7515,15.7518,15.7512,15.7504,15.7501,15.7501,15.7495,15.7499,15.7499,15.7502,15.7498,15.7508,15.7497,15.7504,15.7509,15.7506,15.7506,15.7503,15.7503,15.7503,15.7503,15.7499,15.7502,15.7502,15.7504,15.7507,15.7507,15.7507,15.7515,15.7508,15.7518,15.7505,15.7505,15.7499,15.7499,15.7502,15.7498,15.7494,15.7494,15.7499,15.7493,15.7498,
Mon Apr 13 2020 02:46:05 GMT-0400 (Eastern Daylight Time)
15.7487,15.7493,15.7499,15.7499,15.7496,15.7487,15.7497,15.7486,15.7486,15.7492,15.7492,15.7494,15.7494,15.7489,15.7489,15.7487,15.7484,15.7486,15.7486,15.7486,15.7486,15.7486,15.7486,15.7483,15.7491,15.7493,15.7491,15.7491,15.7506,15.7504,15.7504,15.7509,15.7498,15.7498,15.7503,15.7503,15.7503,15.752,15.752,15.7521,15.7518,15.7518,15.7518,15.7516,15.7519,15.7519,15.7515,15.7522,15.7509,15.7509,15.7505,15.7509,15.7509,15.7515,15.7515,15.7518,15.7518,15.7522,15.7518,15.7514,
