Thu Apr 16 2020 02:07:53 GMT-0400 (Eastern Daylight Time)
15.4519,15.4516,15.4514,15.4509,15.4511,15.4503,15.4509,15.4509,15.4508,15.4517,15.4514,15.4519,15.4516,15.4516,15.4519,15.4516,15.4515,15.4511,15.4507,15.4502,15.4504,15.4507,15.4507,15.4507,15.4499,15.4504,15.4498,15.4495,15.4498,15.4495,15.4487,15.4481,15.447,15.4472,15.4469,15.4469,15.4468,15.4468,15.4463,15.4463,15.4453,15.445,15.4451,15.4447,15.4426,15.445,15.4455,15.4455,15.4455,15.4459,15.4456,15.4461,15.4462,15.4466,15.446,15.446,15.4467,15.4466,15.4462,15.4454,
Thu Apr 16 2020 02:08:54 GMT-0400 (Eastern Daylight Time)
15.4455,15.4455,15.4455,15.4455,15.4458,15.4458,15.4462,15.4464,15.4461,15.4457,15.446,15.4458,15.4473,15.4498,15.4496,15.4496,15.4486,15.4483,15.448,15.448,15.4483,15.448,15.4482,15.4482,15.4491,15.4489,15.4484,15.4481,15.4478,15.4483,15.4499,15.4494,15.4505,15.4517,15.4514,15.4517,15.4517,15.4522,15.45,15.4508,15.4505,15.4499,15.4488,15.4491,15.4484,15.448,15.4475,15.4469,15.4462,15.4462,15.4462,15.4457,15.4452,15.4456,15.4468,15.4474,15.448,15.4482,15.4482,15.4477,
Thu Apr 16 2020 02:09:53 GMT-0400 (Eastern Daylight Time)
15.447,15.447,15.4448,15.4448,15.4448,15.4442,15.4442,15.4439,15.4438,15.4438,15.444,15.4437,15.4439,15.4439,15.4457,15.4449,15.4449,15.4453,15.4459,15.4477,15.4477,15.4487,15.4492,15.4495,15.4502,15.4505,15.4499,15.4516,15.4527,15.4527,15.4533,15.453,15.4533,15.4533,15.4531,15.4531,15.4534,15.4565,15.4574,15.4568,15.4573,15.4571,15.4565,15.4567,15.4553,15.4555,15.4552,15.4555,15.4551,15.4545,15.4542,15.4542,15.4539,15.4535,15.4538,15.4538,15.4541,15.4544,15.456,15.4563,
Thu Apr 16 2020 02:10:54 GMT-0400 (Eastern Daylight Time)
15.4568,15.4573,15.4573,15.4576,15.4576,15.4576,15.4573,15.4576,15.4573,15.4573,15.4569,15.4573,15.4567,15.4567,15.4567,15.4558,15.456,15.4564,15.4564,15.457,15.4559,15.4559,15.4557,15.4557,15.456,15.4546,15.4565,15.4578,15.4578,15.4573,15.4569,15.4566,15.4556,15.4527,15.4527,15.4529,15.4553,15.455,15.4562,15.4562,15.456,15.4547,15.455,15.455,15.4543,15.4543,15.4535,15.4535,15.4535,15.4535,15.4525,15.4525,15.4531,15.4531,15.4531,15.4531,15.4531,15.4526,15.4526,15.4529,
Thu Apr 16 2020 02:11:54 GMT-0400 (Eastern Daylight Time)
15.453,15.453,15.453,15.4527,15.4526,15.4526,15.4525,15.4521,15.4521,15.4521,15.4521,15.4521,15.4528,15.4528,15.4536,15.4536,15.4543,15.4552,15.4552,15.4551,15.4547,15.4543,15.4543,15.4543,15.4549,15.4549,15.4545,15.4542,15.4548,15.4544,15.4542,15.4542,15.4543,15.4549,15.4552,15.4547,15.4553,15.4558,15.4561,15.4561,15.4539,15.4535,15.4538,15.4533,15.4533,15.4533,15.4533,15.4535,15.4537,15.4547,15.455,15.4548,15.4551,15.4554,15.4554,15.4554,15.4563,15.4554,15.4554,15.4556,
Thu Apr 16 2020 02:12:54 GMT-0400 (Eastern Daylight Time)
15.4551,15.4549,15.4544,15.4544,15.4548,15.4546,15.4548,15.4554,15.4557,15.4557,15.4557,15.4554,15.4552,15.455,15.4545,15.4545,15.4543,15.4543,15.4534,15.4533,15.4529,15.4537,15.4537,15.4534,15.4532,15.4529,15.4531,15.4528,15.4534,15.4534,15.453,15.4538,15.4538,15.4534,15.453,15.4513,15.4513,15.4508,15.4508,15.4501,15.4498,15.4495,15.4495,15.4528,15.4535,15.4556,15.4547,15.4555,15.4555,15.4576,15.4582,15.4579,15.4579,15.4592,15.4583,15.4577,15.4583,15.4576,15.4574,15.457,
Thu Apr 16 2020 02:13:53 GMT-0400 (Eastern Daylight Time)
15.4567,15.4561,15.4561,15.4575,15.4579,15.4572,15.4574,15.4578,15.4572,15.4572,15.4572,15.4559,15.4559,15.4564,15.4564,15.4569,15.4567,15.4567,15.4557,15.4552,15.4549,15.4559,15.4565,15.4565,15.4593,15.4597,15.4597,15.459,15.4586,15.4583,15.4589,15.4589,15.4581,15.4582,15.4587,15.4592,15.4599,15.4602,15.4606,15.4606,15.4611,15.4609,15.4612,15.4607,15.4601,15.4599,15.4597,15.4597,15.4597,15.461,15.4608,15.4626,15.4626,15.4616,15.4629,15.4629,15.463,15.4632,15.4642,15.4642,
Thu Apr 16 2020 02:14:53 GMT-0400 (Eastern Daylight Time)
15.4642,15.4653,15.4653,15.465,15.4644,15.4643,15.464,15.4613,15.4613,15.4621,15.4613,15.4611,15.4608,15.4617,15.4614,15.4611,15.4619,15.4602,15.4604,15.4604,15.4607,15.4628,15.4623,15.4623,15.4621,15.4611,15.4614,15.461,15.461,15.4628,15.4632,15.4635,15.4631,15.4636,15.4631,15.4626,15.463,15.4628,15.4631,15.4629,15.4625,15.4629,15.4631,15.4635,15.4635,15.463,15.4633,15.4626,15.4618,15.4622,15.4612,15.4612,15.4615,15.4615,15.4612,15.4612,15.4617,15.4615,15.4622,15.4626,
Thu Apr 16 2020 02:15:53 GMT-0400 (Eastern Daylight Time)
15.4633,15.4644,15.4639,15.4639,15.4631,15.4631,15.4641,15.4641,15.466,15.4657,15.4662,15.4662,15.4643,15.4639,15.4631,15.4627,15.463,15.463,15.4636,15.4646,15.4638,15.4639,15.4643,15.4646,15.4646,15.4654,15.4654,15.4654,15.4654,15.4654,15.4682,15.4686,15.4684,15.469,15.4709,15.4705,15.4705,15.4705,15.4705,15.4708,15.4701,15.4698,15.4686,15.469,15.4695,15.4692,15.4698,15.4703,15.4703,15.4682,15.4668,15.4673,15.4668,15.4678,15.4678,15.4676,15.468,15.4687,15.4699,15.4696,
Thu Apr 16 2020 02:16:53 GMT-0400 (Eastern Daylight Time)
15.4699,15.47,15.4699,15.4699,15.4693,15.4688,15.4688,15.4682,15.4682,15.4687,15.4688,15.4696,15.4696,15.4677,15.4679,15.4685,15.4685,15.4692,15.4689,15.4678,15.4676,15.4666,15.4666,15.467,15.4674,15.4686,15.4678,15.4678,15.4685,15.4682,15.4679,15.4679,15.4679,15.4677,15.4681,15.4681,15.4688,15.4686,15.468,15.468,15.4677,15.4665,15.4662,15.4666,15.467,15.4672,15.4676,15.4673,15.467,15.4708,15.4705,15.4708,15.4703,15.47,15.4697,15.4696,15.4684,15.4684,15.4695,15.4693,
Thu Apr 16 2020 02:17:53 GMT-0400 (Eastern Daylight Time)
15.4695,15.4692,15.4689,15.4691,15.4694,15.4691,15.4687,15.4687,15.469,15.4695,15.4684,15.4682,15.4679,15.4674,15.4677,15.4675,15.4675,15.4672,15.4672,15.4672,15.4668,15.4665,15.4658,15.4684,15.4688,15.4675,15.4672,15.4654,15.4656,15.4645,15.4644,15.464,15.4634,15.4634,15.4631,15.4637,15.463,15.4633,15.4629,15.4625,15.4622,15.4612,15.4617,15.4611,15.4616,15.4625,15.4628,15.463,15.4635,15.4639,15.4639,15.4647,15.4655,15.4668,15.4664,15.4661,15.4659,15.465,15.464,15.4644,
Thu Apr 16 2020 02:18:53 GMT-0400 (Eastern Daylight Time)
15.4647,15.4647,15.4647,15.4642,15.4642,15.4642,15.4642,15.4652,15.4648,15.4653,15.4653,15.4645,15.4641,15.4638,15.4634,15.4636,15.4632,15.4634,15.4638,15.4635,15.4633,15.4634,15.4629,15.4631,15.4626,15.462,15.462,15.4617,15.4612,15.4607,15.4598,15.4594,15.4588,15.4573,15.4583,15.459,15.459,15.4587,15.457,15.457,15.457,15.4574,15.4577,15.4582,15.4584,15.4584,15.459,15.4593,15.4595,15.4618,15.4618,15.4624,15.4626,15.4631,15.463,15.463,15.463,15.4621,15.4614,15.4614,
Thu Apr 16 2020 02:19:54 GMT-0400 (Eastern Daylight Time)
15.4608,15.461,15.4602,15.4599,15.4596,15.4604,15.4613,15.4613,15.461,15.4623,15.4627,15.4627,15.4616,15.4616,15.463,15.4639,15.4645,15.4644,15.465,15.4643,15.4638,15.4624,15.4625,15.4622,15.4617,15.4605,15.4612,15.4609,15.4611,15.461,15.4614,15.4617,15.4624,15.4635,15.4633,15.4642,15.465,15.4637,15.4638,15.4643,15.4643,15.4632,15.4637,15.4635,15.4638,15.4635,15.4626,15.4626,15.4633,15.4629,15.4629,15.4634,15.4642,15.4642,15.464,15.464,15.464,15.4651,15.4647,15.4651,
Thu Apr 16 2020 02:20:53 GMT-0400 (Eastern Daylight Time)
15.4646,15.4646,15.4646,15.4646,15.4648,15.4648,15.4644,15.4644,15.4652,15.4649,15.4647,15.4648,15.4648,15.4655,15.4655,15.4658,15.465,15.4658,15.466,15.466,15.4664,15.4663,15.4659,15.4659,15.4665,15.4652,15.4638,15.4638,15.4644,15.4639,15.4639,15.4643,15.4643,15.4643,15.4632,15.4639,15.4626,15.4626,15.4618,15.4618,15.462,15.462,15.4618,15.4618,15.4621,15.4622,15.4624,15.4633,15.4649,15.4656,15.4656,15.4653,15.4662,15.4667,15.4662,15.4662,15.4662,15.466,15.4649,15.4649,
Thu Apr 16 2020 02:21:53 GMT-0400 (Eastern Daylight Time)
15.4649,15.465,15.465,15.465,15.465,15.4636,15.4636,15.4633,15.4633,15.4627,15.4627,15.4634,15.4634,15.4636,15.4641,15.4638,15.4638,15.464,15.463,15.4633,15.4636,15.4645,15.4658,15.4648,15.4643,15.4647,15.4647,15.4642,15.4639,15.4644,15.4638,15.4629,15.4629,15.4635,15.4624,15.4624,15.4619,15.4625,15.4628,15.4633,15.4633,15.4636,15.4638,15.4629,15.4629,15.463,15.4627,15.4627,15.4636,15.4636,15.4623,15.4619,15.4614,15.4606,15.4606,15.4602,15.4603,15.4608,15.4606,15.4601,
Thu Apr 16 2020 02:22:54 GMT-0400 (Eastern Daylight Time)
15.4598,15.4593,15.4598,15.4595,15.4595,15.4595,15.4595,15.4598,15.4598,15.4593,15.4597,15.4586,15.4586,15.4581,15.4587,15.4599,15.4599,15.4599,15.4599,15.4595,15.4595,15.4613,15.4613,15.4609,15.4616,15.4613,15.4609,15.4609,15.4602,15.459,15.4584,15.4584,15.4584,15.4607,15.4614,15.4614,15.4611,15.4621,15.4621,15.4615,15.4619,15.4622,15.4628,15.463,15.463,15.4639,15.4648,15.4645,15.4639,15.4638,15.4646,15.4646,15.4645,15.4642,15.4652,15.4651,15.4652,15.4649,15.4642,15.4636,
Thu Apr 16 2020 02:23:53 GMT-0400 (Eastern Daylight Time)
15.4636,15.4639,15.4642,15.4642,15.4642,15.4645,15.4645,15.4645,15.4647,15.4642,15.4642,15.4645,15.4656,15.466,15.4664,15.4657,15.4664,15.4674,15.4668,15.4668,15.4681,15.4688,15.4688,15.4683,15.4683,15.4684,15.4681,15.4686,15.4683,15.4686,15.4686,15.4686,15.4693,15.4702,15.4713,15.4721,15.4721,15.4706,15.4703,15.4705,15.4708,15.4707,15.4715,15.4715,15.4719,15.4719,15.4721,15.4718,15.4714,15.4714,15.4711,15.4705,15.4698,15.4698,15.4698,15.4698,15.47,15.4702,15.4712,15.4712,
Thu Apr 16 2020 02:24:54 GMT-0400 (Eastern Daylight Time)
15.4708,15.4708,15.4708,15.4708,15.4725,15.4709,15.4713,15.4717,15.4715,15.4718,15.4718,15.4713,15.4713,15.472,15.4722,15.4719,15.4727,15.4727,15.4734,15.4724,15.4719,15.4724,15.4727,15.4721,15.4721,15.4725,15.4732,15.4732,15.4735,15.472,15.472,15.4723,15.4723,15.4725,15.473,15.473,15.4733,15.4729,15.4726,15.4729,15.4717,15.4709,15.4715,15.4727,15.473,15.472,15.4709,15.4709,15.473,15.4732,15.4737,15.474,15.4742,15.4742,15.4736,15.474,15.473,15.4736,15.4737,15.4737,
Thu Apr 16 2020 02:25:54 GMT-0400 (Eastern Daylight Time)
15.4731,15.4731,15.4731,15.4731,15.475,15.475,15.4767,15.477,15.4757,15.4757,15.4748,15.4748,15.4745,15.4769,15.4757,15.476,15.476,15.4763,15.4762,15.4767,15.4765,15.4765,15.4759,15.4755,15.478,15.4771,15.4786,15.4777,15.4769,15.4764,15.4764,15.476,15.4766,15.4766,15.4772,15.4768,15.4768,15.4766,15.4764,15.4768,15.4759,15.4771,15.4791,15.4785,15.4785,15.4785,15.4766,15.4771,15.4768,15.4768,15.4771,15.4768,15.4768,15.4769,15.4766,15.4766,15.4756,15.4736,15.4744,15.4744,
Thu Apr 16 2020 02:26:54 GMT-0400 (Eastern Daylight Time)
15.4746,15.4748,15.4754,15.4754,15.4759,15.4762,15.4762,15.4771,15.4763,15.4755,15.4761,15.4757,15.4751,15.4746,15.4749,15.4752,15.4752,15.4748,15.4749,15.4752,15.4749,15.4752,15.4757,15.4755,15.4761,15.4752,15.4763,15.4762,15.4758,15.4758,15.4763,15.476,15.4764,15.4761,15.4776,15.4771,15.4778,15.4778,15.4775,15.4775,15.4775,15.4775,15.4772,15.4767,15.4765,15.4771,15.4771,15.4785,15.4785,15.4778,15.4775,15.4775,15.4772,15.4773,15.4771,15.4773,15.4777,15.4785,15.4782,15.4785,
Thu Apr 16 2020 02:27:54 GMT-0400 (Eastern Daylight Time)
15.4787,15.4787,15.4768,15.4768,15.4768,15.4768,15.4794,15.4788,15.4792,15.4795,15.4799,15.4799,15.48,15.48,15.4813,15.482,15.482,15.482,15.4811,15.4805,15.4805,15.4808,15.4813,15.4802,15.4802,15.4805,15.4815,15.4818,15.4813,15.4811,15.4801,15.4797,15.48,15.48,15.4806,15.4809,15.4798,15.4798,15.4795,15.48,15.48,15.4788,15.4788,15.4785,15.4785,15.4783,15.4765,15.4767,15.4764,15.476,15.4755,15.476,15.476,15.476,15.4764,15.4777,15.478,15.4789,15.4788,15.4794,
Thu Apr 16 2020 02:28:54 GMT-0400 (Eastern Daylight Time)
15.4766,15.4762,15.4782,15.4782,15.4776,15.4776,15.4771,15.4778,15.4778,15.4782,15.4797,15.4793,15.4793,15.4796,15.4796,15.4796,15.4792,15.4788,15.4797,15.48,15.4803,15.4803,15.4816,15.4822,15.4812,15.4809,15.4804,15.4798,15.4802,15.4801,15.4799,15.4804,15.4806,15.481,15.4808,15.4808,15.4809,15.4805,15.4805,15.4805,15.4801,15.4796,15.4811,15.4809,15.4803,15.4803,15.4817,15.4817,15.4817,15.4814,15.4811,15.4806,15.4803,15.4798,15.4792,15.4782,15.4782,15.4787,15.4769,15.4776,
Thu Apr 16 2020 02:29:53 GMT-0400 (Eastern Daylight Time)
15.4783,15.4783,15.4783,15.478,15.478,15.478,15.4784,15.4781,15.4779,15.4767,15.4766,15.4765,15.4765,15.4759,15.4764,15.4766,15.4762,15.476,15.4752,15.4765,15.4758,15.4756,15.476,15.476,15.476,15.4757,15.4765,15.4761,15.4751,15.4743,15.4743,15.4734,15.4734,15.4734,15.4724,15.4724,15.4722,15.4722,15.4722,15.4714,15.4717,15.4714,15.4712,15.472,15.4723,15.4727,15.4708,15.4705,15.4709,15.4714,15.4715,15.4714,15.4711,15.4711,15.4704,15.471,15.4707,15.4701,15.4667,15.4667,
Thu Apr 16 2020 02:30:54 GMT-0400 (Eastern Daylight Time)
15.4664,15.4664,15.466,15.466,15.4649,15.4649,15.464,15.464,15.464,15.4634,15.4635,15.4636,15.4633,15.4636,15.4611,15.4619,15.4619,15.4614,15.4618,15.4629,15.4631,15.4635,15.4655,15.4655,15.4658,15.4653,15.4657,15.4664,15.4658,15.4655,15.4651,15.4656,15.4656,15.465,15.4645,15.4648,15.4648,15.4645,15.4645,15.4642,15.4636,15.4636,15.4636,15.4634,15.4639,15.4634,15.4637,15.4637,15.4667,15.4674,15.4684,15.4676,15.4673,15.4691,15.4691,15.4705,15.4702,15.4698,15.4698,15.4718,
Thu Apr 16 2020 02:31:54 GMT-0400 (Eastern Daylight Time)
15.472,15.4714,15.4707,15.4699,15.4699,15.4702,15.4697,15.4689,15.4689,15.4686,15.4696,15.4698,15.47,15.47,15.4702,15.4697,15.4697,15.468,15.4669,15.4669,15.4672,15.4672,15.4698,15.4697,15.47,15.4698,15.4696,15.4699,15.4694,15.4689,15.4686,15.4689,15.4692,15.4687,15.4694,15.4698,15.4692,15.4695,15.4702,15.4712,15.4699,15.4703,15.4709,15.4709,15.4696,15.4704,15.4708,15.4701,15.4699,15.4699,15.4704,15.4709,15.4687,15.4684,15.4681,15.4688,15.4687,15.4687,15.4704,15.4695,
Thu Apr 16 2020 02:32:54 GMT-0400 (Eastern Daylight Time)
15.4692,15.4688,15.4704,15.4702,15.4699,15.4705,15.4701,15.4704,15.4701,15.4698,15.4698,15.4698,15.4698,15.4706,15.4703,15.4707,15.4707,15.4721,15.4717,15.472,15.472,15.4723,15.4723,15.4727,15.4727,15.473,15.473,15.4733,15.4737,15.4728,15.4722,15.4722,15.4725,15.4715,15.472,15.4719,15.4725,15.473,15.4734,15.4742,15.4742,15.474,15.474,15.4739,15.4739,15.4739,15.4743,15.4727,15.4731,15.4733,15.4733,15.4735,15.4735,15.4729,15.4732,15.4733,15.4736,15.4737,15.4739,15.4748,
Thu Apr 16 2020 02:33:53 GMT-0400 (Eastern Daylight Time)
15.4748,15.4751,15.4751,15.4751,15.4751,15.4733,15.4741,15.4744,15.4743,15.4743,15.4748,15.4743,15.4748,15.4761,15.4765,15.4767,15.4769,15.4766,15.4761,15.4765,15.4793,15.4789,15.4808,15.4811,15.4816,15.4812,15.4798,15.4807,15.4807,15.481,15.4813,15.4813,15.4818,15.482,15.482,15.4825,15.4828,15.4833,15.4837,15.4826,15.4826,15.4826,15.4831,15.4831,15.4817,15.4812,15.4809,15.4812,15.4812,15.4809,15.4813,15.4817,15.4814,15.4814,15.4803,15.4792,15.4795,15.4792,15.4789,15.48,
Thu Apr 16 2020 02:34:54 GMT-0400 (Eastern Daylight Time)
15.48,15.48,15.48,15.479,15.4787,15.4787,15.4787,15.4785,15.4785,15.4785,15.477,15.4774,15.4788,15.4785,15.4757,15.4759,15.4752,15.4745,15.4742,15.4741,15.4744,15.475,15.4748,15.4748,15.4738,15.4738,15.4708,15.4704,15.4699,15.4696,15.47,15.4703,15.4706,15.4711,15.47,15.4698,15.4701,15.4708,15.4692,15.4684,15.4684,15.4681,15.4676,15.4673,15.4676,15.4673,15.4675,15.467,15.467,15.4663,15.4657,15.466,15.4668,15.4676,15.4669,15.4678,15.4688,15.4685,15.4685,15.4672,
Thu Apr 16 2020 02:35:54 GMT-0400 (Eastern Daylight Time)
15.4665,15.4672,15.4672,15.4669,15.4669,15.4666,15.4666,15.4666,15.4659,15.4659,15.4664,15.4664,15.4668,15.4664,15.4673,15.467,15.4676,15.4676,15.4681,15.4677,15.4685,15.4685,15.4689,15.4689,15.4673,15.4673,15.4666,15.4658,15.4645,15.4659,15.4659,15.4659,15.4663,15.4659,15.4659,15.4663,15.4654,15.4647,15.4643,15.4645,15.4642,15.4631,15.4639,15.465,15.465,15.465,15.4657,15.4657,15.4657,15.4659,15.4653,15.4641,15.4641,15.4647,15.4649,15.4656,15.4659,15.4665,15.4659,15.4659,
Thu Apr 16 2020 02:36:54 GMT-0400 (Eastern Daylight Time)
15.4652,15.4652,15.4651,15.4651,15.464,15.463,15.4633,15.4642,15.4638,15.4638,15.463,15.4621,15.4616,15.4616,15.4618,15.4627,15.463,15.4635,15.4643,15.4638,15.4644,15.4644,15.4643,15.464,15.464,15.464,15.4648,15.4648,15.4648,15.4651,15.4649,15.4656,15.4656,15.4656,15.4633,15.4645,15.4648,15.4671,15.4675,15.4688,15.4674,15.4679,15.4679,15.4685,15.468,15.4675,15.4677,15.4675,15.4678,15.4685,15.4698,15.4701,15.4694,15.47,15.47,15.4688,15.4693,15.4693,15.4693,15.47,
Thu Apr 16 2020 02:37:53 GMT-0400 (Eastern Daylight Time)
15.4694,15.4697,15.4701,15.4701,15.4701,15.4697,15.4705,15.4689,15.4696,15.4691,15.4691,15.4683,15.4686,15.4683,15.4685,15.4696,15.4688,15.4688,15.4688,15.468,15.4673,15.4676,15.4679,15.4677,15.4678,15.4681,15.4674,15.4648,15.4666,15.467,15.4673,15.4677,15.4677,15.4682,15.4682,15.4684,15.4675,15.4671,15.4675,15.4672,15.467,15.4662,15.4667,15.4659,15.4663,15.4663,15.466,15.4667,15.466,15.4657,15.4662,15.4672,15.4667,15.4667,15.4663,15.4672,15.4672,15.4678,15.4678,15.4678,
Thu Apr 16 2020 02:38:54 GMT-0400 (Eastern Daylight Time)
15.4678,15.4678,15.4674,15.4674,15.4674,15.4674,15.468,15.468,15.468,15.468,15.468,15.468,15.4683,15.4683,15.4683,15.4683,15.4676,15.4676,15.467,15.467,15.4664,15.4656,15.4656,15.4663,15.4651,15.4651,15.4651,15.4655,15.4631,15.4631,15.4632,15.4624,15.4626,15.4623,15.4623,15.4614,15.4614,15.4617,15.4623,15.4622,15.4626,15.4626,15.4629,15.4641,15.4644,15.4656,15.4642,15.4647,15.4643,15.4648,15.4643,15.4653,15.4653,15.4653,15.4657,15.4654,15.4645,15.4645,15.4638,15.4628,
Thu Apr 16 2020 02:39:54 GMT-0400 (Eastern Daylight Time)
15.4628,15.4628,15.4628,15.4621,15.4621,15.4617,15.4629,15.463,15.4625,15.4622,15.4622,15.4615,15.4624,15.4621,15.4625,15.4618,15.4624,15.4624,15.4626,15.4626,15.4623,15.4626,15.4626,15.4631,15.4627,15.4627,15.4624,15.4625,15.4625,15.4627,15.4628,15.4637,15.463,15.4632,15.4637,15.4626,15.4618,15.4624,15.4624,15.4621,15.4615,15.4615,15.4619,15.4615,15.4619,15.4617,15.462,15.4614,15.4615,15.4615,15.4619,15.4621,15.4614,15.4614,15.4628,15.4625,15.4642,15.4645,15.4642,15.4645,
Thu Apr 16 2020 02:40:53 GMT-0400 (Eastern Daylight Time)
15.4645,15.4649,15.4649,15.4657,15.4657,15.4657,15.4657,15.4661,15.4657,15.4657,15.4654,15.4654,15.4652,15.4652,15.4652,15.4656,15.4647,15.4647,15.465,15.4649,15.4645,15.4652,15.4652,15.4653,15.4653,15.465,15.4645,15.4641,15.4637,15.4641,15.4641,15.4648,15.4637,15.4637,15.4637,15.4629,15.4632,15.4632,15.4671,15.466,15.466,15.4669,15.4661,15.4665,15.4659,15.4659,15.464,15.4648,15.4648,15.4652,15.4649,15.4654,15.4664,15.4664,15.4664,15.4673,15.4677,15.4671,15.4671,15.4669,
Thu Apr 16 2020 02:41:53 GMT-0400 (Eastern Daylight Time)
15.4673,15.4675,15.4675,15.4684,15.468,15.4687,15.4683,15.4692,15.4692,15.4691,15.4701,15.4707,15.4704,15.4704,15.4702,15.4683,15.468,15.468,15.4676,15.4659,15.4659,15.4648,15.4663,15.4672,15.467,15.4677,15.4677,15.4671,15.4671,15.4677,15.4677,15.4684,15.4689,15.4693,15.4691,15.4696,15.4696,15.4699,15.4703,15.4712,15.4712,15.4707,15.4701,15.4698,15.4677,15.4674,15.4682,15.4676,15.4672,15.4669,15.4674,15.4672,15.4671,15.468,15.4673,15.468,15.468,15.4675,15.468,15.4686,
Thu Apr 16 2020 02:42:54 GMT-0400 (Eastern Daylight Time)
15.4682,15.4677,15.4677,15.4677,15.4669,15.4669,15.467,15.4674,15.4674,15.4673,15.4666,15.4658,15.4658,15.4655,15.466,15.4658,15.4658,15.4659,15.4667,15.4664,15.4664,15.4664,15.4666,15.4677,15.4677,15.4677,15.4677,15.467,15.4681,15.4678,15.4674,15.467,15.4666,15.4658,15.4653,15.4653,15.465,15.4647,15.4651,15.4674,15.4672,15.4672,15.4684,15.4686,15.4686,15.4687,15.4687,15.4705,15.4708,15.4708,15.4708,15.4719,15.4712,15.4716,15.4721,15.473,15.4737,15.4732,15.4732,15.4755,
Thu Apr 16 2020 02:43:54 GMT-0400 (Eastern Daylight Time)
15.4755,15.4748,15.4745,15.4745,15.4747,15.4743,15.4747,15.4755,15.4755,15.4757,15.4757,15.4753,15.4756,15.4766,15.4762,15.4762,15.4758,15.4753,15.4751,15.475,15.475,15.4758,15.4758,15.4756,15.4756,15.4756,15.4761,15.4762,15.4752,15.4752,15.4756,15.4756,15.4749,15.4746,15.4744,15.4717,15.4714,15.4714,15.4716,15.4719,15.4722,15.473,15.4744,15.4736,15.4744,15.4737,15.4734,15.4738,15.4745,15.475,15.4739,15.4739,15.4739,15.4739,15.4743,15.473,15.4727,15.4724,15.4719,15.4756,
