Wed Apr 15 2020 08:55:52 GMT-0400 (Eastern Daylight Time)
15.0627,15.0627,15.0627,15.0627,15.0626,15.0629,15.0629,15.0633,15.0627,15.0625,15.0625,15.0621,15.063,15.0626,15.0639,15.0633,15.063,15.063,15.0639,15.0636,15.0636,15.0631,15.0624,15.0604,15.0616,15.0616,15.0618,15.0623,15.0617,15.0612,15.0607,15.061,15.061,15.061,15.0612,15.0613,15.0613,15.0612,15.0618,15.0623,15.0621,15.0623,15.0627,15.0631,15.0618,15.0625,15.0632,15.0635,15.0635,15.0637,15.0637,15.0653,15.0653,15.0653,15.0656,15.0649,15.0644,15.0663,15.0661,15.0656,
Wed Apr 15 2020 08:56:52 GMT-0400 (Eastern Daylight Time)
15.0656,15.0666,15.0679,15.0682,15.0682,15.0679,15.0674,15.0674,15.0686,15.0671,15.0662,15.0686,15.0686,15.0693,15.0681,15.0679,15.0677,15.0666,15.0661,15.0663,15.066,15.0663,15.0667,15.0667,15.0661,15.0665,15.0665,15.0659,15.0657,15.0657,15.0677,15.0674,15.0674,15.0674,15.0668,15.0665,15.0662,15.0662,15.066,15.0663,15.0664,15.0664,15.0665,15.0665,15.0661,15.0659,15.0649,15.0649,15.0649,15.0649,15.0648,15.0668,15.066,15.066,15.066,15.066,15.0655,15.0653,15.0653,15.065,
Wed Apr 15 2020 08:57:52 GMT-0400 (Eastern Daylight Time)
15.0653,15.0653,15.0653,15.0653,15.0654,15.0654,15.0651,15.0659,15.0659,15.0661,15.0668,15.0668,15.0675,15.0689,15.0678,15.0671,15.0665,15.0663,15.065,15.0645,15.065,15.0652,15.0642,15.0629,15.0632,15.0619,15.0628,15.0628,15.0628,15.0638,15.0638,15.0638,15.0638,15.0653,15.0655,15.0653,15.0682,15.0682,15.0679,15.0683,15.0676,15.0666,15.0666,15.067,15.067,15.0681,15.0688,15.0692,15.0692,15.0679,15.0679,15.0676,15.0668,15.0665,15.0696,15.0691,15.0686,15.0681,15.069,15.0686,
Wed Apr 15 2020 08:58:53 GMT-0400 (Eastern Daylight Time)
15.0683,15.0683,15.0686,15.0686,15.0696,15.0696,15.0696,15.0696,15.0696,15.0698,15.0698,15.0702,15.0699,15.0699,15.0696,15.0691,15.0694,15.0692,15.0687,15.0687,15.0687,15.0687,15.0699,15.0706,15.0706,15.0706,15.0711,15.0719,15.0721,15.0717,15.0709,15.0706,15.0707,15.0707,15.0711,15.0708,15.0714,15.0714,15.0683,15.0684,15.0684,15.0687,15.0689,15.0689,15.0678,15.0686,15.0681,15.0692,15.0695,15.0694,15.0698,15.0701,15.0706,15.0706,15.0702,15.0702,15.0702,15.0702,15.0718,15.0713,
Wed Apr 15 2020 08:59:53 GMT-0400 (Eastern Daylight Time)
15.0713,15.072,15.0699,15.0707,15.0704,15.0702,15.07,15.0701,15.0694,15.0694,15.07,15.07,15.0704,15.0696,15.0697,15.07,15.0703,15.0708,15.0708,15.0705,15.0705,15.0705,15.0702,15.0702,15.0696,15.0696,15.0693,15.0704,15.0709,15.0709,15.0707,15.0703,15.0703,15.0711,15.0711,15.0709,15.071,15.071,15.0702,15.0678,15.0673,15.0673,15.0675,15.0679,15.0678,15.0678,15.0678,15.0662,15.0662,15.0662,15.0652,15.0654,15.0657,15.0644,15.0647,15.0647,15.0645,15.0645,15.0649,15.065,
Wed Apr 15 2020 09:00:52 GMT-0400 (Eastern Daylight Time)
15.0628,15.0622,15.0625,15.0625,15.0625,15.0618,15.0612,15.0612,15.0604,15.0607,15.0594,15.0592,15.0597,15.0597,15.0597,15.0601,15.0601,15.0604,15.0584,15.0588,15.0598,15.0603,15.0606,15.061,15.0614,15.0608,15.0609,15.0605,15.0605,15.0603,15.0611,15.0611,15.0607,15.0604,15.0601,15.0604,15.0604,15.0593,15.0593,15.0599,15.0599,15.0606,15.0598,15.0598,15.0587,15.0585,15.0592,15.0584,15.0584,15.0581,15.0581,15.0578,15.0575,15.0575,15.0576,15.0581,15.0577,15.0603,15.0606,15.0627,
Wed Apr 15 2020 09:01:53 GMT-0400 (Eastern Daylight Time)
15.0637,15.0637,15.0653,15.0645,15.0651,15.0646,15.0634,15.0634,15.0634,15.0643,15.064,15.0654,15.0651,15.0651,15.0654,15.0644,15.0659,15.0651,15.0648,15.0645,15.0648,15.0648,15.0648,15.0651,15.0651,15.0661,15.0664,15.066,15.066,15.0654,15.0648,15.0648,15.0656,15.0659,15.0656,15.0656,15.0651,15.0648,15.0645,15.0645,15.0651,15.0667,15.0662,15.0663,15.0663,15.0663,15.0668,15.0656,15.0655,15.0654,15.0654,15.0654,15.0657,15.0657,15.0657,15.0658,15.0661,15.0665,15.0695,15.0699,
Wed Apr 15 2020 09:02:52 GMT-0400 (Eastern Daylight Time)
15.0702,15.0683,15.066,15.066,15.066,15.0662,15.0658,15.0658,15.0648,15.0648,15.0642,15.064,15.0647,15.0643,15.0643,15.0643,15.0656,15.066,15.0671,15.0674,15.0669,15.0669,15.0667,15.0664,15.066,15.0665,15.0665,15.067,15.0668,15.0671,15.0667,15.0664,15.0658,15.0655,15.0659,15.0659,15.0656,15.0656,15.0653,15.065,15.0651,15.0651,15.0647,15.0649,15.0646,15.0653,15.064,15.0638,15.0621,15.0624,15.0615,15.0609,15.0613,15.0619,15.0609,15.0614,15.0612,15.0605,15.0601,15.0601,
Wed Apr 15 2020 09:03:52 GMT-0400 (Eastern Daylight Time)
15.0605,15.0605,15.0607,15.0612,15.0612,15.0608,15.0611,15.0626,15.0635,15.0635,15.0628,15.0631,15.0631,15.0623,15.0623,15.0622,15.0625,15.0646,15.0652,15.065,15.065,15.065,15.0648,15.0648,15.0657,15.065,15.0649,15.0647,15.065,15.0653,15.0643,15.0638,15.0635,15.063,15.063,15.0628,15.0617,15.062,15.0615,15.0625,15.0625,15.0633,15.0628,15.0624,15.063,15.0625,15.0651,15.0648,15.0648,15.0627,15.0622,15.062,15.0618,15.0618,15.0628,15.0623,15.0604,15.0603,15.0599,15.0598,
Wed Apr 15 2020 09:04:52 GMT-0400 (Eastern Daylight Time)
15.0592,15.0592,15.058,15.058,15.0576,15.0589,15.0604,15.0601,15.0597,15.06,15.06,15.0592,15.0588,15.0588,15.058,15.058,15.057,15.057,15.0554,15.0561,15.0558,15.0551,15.056,15.0563,15.0559,15.0555,15.0555,15.0555,15.0548,15.0544,15.0544,15.0532,15.0532,15.0532,15.0532,15.0536,15.0539,15.0539,15.0535,15.0538,15.0535,15.0534,15.0534,15.0526,15.0531,15.0531,15.0523,15.0518,15.0531,15.0529,15.0529,15.0529,15.0531,15.0531,15.054,15.053,15.053,15.053,15.0532,15.0526,
Wed Apr 15 2020 09:05:52 GMT-0400 (Eastern Daylight Time)
15.0531,15.0531,15.0536,15.0536,15.0542,15.0542,15.0542,15.0554,15.0554,15.0558,15.0558,15.0554,15.0554,15.0556,15.0556,15.0566,15.0562,15.0562,15.0572,15.0568,15.0562,15.0571,15.0568,15.0565,15.0565,15.0562,15.0554,15.0556,15.0556,15.0549,15.0549,15.0546,15.0538,15.0542,15.0542,15.0532,15.0532,15.0532,15.0512,15.0516,15.0525,15.0525,15.0531,15.0521,15.0524,15.0524,15.052,15.0504,15.0501,15.0501,15.0485,15.0489,15.0492,15.0492,15.0487,15.0493,15.05,15.05,15.0497,15.0494,
Wed Apr 15 2020 09:06:52 GMT-0400 (Eastern Daylight Time)
15.0492,15.0492,15.0489,15.0489,15.049,15.049,15.049,15.0489,15.0485,15.0489,15.0489,15.0486,15.0483,15.0485,15.0485,15.0482,15.0486,15.0483,15.0484,15.0479,15.0486,15.0486,15.0489,15.0467,15.0465,15.0468,15.0457,15.0462,15.0465,15.0465,15.0465,15.0462,15.045,15.045,15.045,15.046,15.0463,15.0475,15.0484,15.0491,15.0491,15.0498,15.0495,15.0493,15.0501,15.0501,15.0501,15.0498,15.05,15.05,15.0497,15.0513,15.0509,15.0503,15.0503,15.0514,15.0516,15.0513,15.0524,15.0524,
Wed Apr 15 2020 09:07:53 GMT-0400 (Eastern Daylight Time)
15.0516,15.0516,15.0513,15.0534,15.0538,15.0533,15.0533,15.0561,15.0561,15.0566,15.0566,15.056,15.056,15.0572,15.0575,15.057,15.057,15.0563,15.0561,15.0556,15.056,15.0562,15.0559,15.0558,15.057,15.057,15.0569,15.0563,15.0563,15.0567,15.0567,15.0567,15.0578,15.0578,15.0574,15.0582,15.0579,15.0582,15.0582,15.0582,15.0588,15.0591,15.0591,15.0587,15.0585,15.0583,15.0581,15.0579,15.0579,15.0577,15.0581,15.0578,15.0583,15.0576,15.0579,15.0576,15.0582,15.0585,15.0585,15.0582,
Wed Apr 15 2020 09:08:53 GMT-0400 (Eastern Daylight Time)
15.0589,15.0589,15.0587,15.0587,15.0583,15.0586,15.059,15.0578,15.0581,15.0577,15.0581,15.0569,15.0569,15.0569,15.0561,15.0561,15.0564,15.0564,15.0569,15.0553,15.0544,15.0544,15.0557,15.0567,15.0569,15.0583,15.0583,15.0583,15.0577,15.0574,15.0576,15.0587,15.0592,15.0589,15.0585,15.058,15.0572,15.0572,15.0562,15.0568,15.0573,15.057,15.057,15.0575,15.0575,15.0572,15.0567,15.0572,15.0572,15.0587,15.0584,15.0587,15.0587,15.0583,15.058,15.0577,15.0573,15.057,15.0573,15.0579,
Wed Apr 15 2020 09:09:53 GMT-0400 (Eastern Daylight Time)
15.0586,15.0578,15.0582,15.0582,15.059,15.059,15.059,15.0598,15.0614,15.0619,15.0619,15.0623,15.0623,15.0622,15.0625,15.062,15.0613,15.0614,15.0614,15.0617,15.0605,15.0603,15.0603,15.0594,15.0591,15.0591,15.0615,15.0623,15.0625,15.0625,15.0625,15.0638,15.0634,15.0631,15.0634,15.0659,15.065,15.0655,15.0647,15.0636,15.0633,15.0638,15.0626,15.0629,15.0636,15.0636,15.0626,15.0624,15.0622,15.0624,15.0628,15.0619,15.0613,15.0613,15.0615,15.061,15.061,15.061,15.0612,15.0613,
Wed Apr 15 2020 09:10:53 GMT-0400 (Eastern Daylight Time)
15.0613,15.0636,15.0628,15.0625,15.0629,15.0629,15.0634,15.0633,15.0637,15.0637,15.064,15.0643,15.0638,15.0638,15.0643,15.0638,15.0638,15.0646,15.0649,15.0645,15.0648,15.0648,15.0642,15.0647,15.0647,15.0647,15.065,15.0656,15.0653,15.0653,15.0643,15.0646,15.0646,15.0641,15.0641,15.0646,15.0641,15.0641,15.0659,15.0641,15.0654,15.0654,15.0646,15.0676,15.0674,15.0674,15.0665,15.0671,15.0698,15.0717,15.0717,15.0713,15.0715,15.0706,15.0706,15.0701,15.0711,15.0715,15.0715,15.0695,
Wed Apr 15 2020 09:11:53 GMT-0400 (Eastern Daylight Time)
15.0695,15.0692,15.067,15.068,15.068,15.068,15.0677,15.0675,15.0671,15.0667,15.0659,15.0667,15.067,15.0661,15.0661,15.0656,15.0646,15.0646,15.0654,15.065,15.065,15.0648,15.0649,15.0653,15.0662,15.0662,15.0663,15.0653,15.0651,15.0646,15.0646,15.0644,15.0631,15.0631,15.0631,15.0633,15.0635,15.0625,15.0619,15.0612,15.061,15.061,15.0614,15.0621,15.0621,15.0621,15.0621,15.0621,15.0621,15.0621,15.0621,15.062,15.0616,15.0616,15.0624,15.0624,15.0627,15.0631,15.0634,15.0633,
Wed Apr 15 2020 09:12:52 GMT-0400 (Eastern Daylight Time)
15.0629,15.0624,15.0623,15.062,15.062,15.0623,15.0623,15.0633,15.0633,15.063,15.0625,15.0618,15.0608,15.0599,15.0599,15.0602,15.0585,15.0585,15.0585,15.0589,15.0589,15.0585,15.0582,15.0585,15.0585,15.0581,15.0581,15.0578,15.0577,15.0573,15.0577,15.0584,15.0582,15.058,15.058,15.0569,15.0572,15.0568,15.0559,15.0557,15.0563,15.0563,15.0563,15.0565,15.0549,15.0542,15.0542,15.0555,15.0557,15.056,15.0565,15.0567,15.057,15.057,15.0575,15.0579,15.0584,15.0592,15.0595,15.0595,
Wed Apr 15 2020 09:13:52 GMT-0400 (Eastern Daylight Time)
15.0609,15.0602,15.0593,15.0596,15.0596,15.0593,15.0593,15.0595,15.0589,15.059,15.0593,15.0596,15.0596,15.0596,15.059,15.0586,15.0586,15.0613,15.0613,15.0606,15.0612,15.0598,15.0598,15.0592,15.0592,15.0564,15.0564,15.0564,15.0572,15.0562,15.0562,15.0554,15.0553,15.0573,15.0567,15.0567,15.0563,15.0567,15.0567,15.0573,15.0578,15.0583,15.0583,15.0585,15.0588,15.061,15.061,15.0605,15.0598,15.0598,15.0598,15.0598,15.0594,15.0606,15.0606,15.0612,15.0612,15.0612,15.0605,15.0601,
Wed Apr 15 2020 09:14:53 GMT-0400 (Eastern Daylight Time)
15.0599,15.0589,15.0585,15.057,15.0567,15.0572,15.0576,15.0576,15.0576,15.0575,15.0579,15.0579,15.0583,15.058,15.0578,15.0578,15.0576,15.0581,15.0578,15.058,15.0569,15.0584,15.0577,15.0567,15.0564,15.0568,15.0575,15.0575,15.0573,15.0578,15.0583,15.0585,15.0582,15.0587,15.058,15.0577,15.0597,15.0597,15.0597,15.0603,15.0603,15.0603,15.0599,15.0599,15.0618,15.0618,15.0618,15.0618,15.062,15.0617,15.0617,15.0606,15.0606,15.0606,15.0606,15.0613,15.0618,15.0612,15.0609,15.0601,
Wed Apr 15 2020 09:15:52 GMT-0400 (Eastern Daylight Time)
15.0609,15.0601,15.0604,15.0602,15.0602,15.0604,15.0604,15.0604,15.0596,15.0596,15.0596,15.0596,15.0595,15.0598,15.0592,15.0592,15.06,15.06,15.0603,15.0603,15.0598,15.0601,15.0625,15.0628,15.0614,15.0619,15.0619,15.0619,15.0612,15.0608,15.061,15.061,15.0606,15.0594,15.0597,15.0597,15.0612,15.0612,15.0612,15.0616,15.0619,15.0619,15.0621,15.0614,15.062,15.0622,15.0615,15.0612,15.0602,15.0593,15.0595,15.0595,15.0599,15.0595,15.0591,15.0594,15.0599,15.0599,15.0599,15.0599,
Wed Apr 15 2020 09:16:53 GMT-0400 (Eastern Daylight Time)
15.0606,15.0606,15.0593,15.0595,15.0595,15.0591,15.0607,15.0607,15.0605,15.0605,15.0605,15.0599,15.0602,15.0599,15.0597,15.0597,15.0603,15.0603,15.0597,15.059,15.0586,15.0591,15.0591,15.0593,15.059,15.059,15.0584,15.0584,15.0591,15.0597,15.0604,15.0601,15.0607,15.0611,15.0611,15.0611,15.0613,15.0613,15.0609,15.0609,15.0605,15.0615,15.0612,15.0608,15.061,15.0605,15.0605,15.0602,15.0588,15.0588,15.0585,15.0583,15.0583,15.0578,15.057,15.057,15.0582,15.0577,15.0577,15.0577,
Wed Apr 15 2020 09:17:52 GMT-0400 (Eastern Daylight Time)
15.0577,15.0578,15.0578,15.0581,15.0581,15.0581,15.0581,15.0586,15.0569,15.0572,15.0572,15.0572,15.0576,15.0569,15.0573,15.0573,15.0581,15.0584,15.0587,15.0587,15.0583,15.0579,15.0577,15.0573,15.0555,15.0559,15.0558,15.0558,15.0558,15.0545,15.0545,15.0545,15.0545,15.0542,15.0539,15.0539,15.0535,15.0539,15.0532,15.052,15.0513,15.051,15.0536,15.0539,15.0536,15.0531,15.0531,15.0531,15.0539,15.0548,15.0541,15.0543,15.0549,15.0551,15.055,15.055,15.0552,15.0556,15.0558,15.0564,
Wed Apr 15 2020 09:18:53 GMT-0400 (Eastern Daylight Time)
15.0565,15.0562,15.0566,15.056,15.0557,15.0563,15.0559,15.0559,15.0559,15.0561,15.0561,15.0561,15.0559,15.0563,15.0571,15.0571,15.0543,15.0543,15.0541,15.0545,15.0545,15.0545,15.0551,15.0551,15.0561,15.0571,15.0571,15.0565,15.0577,15.0574,15.057,15.0577,15.0582,15.0589,15.0589,15.0589,15.0597,15.0597,15.0603,15.06,15.0609,15.0604,15.0601,15.0588,15.0588,15.0591,15.0592,15.0592,15.0588,15.0594,15.0597,15.0589,15.0616,15.0619,15.0616,15.062,15.0624,15.0621,15.0624,15.0624,
Wed Apr 15 2020 09:19:53 GMT-0400 (Eastern Daylight Time)
15.0628,15.0623,15.0627,15.0632,15.0628,15.0631,15.0621,15.0613,15.0613,15.0609,15.0609,15.0601,15.0601,15.0601,15.0601,15.0607,15.0611,15.0613,15.0608,15.0605,15.0599,15.0597,15.0592,15.0594,15.0597,15.0603,15.0622,15.0629,15.0631,15.0624,15.0624,15.0621,15.0625,15.0623,15.0627,15.0629,15.0629,15.0626,15.0626,15.0626,15.0615,15.0611,15.0611,15.0611,15.0616,15.0612,15.0612,15.0607,15.0604,15.0604,15.0601,15.0603,15.0601,15.0605,15.0608,15.0611,15.0625,15.0625,15.0625,15.0611,
Wed Apr 15 2020 09:20:52 GMT-0400 (Eastern Daylight Time)
15.061,15.0603,15.0607,15.0605,15.0605,15.0602,15.0602,15.0599,15.0599,15.0592,15.0606,15.0584,15.0584,15.0577,15.0577,15.058,15.0584,15.0584,15.0584,15.0588,15.0585,15.0587,15.058,15.058,15.0577,15.0576,15.0571,15.0573,15.0573,15.0587,15.0575,15.0578,15.0582,15.0585,15.0585,15.0587,15.0584,15.0581,15.0577,15.0577,15.0581,15.0581,15.0581,15.0581,15.0584,15.0585,15.0582,15.0579,15.0582,15.0572,15.0569,15.058,15.0582,15.0579,15.0575,15.0575,15.0561,15.0561,15.0567,15.0567,
Wed Apr 15 2020 09:21:52 GMT-0400 (Eastern Daylight Time)
15.0574,15.0574,15.0564,15.0564,15.056,15.056,15.056,15.0558,15.0551,15.054,15.0546,15.0548,15.0557,15.0554,15.0554,15.0551,15.0551,15.0554,15.0582,15.0582,15.0582,15.0576,15.0578,15.0576,15.0576,15.0577,15.0583,15.0583,15.0583,15.0589,15.0589,15.0587,15.0587,15.0586,15.0586,15.0596,15.0599,15.0607,15.0607,15.0608,15.0606,15.0592,15.0584,15.0586,15.0586,15.0593,15.0604,15.0601,15.0594,15.0597,15.0597,15.0574,15.0574,15.0574,15.0572,15.0572,15.0566,15.057,15.0576,15.0564,
Wed Apr 15 2020 09:22:52 GMT-0400 (Eastern Daylight Time)
15.0561,15.0567,15.0553,15.057,15.057,15.0567,15.0569,15.0572,15.0584,15.0579,15.0598,15.0595,15.0595,15.0591,15.0591,15.0594,15.0594,15.0571,15.0571,15.0577,15.0577,15.0571,15.0577,15.0577,15.0573,15.0577,15.0577,15.0582,15.0584,15.0591,15.0594,15.0586,15.0589,15.0598,15.0598,15.0598,15.0598,15.0601,15.0601,15.0601,15.0591,15.0594,15.0594,15.0597,15.0611,15.0613,15.0613,15.0609,15.0612,15.0612,15.0619,15.0616,15.0613,15.0637,15.0633,15.0631,15.0637,15.0639,15.0642,15.0649,
Wed Apr 15 2020 09:23:52 GMT-0400 (Eastern Daylight Time)
15.0643,15.0639,15.0639,15.0636,15.0636,15.064,15.064,15.064,15.064,15.0644,15.065,15.065,15.0653,15.0653,15.0643,15.0649,15.0642,15.0626,15.0628,15.0628,15.0621,15.0626,15.0625,15.065,15.065,15.0656,15.066,15.0655,15.0655,15.0655,15.0655,15.0655,15.0659,15.0651,15.065,15.065,15.0653,15.0658,15.0658,15.0665,15.0665,15.0663,15.0664,15.0667,15.067,15.0674,15.0674,15.0686,15.0686,15.0691,15.0691,15.0691,15.0693,15.0688,15.0688,15.0677,15.0684,15.0687,15.0696,15.0696,
Wed Apr 15 2020 09:24:52 GMT-0400 (Eastern Daylight Time)
15.0701,15.071,15.071,15.071,15.0724,15.0719,15.0719,15.0719,15.0716,15.0703,15.0698,15.0693,15.0693,15.07,15.07,15.0697,15.0697,15.0699,15.0695,15.0693,15.0693,15.0701,15.0701,15.0696,15.0701,15.0705,15.071,15.0707,15.0702,15.0707,15.0693,15.0719,15.0716,15.0716,15.0716,15.0719,15.0719,15.0719,15.0722,15.0718,15.0713,15.0717,15.0728,15.0726,15.0729,15.0723,15.0725,15.072,15.0723,15.0734,15.0731,15.0728,15.0739,15.0746,15.0749,15.0741,15.0743,15.0743,15.0747,15.0742,
Wed Apr 15 2020 09:25:52 GMT-0400 (Eastern Daylight Time)
15.074,15.0729,15.0729,15.073,15.073,15.0727,15.0724,15.0724,15.0728,15.0728,15.0728,15.0728,15.0725,15.0721,15.0724,15.0727,15.0727,15.0729,15.0721,15.0724,15.0727,15.0718,15.0718,15.073,15.074,15.0734,15.0737,15.074,15.074,15.0739,15.075,15.0759,15.0753,15.075,15.0747,15.0733,15.0733,15.073,15.073,15.0736,15.0728,15.0731,15.0734,15.073,15.073,15.073,15.0719,15.073,15.0719,15.0718,15.0711,15.0715,15.0721,15.072,15.072,15.0723,15.0726,15.0724,15.0724,15.0719,
Wed Apr 15 2020 09:26:53 GMT-0400 (Eastern Daylight Time)
15.072,15.0724,15.0733,15.0735,15.0735,15.0725,15.0722,15.0722,15.0722,15.0721,15.0721,15.0724,15.073,15.0725,15.0728,15.0724,15.0724,15.0724,15.0725,15.0719,15.0719,15.0713,15.07,15.07,15.0698,15.0699,15.0697,15.0697,15.0699,15.0698,15.0694,15.0694,15.0702,15.0713,15.0711,15.0711,15.0704,15.0691,15.0689,15.0693,15.0699,15.0699,15.0696,15.0705,15.0705,15.0714,15.0717,15.0717,15.0717,15.072,15.0731,15.0734,15.0734,15.0737,15.0737,15.0741,15.0733,15.074,15.076,15.076,
Wed Apr 15 2020 09:27:52 GMT-0400 (Eastern Daylight Time)
15.0756,15.0756,15.0756,15.0754,15.0754,15.0754,15.0754,15.0747,15.0753,15.075,15.075,15.0757,15.0758,15.076,15.0756,15.0756,15.0756,15.0756,15.0731,15.0731,15.0733,15.0753,15.0749,15.0761,15.077,15.0776,15.0773,15.0768,15.0766,15.0755,15.0755,15.0758,15.076,15.0754,15.0754,15.0759,15.0755,15.0751,15.0754,15.0754,15.076,15.0748,15.0744,15.0747,15.0747,15.0746,15.0756,15.077,15.0776,15.0774,15.0774,15.0776,15.0766,15.0763,15.0766,15.0766,15.0766,15.0761,15.0758,15.0747,
Wed Apr 15 2020 09:28:52 GMT-0400 (Eastern Daylight Time)
15.0747,15.0741,15.0744,15.0744,15.0746,15.0751,15.075,15.0746,15.0746,15.0742,15.0739,15.0742,15.0746,15.0756,15.0752,15.0752,15.0766,15.0774,15.0777,15.0767,15.0761,15.0766,15.0768,15.0765,15.076,15.0757,15.0752,15.0752,15.0761,15.0758,15.0765,15.0765,15.0775,15.0775,15.077,15.077,15.0767,15.0764,15.0769,15.0769,15.0763,15.0766,15.0763,15.0765,15.0763,15.0767,15.0767,15.0767,15.077,15.0784,15.0789,15.0789,15.0782,15.0777,15.0775,15.0755,15.0755,15.0761,15.0764,15.0764,
