Wed Apr 22 2020 14:26:54 GMT-0400 (Eastern Daylight Time)
14.807,14.806,14.8063,14.8063,14.806,14.8058,14.8053,14.8056,14.807,14.8071,14.8071,14.8074,14.8076,14.8074,14.8071,14.8074,14.8057,14.8062,14.8062,14.8059,14.8067,14.8064,14.8067,14.8079,14.8071,14.8071,14.8075,14.806,14.8057,14.8056,14.8061,14.8057,14.8042,14.8042,14.8056,14.8054,14.8061,14.8061,14.8061,14.8065,14.8058,14.8059,14.8062,14.8069,14.8066,14.8066,14.8062,14.8062,14.8069,14.8046,14.8032,14.8032,14.8028,14.8015,14.8013,14.8018,14.8006,14.8003,14.8003,14.8003,
Wed Apr 22 2020 14:27:53 GMT-0400 (Eastern Daylight Time)
14.8007,14.8005,14.8008,14.8008,14.8008,14.8008,14.8008,14.802,14.8024,14.8026,14.8033,14.8033,14.8033,14.8033,14.8033,14.8033,14.8036,14.8044,14.8041,14.8049,14.8046,14.8062,14.8064,14.8064,14.8062,14.8077,14.8091,14.8092,14.8092,14.8096,14.8099,14.8099,14.8099,14.8098,14.8105,14.8102,14.8105,14.8101,14.8101,14.8096,14.8091,14.8088,14.8092,14.808,14.8071,14.8077,14.8074,14.8074,14.8071,14.808,14.8087,14.8084,14.8081,14.8075,14.8075,14.8081,14.8078,14.8071,14.8071,14.8071,
Wed Apr 22 2020 14:28:54 GMT-0400 (Eastern Daylight Time)
14.8087,14.809,14.8084,14.8084,14.808,14.809,14.8087,14.8087,14.809,14.8099,14.8096,14.8091,14.8091,14.8102,14.8105,14.8113,14.8101,14.8102,14.8103,14.8103,14.81,14.8101,14.8101,14.8117,14.8114,14.8106,14.8106,14.8103,14.8088,14.8078,14.8078,14.8078,14.8098,14.8097,14.8093,14.8093,14.809,14.8087,14.8087,14.8087,14.8086,14.8095,14.809,14.809,14.809,14.809,14.8088,14.8088,14.8096,14.8065,14.8055,14.8063,14.8059,14.8066,14.8063,14.8069,14.8044,14.8048,14.8048,14.8045,
Wed Apr 22 2020 14:29:54 GMT-0400 (Eastern Daylight Time)
14.8046,14.8046,14.8046,14.8045,14.8045,14.8055,14.8053,14.805,14.805,14.8045,14.8053,14.8053,14.8051,14.8041,14.8041,14.8043,14.804,14.8027,14.8024,14.8027,14.8033,14.8032,14.8029,14.8029,14.8035,14.8049,14.8062,14.8066,14.8071,14.8067,14.8073,14.8076,14.8079,14.8071,14.8073,14.8073,14.8078,14.8076,14.808,14.8084,14.8087,14.8089,14.8083,14.8089,14.8091,14.809,14.8093,14.8096,14.808,14.8085,14.8088,14.8092,14.8089,14.8094,14.8094,14.8085,14.8085,14.8099,14.8097,14.8097,
Wed Apr 22 2020 14:30:53 GMT-0400 (Eastern Daylight Time)
14.8076,14.8075,14.8075,14.8075,14.8075,14.8069,14.8074,14.8073,14.8065,14.8065,14.8065,14.8065,14.8069,14.8066,14.8066,14.8069,14.8066,14.8066,14.8072,14.8069,14.8066,14.8068,14.8071,14.8042,14.8042,14.8044,14.8047,14.8041,14.8044,14.8044,14.8044,14.8048,14.8048,14.804,14.8047,14.8047,14.8043,14.8041,14.8041,14.8046,14.8046,14.8037,14.8037,14.8042,14.8047,14.8046,14.8049,14.8059,14.8059,14.8055,14.8051,14.8048,14.805,14.8047,14.8031,14.8027,14.803,14.8026,14.802,14.8015,
Wed Apr 22 2020 14:31:53 GMT-0400 (Eastern Daylight Time)
14.8016,14.802,14.8016,14.8016,14.8013,14.8006,14.8006,14.8009,14.8006,14.8011,14.8004,14.8002,14.7996,14.8007,14.7991,14.7993,14.7998,14.7994,14.7999,14.7992,14.7986,14.798,14.798,14.7982,14.7985,14.7991,14.7988,14.7996,14.7996,14.7998,14.7996,14.8001,14.8001,14.8003,14.8006,14.7995,14.7995,14.7993,14.7993,14.7999,14.8005,14.8033,14.8036,14.8036,14.8036,14.8043,14.8043,14.8034,14.8034,14.8029,14.8031,14.8036,14.8032,14.8032,14.801,14.8008,14.8019,14.8026,14.8017,14.8021,
Wed Apr 22 2020 14:32:54 GMT-0400 (Eastern Daylight Time)
14.8021,14.8021,14.801,14.8006,14.7998,14.7998,14.7998,14.7996,14.7999,14.7991,14.7991,14.7995,14.7995,14.8,14.8009,14.8009,14.8009,14.8012,14.8012,14.8004,14.801,14.8018,14.8018,14.8015,14.8011,14.8009,14.8006,14.8003,14.8007,14.8011,14.8008,14.8012,14.8012,14.802,14.8027,14.8043,14.804,14.8033,14.8036,14.8039,14.8042,14.8042,14.8038,14.8046,14.8042,14.8064,14.806,14.8067,14.8069,14.8066,14.8063,14.806,14.8065,14.8074,14.8072,14.8067,14.8062,14.8066,14.8069,14.807,
Wed Apr 22 2020 14:33:53 GMT-0400 (Eastern Daylight Time)
14.807,14.8059,14.8059,14.8059,14.8059,14.8056,14.8056,14.806,14.806,14.806,14.8063,14.8075,14.8076,14.808,14.809,14.8092,14.8086,14.8095,14.8093,14.8095,14.8095,14.8099,14.8096,14.8096,14.8089,14.8101,14.8097,14.8098,14.8098,14.8096,14.8101,14.8101,14.8105,14.8092,14.8092,14.8088,14.8086,14.8076,14.8078,14.8078,14.8081,14.8081,14.8085,14.8093,14.8093,14.8092,14.808,14.808,14.808,14.808,14.8073,14.8071,14.8071,14.8068,14.8066,14.8066,14.8063,14.8059,14.806,14.806,
Wed Apr 22 2020 14:34:54 GMT-0400 (Eastern Daylight Time)
14.8044,14.8052,14.8052,14.8046,14.8043,14.8057,14.8055,14.807,14.8067,14.8055,14.8049,14.8031,14.8023,14.8019,14.8016,14.8011,14.8012,14.8024,14.8022,14.802,14.802,14.8008,14.8011,14.8015,14.8015,14.8013,14.8004,14.8,14.8,14.7998,14.8001,14.8011,14.8011,14.8008,14.8001,14.8004,14.8004,14.8008,14.8005,14.8005,14.8008,14.8008,14.8013,14.8013,14.8016,14.8016,14.803,14.8032,14.8028,14.8037,14.8029,14.803,14.803,14.803,14.8054,14.8051,14.8051,14.8045,14.8039,14.8042,
Wed Apr 22 2020 14:35:54 GMT-0400 (Eastern Daylight Time)
14.8037,14.8041,14.8037,14.8037,14.8033,14.803,14.8028,14.803,14.8027,14.8025,14.8025,14.8031,14.8031,14.8029,14.8023,14.803,14.8034,14.8038,14.8031,14.8029,14.8029,14.8041,14.8051,14.8051,14.8051,14.8063,14.8063,14.8063,14.8046,14.8051,14.8047,14.8056,14.8058,14.8056,14.8056,14.8053,14.8053,14.805,14.8054,14.8066,14.8071,14.8076,14.8076,14.8072,14.8081,14.8084,14.8089,14.8084,14.8084,14.8079,14.8082,14.8085,14.8081,14.8081,14.8081,14.807,14.8064,14.8061,14.8058,14.8052,
Wed Apr 22 2020 14:36:54 GMT-0400 (Eastern Daylight Time)
14.8052,14.8052,14.8052,14.8052,14.8052,14.8053,14.8064,14.8064,14.8059,14.8064,14.8067,14.8067,14.8067,14.8074,14.8078,14.8089,14.8089,14.8086,14.8082,14.8102,14.8113,14.811,14.8117,14.812,14.8124,14.8133,14.812,14.812,14.8124,14.8127,14.8121,14.8118,14.8118,14.8117,14.8117,14.8104,14.8105,14.8109,14.8109,14.8112,14.8115,14.811,14.8113,14.8113,14.8111,14.8108,14.8108,14.8108,14.8108,14.8108,14.8108,14.8105,14.8103,14.8101,14.8098,14.8096,14.8096,14.8104,14.8101,14.8097,
Wed Apr 22 2020 14:37:53 GMT-0400 (Eastern Daylight Time)
14.8093,14.809,14.8093,14.8099,14.8099,14.8094,14.8089,14.8087,14.8087,14.8089,14.8083,14.8088,14.8113,14.8102,14.8105,14.8099,14.8095,14.8096,14.8096,14.8096,14.8096,14.8098,14.8105,14.8101,14.8103,14.8107,14.8096,14.8075,14.8075,14.8078,14.8078,14.8078,14.8085,14.8087,14.8083,14.8076,14.808,14.808,14.8075,14.8078,14.8084,14.8087,14.8085,14.806,14.8062,14.8049,14.8043,14.8046,14.8051,14.8043,14.8043,14.8048,14.8048,14.8054,14.8059,14.8059,14.8059,14.8057,14.8066,14.8062,
Wed Apr 22 2020 14:38:54 GMT-0400 (Eastern Daylight Time)
14.8056,14.8056,14.8059,14.805,14.8045,14.8043,14.8043,14.8038,14.8038,14.8037,14.8037,14.8042,14.804,14.8046,14.8046,14.8046,14.8042,14.8036,14.8036,14.8029,14.8029,14.8035,14.8034,14.8038,14.8022,14.8025,14.8035,14.8032,14.8037,14.8037,14.8037,14.8046,14.8063,14.8069,14.8067,14.806,14.806,14.8067,14.8064,14.807,14.8074,14.8078,14.8084,14.8084,14.809,14.8094,14.8102,14.8105,14.811,14.8109,14.8106,14.8093,14.8093,14.8091,14.8093,14.8093,14.8086,14.8092,14.8095,14.809,
Wed Apr 22 2020 14:39:54 GMT-0400 (Eastern Daylight Time)
14.8079,14.8065,14.8065,14.8065,14.8065,14.8065,14.8034,14.8031,14.8031,14.8028,14.8016,14.8012,14.8015,14.8018,14.802,14.8024,14.8003,14.8,14.7997,14.7988,14.7985,14.7983,14.7969,14.796,14.7966,14.7963,14.7963,14.7961,14.7958,14.7962,14.7962,14.796,14.7956,14.7957,14.796,14.796,14.795,14.7939,14.7943,14.7939,14.7936,14.7927,14.7924,14.7918,14.7918,14.7906,14.7909,14.7904,14.7906,14.7912,14.7909,14.7902,14.7905,14.7916,14.7917,14.7913,14.7905,14.7905,14.791,14.7917,
Wed Apr 22 2020 14:40:54 GMT-0400 (Eastern Daylight Time)
14.7921,14.793,14.793,14.793,14.793,14.792,14.7913,14.7917,14.7924,14.7925,14.7927,14.7927,14.7927,14.7927,14.7934,14.7931,14.7929,14.792,14.7918,14.7918,14.7946,14.7946,14.7943,14.7945,14.7945,14.7945,14.7945,14.7943,14.7941,14.7941,14.7933,14.7936,14.7933,14.7936,14.7939,14.7939,14.7939,14.7941,14.7954,14.7954,14.7956,14.7956,14.7956,14.7952,14.7957,14.7963,14.7956,14.7954,14.7951,14.7951,14.7965,14.7965,14.7965,14.7971,14.7966,14.797,14.797,14.7964,14.7976,14.7981,
Wed Apr 22 2020 14:41:54 GMT-0400 (Eastern Daylight Time)
14.7985,14.7982,14.7982,14.7981,14.7981,14.7979,14.7974,14.7982,14.7975,14.7978,14.7968,14.7963,14.797,14.7973,14.7981,14.7984,14.7957,14.7957,14.7957,14.7954,14.7958,14.7958,14.7957,14.7957,14.7956,14.7958,14.7954,14.7951,14.7948,14.7952,14.7955,14.7955,14.7955,14.7957,14.7957,14.796,14.7963,14.7967,14.7961,14.7964,14.7959,14.7976,14.7958,14.7953,14.7948,14.7948,14.7942,14.7942,14.7937,14.7932,14.7928,14.7928,14.7928,14.7928,14.793,14.793,14.793,14.793,14.7923,14.7926,
Wed Apr 22 2020 14:42:53 GMT-0400 (Eastern Daylight Time)
14.7926,14.7926,14.7926,14.7923,14.7923,14.7918,14.7921,14.7921,14.7921,14.793,14.793,14.793,14.793,14.793,14.7926,14.7926,14.7938,14.7942,14.7945,14.7942,14.7942,14.7942,14.7935,14.7943,14.7943,14.7944,14.7947,14.7945,14.7938,14.7935,14.7936,14.7936,14.7939,14.7926,14.794,14.794,14.7936,14.7938,14.7926,14.7921,14.7918,14.7927,14.7933,14.793,14.7926,14.793,14.7926,14.7935,14.7935,14.7935,14.793,14.7933,14.7938,14.7939,14.7939,14.7936,14.7928,14.7927,14.7911,14.7904,
Wed Apr 22 2020 14:43:54 GMT-0400 (Eastern Daylight Time)
14.7903,14.7906,14.7909,14.7909,14.7918,14.7921,14.7927,14.793,14.7925,14.792,14.7918,14.7918,14.7921,14.7911,14.7903,14.7907,14.7895,14.7895,14.7899,14.7897,14.7899,14.7886,14.7882,14.7884,14.7887,14.7894,14.789,14.7887,14.7866,14.7866,14.7872,14.7872,14.7872,14.7875,14.787,14.7873,14.7868,14.7866,14.7866,14.7869,14.7873,14.7884,14.7881,14.7881,14.7877,14.7875,14.788,14.7883,14.7883,14.7879,14.7884,14.7886,14.7882,14.7878,14.79,14.7903,14.7895,14.7893,14.7893,14.7893,
Wed Apr 22 2020 14:44:54 GMT-0400 (Eastern Daylight Time)
14.7885,14.7893,14.7903,14.7906,14.7922,14.7922,14.7916,14.7892,14.7892,14.7896,14.7896,14.7894,14.7898,14.79,14.7918,14.7922,14.7922,14.7919,14.7922,14.7925,14.7945,14.7945,14.794,14.7936,14.7933,14.7931,14.7917,14.7914,14.7926,14.7938,14.7926,14.7929,14.7933,14.793,14.7937,14.7932,14.7932,14.7932,14.7949,14.7954,14.7954,14.796,14.7958,14.7958,14.7964,14.7964,14.7981,14.799,14.799,14.7981,14.7967,14.7958,14.7954,14.7956,14.7965,14.7965,14.7969,14.7971,14.7971,14.7965,
Wed Apr 22 2020 14:45:54 GMT-0400 (Eastern Daylight Time)
14.7969,14.7966,14.7964,14.7964,14.7927,14.7927,14.7927,14.7928,14.7928,14.7938,14.7925,14.7925,14.7931,14.7927,14.7931,14.7925,14.7925,14.792,14.7923,14.792,14.7942,14.794,14.7943,14.7949,14.7961,14.7956,14.7948,14.7944,14.7936,14.7936,14.7923,14.7926,14.7931,14.7931,14.7923,14.7918,14.7918,14.7918,14.7918,14.7911,14.7911,14.7909,14.7913,14.7916,14.792,14.7917,14.7918,14.7909,14.7908,14.7908,14.793,14.793,14.7931,14.7929,14.7933,14.793,14.7923,14.7923,14.7932,14.7931,
Wed Apr 22 2020 14:46:54 GMT-0400 (Eastern Daylight Time)
14.7926,14.7931,14.7934,14.7934,14.7915,14.7915,14.7933,14.7933,14.793,14.7924,14.793,14.7934,14.7931,14.7934,14.7941,14.7948,14.7948,14.7953,14.7944,14.7944,14.795,14.7947,14.7954,14.7952,14.7956,14.7947,14.7932,14.7939,14.7937,14.794,14.7958,14.7963,14.7966,14.7969,14.7974,14.7972,14.7971,14.7967,14.7954,14.7941,14.7937,14.7937,14.7936,14.7942,14.794,14.794,14.7938,14.7934,14.793,14.7933,14.793,14.793,14.7933,14.7942,14.7935,14.7945,14.7938,14.7938,14.7932,14.7937,
Wed Apr 22 2020 14:47:54 GMT-0400 (Eastern Daylight Time)
14.7937,14.7939,14.7933,14.7929,14.7932,14.7935,14.7942,14.7942,14.7944,14.794,14.7946,14.7951,14.7954,14.7954,14.7957,14.7957,14.7961,14.7973,14.7978,14.798,14.798,14.7973,14.7978,14.7978,14.7982,14.7982,14.7975,14.7977,14.7973,14.797,14.7973,14.7968,14.7971,14.7977,14.7964,14.7967,14.7956,14.7956,14.7953,14.7956,14.7964,14.7959,14.7948,14.7952,14.796,14.7966,14.7967,14.7964,14.7951,14.7959,14.7952,14.7948,14.7945,14.7941,14.7941,14.7935,14.7935,14.7946,14.7944,14.7948,
Wed Apr 22 2020 14:48:53 GMT-0400 (Eastern Daylight Time)
14.7954,14.7954,14.7963,14.7962,14.7962,14.7962,14.7962,14.7952,14.7952,14.7957,14.7955,14.7955,14.7955,14.7957,14.7954,14.7958,14.7956,14.7956,14.7971,14.7974,14.7974,14.7976,14.7976,14.7979,14.7979,14.7984,14.7969,14.7969,14.7973,14.7981,14.7993,14.796,14.7958,14.7951,14.7957,14.7955,14.7964,14.7954,14.7954,14.7951,14.7948,14.7951,14.7948,14.7945,14.7948,14.7948,14.7924,14.7926,14.7928,14.7928,14.7925,14.7925,14.7916,14.7916,14.7909,14.7909,14.7905,14.7913,14.7909,14.7938,
Wed Apr 22 2020 14:49:54 GMT-0400 (Eastern Daylight Time)
14.7932,14.7925,14.7928,14.7928,14.7934,14.7934,14.7926,14.7927,14.7931,14.7931,14.7935,14.7935,14.7927,14.7924,14.7933,14.7931,14.7919,14.7919,14.7914,14.7912,14.7912,14.7934,14.7941,14.7944,14.7936,14.7936,14.7929,14.7929,14.7933,14.793,14.7924,14.7924,14.7918,14.7915,14.7907,14.7907,14.7902,14.7902,14.7902,14.7903,14.7903,14.7906,14.7904,14.791,14.7898,14.7902,14.7909,14.7906,14.7925,14.7925,14.7925,14.7917,14.7922,14.7919,14.7919,14.7917,14.791,14.791,14.7913,14.7916,
Wed Apr 22 2020 14:50:54 GMT-0400 (Eastern Daylight Time)
14.7913,14.7909,14.7907,14.7894,14.7894,14.7894,14.7894,14.7894,14.7894,14.7893,14.7888,14.788,14.7874,14.7872,14.7872,14.7872,14.7875,14.7868,14.7887,14.7887,14.7884,14.7884,14.7872,14.7869,14.7865,14.7865,14.786,14.7862,14.7862,14.7862,14.7862,14.7858,14.7858,14.7855,14.7863,14.786,14.7872,14.7875,14.7876,14.7884,14.7891,14.7891,14.7891,14.7891,14.7897,14.7897,14.7905,14.7905,14.7905,14.7905,14.7905,14.7905,14.7905,14.7913,14.7918,14.7918,14.7918,14.7915,14.7918,14.7921,
Wed Apr 22 2020 14:51:54 GMT-0400 (Eastern Daylight Time)
14.7921,14.7917,14.7917,14.7917,14.7917,14.7917,14.7917,14.7907,14.7907,14.7907,14.7907,14.7912,14.7903,14.7897,14.7882,14.7882,14.7882,14.7882,14.7882,14.7882,14.7882,14.7889,14.7889,14.7889,14.7897,14.7889,14.7886,14.7889,14.7918,14.7911,14.7913,14.7923,14.792,14.7917,14.7915,14.7913,14.7905,14.7911,14.7917,14.7917,14.7919,14.792,14.7888,14.7888,14.7886,14.7886,14.7889,14.7884,14.7903,14.7901,14.7898,14.7908,14.7889,14.7885,14.7882,14.7893,14.7893,14.789,14.7909,14.7897,
Wed Apr 22 2020 14:52:54 GMT-0400 (Eastern Daylight Time)
14.79,14.7908,14.7908,14.7913,14.7919,14.7923,14.7913,14.7913,14.7919,14.792,14.7923,14.7912,14.7912,14.7915,14.7909,14.7912,14.79,14.7903,14.7906,14.7906,14.792,14.7915,14.7915,14.7914,14.7917,14.792,14.7933,14.7935,14.7932,14.7933,14.7938,14.793,14.7935,14.7935,14.7936,14.7932,14.7932,14.7938,14.7933,14.793,14.793,14.7924,14.791,14.7914,14.7918,14.7918,14.7918,14.7916,14.7916,14.7928,14.7923,14.7926,14.7929,14.7929,14.7935,14.7935,14.7938,14.7941,14.7941,14.7941,
Wed Apr 22 2020 14:53:54 GMT-0400 (Eastern Daylight Time)
14.794,14.7932,14.7932,14.794,14.7937,14.7945,14.7935,14.7937,14.7937,14.7934,14.7932,14.7932,14.7932,14.7935,14.7935,14.7925,14.792,14.7917,14.7919,14.7923,14.7923,14.7917,14.791,14.7904,14.7904,14.7895,14.7909,14.7913,14.7913,14.791,14.7911,14.7909,14.7916,14.792,14.7926,14.7916,14.7916,14.7914,14.7911,14.7904,14.7904,14.7904,14.7904,14.7904,14.7904,14.7904,14.7904,14.7904,14.7904,14.7904,14.7904,14.7904,14.7904,14.7904,14.7904,14.7906,14.7904,14.7904,14.791,14.7917,
