Sat Apr 18 2020 10:11:58 GMT-0400 (Eastern Daylight Time)
14.9739,14.9739,14.9731,14.9737,14.9723,14.972,14.9717,14.9718,14.9718,14.9718,14.9722,14.9725,14.9727,14.9731,14.9756,14.9742,14.9737,14.9744,14.9719,14.9724,14.973,14.9726,14.9702,14.9704,14.9694,14.969,14.9693,14.9689,14.9693,14.9693,14.9692,14.9692,14.9675,14.9675,14.967,14.9666,14.9672,14.9668,14.9659,14.9654,14.966,14.9662,14.9661,14.9661,14.9661,14.965,14.9661,14.9649,14.9647,14.9637,14.9638,14.9633,14.9637,14.9633,14.963,14.9624,14.9624,14.963,14.9637,14.9643,
Sat Apr 18 2020 10:12:58 GMT-0400 (Eastern Daylight Time)
14.9656,14.9669,14.9669,14.9672,14.967,14.9663,14.9663,14.9666,14.9666,14.967,14.9669,14.9665,14.9678,14.9678,14.9698,14.9699,14.9692,14.9686,14.9691,14.9688,14.9685,14.9685,14.9685,14.969,14.969,14.969,14.9694,14.9699,14.9699,14.9703,14.9709,14.9714,14.972,14.9726,14.9731,14.9727,14.9729,14.9729,14.9727,14.9721,14.9721,14.9716,14.9706,14.9713,14.971,14.971,14.9708,14.9721,14.9724,14.9728,14.9726,14.9726,14.9729,14.9733,14.9728,14.9728,14.9728,14.9728,14.9737,14.974,
Sat Apr 18 2020 10:13:58 GMT-0400 (Eastern Daylight Time)
14.9741,14.9741,14.975,14.9733,14.9735,14.9732,14.9729,14.9729,14.9722,14.9722,14.9725,14.9725,14.9725,14.9735,14.9733,14.9737,14.9737,14.9733,14.9725,14.9728,14.9728,14.9727,14.9735,14.9728,14.9733,14.9728,14.9731,14.9723,14.9723,14.9723,14.9718,14.9715,14.9721,14.9728,14.973,14.9727,14.9727,14.973,14.9725,14.973,14.9737,14.9738,14.9737,14.9747,14.9744,14.9741,14.9737,14.9732,14.9739,14.9752,14.9756,14.9759,14.9762,14.9762,14.9791,14.9791,14.9796,14.9802,14.9815,14.9837,
Sat Apr 18 2020 10:14:58 GMT-0400 (Eastern Daylight Time)
14.9843,14.9843,14.9854,14.9882,14.9883,14.9887,14.9883,14.9883,14.9887,14.9889,14.989,14.989,14.9903,14.991,14.9917,14.9919,14.9896,14.9896,14.9893,14.9889,14.9896,14.9899,14.9902,14.9902,14.9897,14.99,14.9902,14.9905,14.9905,14.9902,14.9901,14.9904,14.9904,14.99,14.9896,14.9894,14.99,14.9912,14.9904,14.9928,14.9929,14.9935,14.9948,14.9948,14.9953,14.9938,14.9939,14.9931,14.9928,14.9936,14.9924,14.9917,14.992,14.992,14.9918,14.9921,14.9921,14.9918,14.9929,14.9932,
Sat Apr 18 2020 10:15:58 GMT-0400 (Eastern Daylight Time)
14.9926,14.9926,14.9936,14.9924,14.9923,14.992,14.9926,14.9916,14.9913,14.9922,14.9926,14.9926,14.9923,14.9923,14.9917,14.993,14.9927,14.9927,14.9939,14.994,14.995,14.995,14.995,14.9969,14.9969,14.9966,14.9966,14.9961,14.9965,14.9955,14.9947,14.9945,14.9938,14.9943,14.995,14.9945,14.9945,14.9945,14.9942,14.9907,14.991,14.9907,14.9907,14.9912,14.991,14.9907,14.9899,14.9894,14.9886,14.9904,14.9898,14.9901,14.9892,14.9892,14.9892,14.9904,14.9888,14.9891,14.9891,14.9894,
Sat Apr 18 2020 10:16:58 GMT-0400 (Eastern Daylight Time)
14.9884,14.9879,14.9876,14.9884,14.9886,14.9889,14.9889,14.9889,14.9887,14.9891,14.9898,14.9894,14.9881,14.9884,14.9887,14.9879,14.9884,14.9886,14.9897,14.9892,14.9885,14.9887,14.9891,14.9891,14.9893,14.9893,14.9898,14.9898,14.9901,14.9901,14.9901,14.9905,14.9901,14.9904,14.9896,14.9898,14.9902,14.9898,14.9898,14.9885,14.9889,14.9886,14.9869,14.9873,14.9875,14.9875,14.9871,14.9863,14.9863,14.9863,14.9858,14.9858,14.9858,14.9869,14.9869,14.9873,14.9877,14.9877,14.9879,14.9888,
Sat Apr 18 2020 10:17:58 GMT-0400 (Eastern Daylight Time)
14.9888,14.9888,14.9887,14.9894,14.9896,14.9893,14.9893,14.989,14.99,14.9904,14.9914,14.9927,14.993,14.9933,14.9926,14.9948,14.9944,14.9941,14.9941,14.9967,14.9967,14.9977,14.9966,14.9966,14.9966,14.9969,14.9969,14.9971,14.9974,14.9975,14.9978,14.9992,14.9987,14.9987,14.9975,14.9981,14.9976,14.9978,14.9978,14.9981,14.9981,14.9981,14.9974,14.9972,14.9941,14.9941,14.9938,14.9941,14.9944,14.9951,14.9945,14.9945,14.9934,14.9934,14.9937,14.9937,14.9941,14.9943,14.9943,14.9945,
Sat Apr 18 2020 10:18:58 GMT-0400 (Eastern Daylight Time)
14.9945,14.9941,14.9941,14.9936,14.9932,14.9932,14.9932,14.993,14.9926,14.9915,14.991,14.9912,14.9909,14.9906,14.99,14.99,14.99,14.99,14.9897,14.9886,14.9884,14.9884,14.9857,14.9854,14.9856,14.9858,14.9855,14.9849,14.9852,14.9849,14.9842,14.9842,14.9837,14.9837,14.9837,14.9834,14.9834,14.9836,14.9834,14.9837,14.9837,14.9834,14.9826,14.9821,14.9826,14.9823,14.9823,14.9839,14.9842,14.9846,14.9849,14.9856,14.9853,14.9845,14.9845,14.9848,14.9843,14.9821,14.9827,14.9827,
Sat Apr 18 2020 10:19:58 GMT-0400 (Eastern Daylight Time)
14.9819,14.9814,14.9816,14.9816,14.9813,14.981,14.9804,14.9785,14.9787,14.9784,14.9784,14.9762,14.9733,14.9732,14.9735,14.9742,14.9742,14.9745,14.9745,14.9749,14.9752,14.9756,14.9759,14.9766,14.9769,14.9775,14.9775,14.9775,14.978,14.9783,14.9786,14.9782,14.9787,14.9796,14.9793,14.9791,14.9793,14.98,14.98,14.9798,14.9798,14.9791,14.9806,14.981,14.9806,14.9787,14.9789,14.9782,14.9779,14.9777,14.979,14.9799,14.9799,14.9799,14.9802,14.9802,14.9802,14.9798,14.9798,14.9792,
Sat Apr 18 2020 10:20:58 GMT-0400 (Eastern Daylight Time)
14.9785,14.9781,14.9784,14.9781,14.9781,14.9784,14.9784,14.9778,14.9773,14.9756,14.9756,14.9753,14.9755,14.9756,14.9758,14.9755,14.9762,14.9763,14.9763,14.9778,14.9761,14.9757,14.9761,14.9767,14.9767,14.9767,14.9763,14.9765,14.9769,14.9766,14.9771,14.9771,14.9765,14.9765,14.9767,14.9767,14.977,14.9767,14.9767,14.9771,14.9754,14.9754,14.9765,14.9757,14.9757,14.9757,14.9764,14.9766,14.9772,14.9771,14.9769,14.9767,14.9776,14.978,14.9775,14.9781,14.978,14.978,14.978,14.9775,
Sat Apr 18 2020 10:21:58 GMT-0400 (Eastern Daylight Time)
14.9775,14.9775,14.9779,14.9778,14.9781,14.9781,14.9781,14.9771,14.9768,14.9768,14.9768,14.9766,14.9769,14.9769,14.9766,14.9761,14.9761,14.977,14.977,14.9766,14.9772,14.9772,14.9784,14.9784,14.9784,14.9784,14.9777,14.9775,14.9784,14.9784,14.979,14.9793,14.9807,14.9801,14.9801,14.9791,14.9797,14.9791,14.9791,14.9798,14.9798,14.9791,14.9789,14.9788,14.9793,14.9793,14.9793,14.9794,14.9797,14.9775,14.9778,14.9778,14.9787,14.9788,14.9788,14.9785,14.9788,14.9788,14.9785,14.9785,
Sat Apr 18 2020 10:22:58 GMT-0400 (Eastern Daylight Time)
14.9779,14.9779,14.9779,14.9785,14.9788,14.9791,14.9792,14.9797,14.9802,14.9807,14.9816,14.9811,14.9808,14.9804,14.9802,14.9808,14.9808,14.9803,14.9803,14.9806,14.9798,14.9811,14.9815,14.9812,14.9808,14.9814,14.9814,14.9812,14.9815,14.9815,14.9815,14.9815,14.9807,14.9805,14.9805,14.9801,14.9811,14.9811,14.9809,14.9816,14.9817,14.9835,14.9835,14.9828,14.9812,14.9812,14.981,14.9807,14.9801,14.9805,14.9805,14.9797,14.981,14.9813,14.9816,14.9822,14.9826,14.9824,14.9825,14.9819,
Sat Apr 18 2020 10:23:58 GMT-0400 (Eastern Daylight Time)
14.9816,14.9838,14.9841,14.9817,14.9825,14.9825,14.9842,14.9844,14.9844,14.9847,14.9851,14.9845,14.9846,14.9843,14.9838,14.9838,14.9829,14.9826,14.9829,14.9836,14.984,14.9843,14.9836,14.9836,14.9844,14.9827,14.9831,14.9831,14.9837,14.9839,14.984,14.9837,14.9837,14.9835,14.983,14.9827,14.9827,14.9827,14.9836,14.9832,14.9845,14.9841,14.9837,14.9835,14.9835,14.9839,14.9835,14.9841,14.9861,14.9867,14.9876,14.9881,14.988,14.9882,14.9882,14.9872,14.9875,14.9875,14.9879,14.9874,
Sat Apr 18 2020 10:24:58 GMT-0400 (Eastern Daylight Time)
14.9866,14.9861,14.9857,14.986,14.9855,14.9859,14.9856,14.9853,14.9858,14.9872,14.9866,14.9866,14.988,14.988,14.9885,14.9885,14.988,14.9885,14.9891,14.9894,14.9885,14.989,14.9896,14.9896,14.9898,14.99,14.99,14.9895,14.9888,14.9904,14.9904,14.9904,14.9907,14.9886,14.9886,14.9882,14.9881,14.9883,14.9897,14.9892,14.989,14.9861,14.9864,14.9866,14.9866,14.9869,14.9869,14.9869,14.989,14.9882,14.9882,14.9879,14.9899,14.9904,14.9904,14.9901,14.9904,14.9904,14.99,14.9894,
Sat Apr 18 2020 10:25:58 GMT-0400 (Eastern Daylight Time)
14.9921,14.9923,14.9928,14.9925,14.9922,14.9918,14.992,14.9909,14.9916,14.992,14.9927,14.9927,14.9924,14.9921,14.9921,14.9918,14.9922,14.993,14.9928,14.992,14.9923,14.9921,14.9914,14.9918,14.9917,14.9917,14.992,14.9923,14.9929,14.9917,14.992,14.9924,14.992,14.9916,14.9918,14.9918,14.9905,14.9909,14.9905,14.9905,14.9892,14.9884,14.9882,14.987,14.9881,14.9877,14.9877,14.988,14.9884,14.9895,14.9895,14.9891,14.9889,14.9898,14.9895,14.9883,14.9876,14.9882,14.9884,14.9885,
Sat Apr 18 2020 10:26:58 GMT-0400 (Eastern Daylight Time)
14.9888,14.9877,14.9877,14.9875,14.9872,14.9877,14.9873,14.9876,14.9882,14.9886,14.9888,14.9884,14.9894,14.9894,14.9897,14.9897,14.9895,14.9891,14.9906,14.9906,14.9909,14.9907,14.9907,14.9913,14.9917,14.991,14.9913,14.9913,14.9913,14.9916,14.9916,14.9916,14.992,14.9916,14.9911,14.9918,14.9912,14.9908,14.9902,14.9897,14.9893,14.989,14.9887,14.9887,14.9896,14.9902,14.9907,14.9907,14.9881,14.9881,14.9878,14.9876,14.9873,14.9865,14.9868,14.9868,14.9874,14.9864,14.9867,14.987,
Sat Apr 18 2020 10:27:58 GMT-0400 (Eastern Daylight Time)
14.987,14.9881,14.9881,14.9883,14.988,14.988,14.9886,14.9892,14.9873,14.9876,14.9885,14.9885,14.9891,14.9896,14.9898,14.9898,14.9886,14.9888,14.9895,14.9891,14.9894,14.9873,14.9873,14.9881,14.9884,14.9874,14.9877,14.9886,14.9888,14.9876,14.9879,14.9879,14.9879,14.9894,14.9886,14.9886,14.9884,14.9885,14.9883,14.9883,14.9886,14.9889,14.9892,14.9898,14.9899,14.9899,14.9899,14.9897,14.9895,14.9895,14.9898,14.9901,14.9904,14.9917,14.9917,14.9914,14.9902,14.9905,14.9905,14.9896,
Sat Apr 18 2020 10:28:58 GMT-0400 (Eastern Daylight Time)
14.9885,14.9885,14.9881,14.9879,14.988,14.9886,14.9888,14.9888,14.9888,14.9888,14.989,14.9886,14.989,14.9888,14.9888,14.9877,14.9871,14.9873,14.9873,14.9873,14.9888,14.9885,14.9879,14.9883,14.9881,14.9885,14.9872,14.9878,14.9878,14.9879,14.9879,14.9877,14.9877,14.9856,14.9856,14.9856,14.985,14.9848,14.9852,14.9855,14.9854,14.9854,14.9871,14.9871,14.9871,14.9871,14.9858,14.9863,14.9873,14.9875,14.987,14.987,14.9866,14.9869,14.9872,14.9867,14.9855,14.9859,14.9859,14.9863,
Sat Apr 18 2020 10:29:58 GMT-0400 (Eastern Daylight Time)
14.986,14.986,14.9836,14.983,14.9847,14.9847,14.9849,14.9846,14.9841,14.9844,14.9844,14.9848,14.9881,14.9881,14.9907,14.9907,14.9909,14.9931,14.9934,14.9934,14.9921,14.9917,14.9906,14.9906,14.9914,14.9903,14.9907,14.9903,14.9916,14.9913,14.991,14.9904,14.9908,14.9916,14.9912,14.9908,14.9914,14.9911,14.9911,14.9909,14.9902,14.9903,14.9903,14.9898,14.9898,14.9898,14.9898,14.9901,14.9905,14.9905,14.9908,14.9913,14.9908,14.9908,14.991,14.9907,14.9899,14.9904,14.9904,14.99,
Sat Apr 18 2020 10:30:58 GMT-0400 (Eastern Daylight Time)
14.9905,14.9911,14.9917,14.9923,14.9914,14.9917,14.9921,14.9916,14.9918,14.9918,14.9912,14.9918,14.9916,14.9916,14.9911,14.9911,14.9893,14.9891,14.9893,14.9898,14.99,14.9902,14.9902,14.9898,14.9882,14.9884,14.9884,14.9876,14.9872,14.9868,14.9871,14.9878,14.9876,14.9873,14.9877,14.9872,14.9872,14.986,14.9856,14.9847,14.9844,14.9839,14.9839,14.9844,14.9845,14.9841,14.9835,14.9828,14.9828,14.9836,14.9836,14.9821,14.9824,14.9809,14.9809,14.9807,14.9807,14.9811,14.9794,14.9794,
Sat Apr 18 2020 10:31:58 GMT-0400 (Eastern Daylight Time)
14.9794,14.9794,14.9787,14.9791,14.9794,14.9794,14.9799,14.9799,14.9795,14.9797,14.98,14.9807,14.981,14.9814,14.9814,14.9814,14.9809,14.9816,14.9813,14.9813,14.9813,14.9816,14.9818,14.9822,14.9819,14.9819,14.9813,14.9808,14.981,14.982,14.9813,14.9816,14.9816,14.9815,14.9815,14.9828,14.9828,14.9816,14.9816,14.9814,14.9814,14.9813,14.9816,14.9808,14.9808,14.9799,14.9799,14.9802,14.9807,14.9807,14.9808,14.9816,14.9816,14.9814,14.9835,14.9835,14.983,14.983,14.9832,14.9807,
Sat Apr 18 2020 10:32:58 GMT-0400 (Eastern Daylight Time)
14.9786,14.9788,14.9787,14.9787,14.9787,14.9788,14.9786,14.9804,14.9804,14.9816,14.9821,14.9821,14.9821,14.9817,14.9817,14.9813,14.9816,14.9822,14.9825,14.9825,14.9818,14.9816,14.9824,14.9824,14.9824,14.9818,14.9808,14.9796,14.9801,14.9811,14.9808,14.9805,14.9805,14.9805,14.9803,14.9808,14.9808,14.9804,14.9789,14.9789,14.9789,14.9784,14.978,14.9784,14.9784,14.9783,14.9783,14.9777,14.9777,14.9774,14.9777,14.9777,14.9777,14.9777,14.9783,14.9788,14.979,14.979,14.9787,14.9787,
Sat Apr 18 2020 10:33:58 GMT-0400 (Eastern Daylight Time)
14.978,14.9783,14.9783,14.9786,14.9782,14.9794,14.98,14.98,14.9796,14.9801,14.9823,14.982,14.982,14.9824,14.9821,14.9819,14.9831,14.9831,14.9838,14.9838,14.9835,14.9834,14.9834,14.9838,14.9838,14.9844,14.9844,14.9839,14.9845,14.9852,14.9852,14.9856,14.986,14.9861,14.9864,14.9864,14.9864,14.9867,14.9871,14.9866,14.987,14.9865,14.9865,14.986,14.9852,14.9858,14.9863,14.987,14.9867,14.9869,14.9873,14.9876,14.9881,14.9878,14.9881,14.9886,14.9886,14.9884,14.9887,14.9884,
Sat Apr 18 2020 10:34:58 GMT-0400 (Eastern Daylight Time)
14.9881,14.9884,14.988,14.9865,14.9854,14.9862,14.9862,14.9862,14.9865,14.9858,14.9868,14.9873,14.9867,14.9869,14.9867,14.9864,14.987,14.9898,14.99,14.99,14.9886,14.9886,14.9888,14.9888,14.9877,14.9879,14.9874,14.987,14.987,14.987,14.987,14.9864,14.9864,14.9862,14.9873,14.9873,14.9876,14.9882,14.9871,14.987,14.987,14.9863,14.9853,14.9853,14.9853,14.9847,14.9849,14.9849,14.9846,14.9844,14.9842,14.984,14.982,14.9808,14.9806,14.9802,14.9802,14.9806,14.9803,14.9803,
Sat Apr 18 2020 10:35:58 GMT-0400 (Eastern Daylight Time)
14.9811,14.9811,14.9815,14.9804,14.9807,14.9811,14.9802,14.9798,14.9802,14.9805,14.9805,14.981,14.9808,14.9792,14.9792,14.9792,14.9783,14.9798,14.9798,14.9793,14.9793,14.9791,14.9793,14.9789,14.9787,14.9793,14.9798,14.9794,14.979,14.979,14.9772,14.9772,14.9778,14.9775,14.9769,14.9773,14.977,14.976,14.976,14.976,14.9763,14.9762,14.9766,14.9764,14.9759,14.9759,14.9758,14.9753,14.975,14.9751,14.9756,14.9759,14.9765,14.9769,14.9772,14.9762,14.9755,14.9757,14.9751,14.9751,
Sat Apr 18 2020 10:36:58 GMT-0400 (Eastern Daylight Time)
14.9751,14.9751,14.9754,14.9754,14.9749,14.9746,14.9748,14.9748,14.9745,14.9743,14.974,14.973,14.9734,14.9741,14.9745,14.9741,14.9738,14.9741,14.973,14.9732,14.9732,14.9741,14.9736,14.9732,14.9732,14.973,14.973,14.9733,14.9733,14.9737,14.9732,14.9732,14.9732,14.9736,14.9736,14.9733,14.9733,14.9728,14.9725,14.9728,14.9745,14.9738,14.9745,14.9749,14.9749,14.9744,14.9741,14.9733,14.973,14.974,14.9737,14.9732,14.9732,14.9736,14.9746,14.9746,14.9748,14.9754,14.9765,14.975,
Sat Apr 18 2020 10:37:58 GMT-0400 (Eastern Daylight Time)
14.9754,14.9761,14.9763,14.977,14.9776,14.9779,14.9779,14.9783,14.9786,14.9789,14.9786,14.9786,14.9785,14.9785,14.9787,14.9798,14.9802,14.9805,14.9811,14.9811,14.9808,14.9798,14.9801,14.9795,14.9798,14.9803,14.9804,14.979,14.9788,14.9781,14.9778,14.9786,14.9786,14.9784,14.9773,14.9769,14.9765,14.9759,14.9762,14.9748,14.9751,14.9738,14.9735,14.9735,14.9735,14.9735,14.9743,14.9745,14.9745,14.9754,14.9758,14.9761,14.9784,14.9784,14.9774,14.9774,14.9771,14.9768,14.9765,14.9757,
Sat Apr 18 2020 10:38:58 GMT-0400 (Eastern Daylight Time)
14.9757,14.9757,14.9763,14.9766,14.976,14.9771,14.9777,14.9785,14.9785,14.9787,14.9773,14.9776,14.9772,14.977,14.9778,14.9774,14.9774,14.978,14.978,14.9781,14.9769,14.9769,14.9758,14.9763,14.976,14.976,14.9762,14.9741,14.9741,14.9741,14.9735,14.9739,14.9719,14.9719,14.9754,14.9751,14.9773,14.9771,14.9786,14.9776,14.9776,14.9779,14.9778,14.9778,14.9772,14.9764,14.9757,14.9762,14.9766,14.9766,14.9757,14.9749,14.9755,14.9761,14.9775,14.9805,14.9803,14.9812,14.9812,14.9812,
Sat Apr 18 2020 10:39:58 GMT-0400 (Eastern Daylight Time)
14.9815,14.981,14.9813,14.9823,14.9815,14.9818,14.9815,14.9808,14.9803,14.9807,14.9807,14.9811,14.9811,14.9811,14.9811,14.9814,14.9814,14.9814,14.9808,14.9813,14.9818,14.9822,14.9828,14.9825,14.9821,14.9823,14.9828,14.9831,14.9832,14.983,14.9842,14.9839,14.9834,14.9837,14.9845,14.9839,14.9837,14.9832,14.9832,14.9836,14.9836,14.9811,14.9804,14.9812,14.9815,14.9815,14.9821,14.9823,14.9818,14.9815,14.9815,14.9811,14.9809,14.9806,14.982,14.982,14.982,14.982,14.9826,14.9824,
Sat Apr 18 2020 10:40:58 GMT-0400 (Eastern Daylight Time)
14.9824,14.9822,14.9832,14.9824,14.9821,14.9823,14.9828,14.9828,14.9828,14.9824,14.9827,14.983,14.9827,14.9827,14.9824,14.9819,14.9812,14.9807,14.9808,14.9808,14.9802,14.9802,14.9803,14.9806,14.9809,14.9806,14.9801,14.9792,14.9796,14.9799,14.9797,14.9793,14.9796,14.9801,14.9803,14.9806,14.9806,14.9816,14.982,14.9817,14.9817,14.9817,14.9813,14.9814,14.9809,14.9818,14.9823,14.9828,14.9828,14.9828,14.9823,14.982,14.9817,14.9814,14.9813,14.9819,14.9816,14.9815,14.9823,14.9823,
Sat Apr 18 2020 10:41:58 GMT-0400 (Eastern Daylight Time)
14.9826,14.9795,14.9795,14.979,14.979,14.9788,14.9788,14.9791,14.9797,14.9791,14.9791,14.9791,14.9791,14.9772,14.9771,14.9768,14.9773,14.9773,14.9775,14.977,14.9771,14.9767,14.9761,14.9757,14.9757,14.9752,14.9748,14.9717,14.972,14.9717,14.9716,14.9719,14.9719,14.9719,14.9715,14.9715,14.9711,14.9715,14.9717,14.9713,14.9726,14.9722,14.9716,14.9717,14.9714,14.9691,14.9704,14.9709,14.9713,14.9713,14.9712,14.9709,14.9716,14.9722,14.9718,14.9711,14.9713,14.971,14.971,14.9715,
Sat Apr 18 2020 10:42:58 GMT-0400 (Eastern Daylight Time)
14.9728,14.973,14.9729,14.972,14.9715,14.9721,14.9718,14.9718,14.9721,14.9721,14.9721,14.9718,14.9727,14.9757,14.9746,14.9746,14.9749,14.9752,14.9745,14.9749,14.9737,14.9729,14.9732,14.9736,14.973,14.9733,14.9736,14.9736,14.9733,14.9733,14.9729,14.9732,14.9734,14.9734,14.9736,14.9727,14.9723,14.9707,14.9702,14.9712,14.972,14.972,14.9731,14.9731,14.9728,14.973,14.9718,14.9714,14.9718,14.972,14.9731,14.9731,14.973,14.973,14.973,14.973,14.972,14.9723,14.9727,14.973,
Sat Apr 18 2020 10:43:58 GMT-0400 (Eastern Daylight Time)
14.9741,14.9738,14.974,14.974,14.9737,14.9741,14.9738,14.9737,14.9737,14.9746,14.9749,14.9756,14.9756,14.9752,14.9749,14.9758,14.9768,14.9781,14.9778,14.9768,14.977,14.9775,14.9787,14.9787,14.9787,14.9787,14.9791,14.98,14.9798,14.9798,14.9798,14.9787,14.9787,14.98,14.9804,14.9802,14.9806,14.9806,14.9793,14.9793,14.9793,14.9784,14.9781,14.9781,14.9781,14.9778,14.9778,14.9771,14.9761,14.9742,14.9744,14.9742,14.9751,14.9741,14.9718,14.9723,14.9721,14.9715,14.9706,14.9704,
Sat Apr 18 2020 10:44:58 GMT-0400 (Eastern Daylight Time)
14.9701,14.9701,14.9686,14.9686,14.968,14.9676,14.9679,14.9682,14.9682,14.9677,14.968,14.9691,14.9686,14.9674,14.9672,14.9681,14.9694,14.9694,14.969,14.9683,14.968,14.9683,14.9687,14.9691,14.9688,14.9678,14.9678,14.9691,14.9691,14.9686,14.9693,14.9708,14.9711,14.9711,14.969,14.9684,14.9678,14.9681,14.9673,14.967,14.9666,14.967,14.967,14.9677,14.9683,14.9688,14.9684,14.9695,14.9693,14.9698,14.9698,14.9702,14.9709,14.9709,14.9696,14.9704,14.9704,14.9704,14.969,14.9687,
Sat Apr 18 2020 10:45:58 GMT-0400 (Eastern Daylight Time)
14.9678,14.968,14.9683,14.9683,14.9683,14.9686,14.9683,14.9683,14.9681,14.9688,14.9685,14.9688,14.9691,14.9691,14.9694,14.9699,14.9699,14.9699,14.9702,14.9698,14.9693,14.9693,14.9686,14.9685,14.9677,14.9682,14.9682,14.97,14.97,14.9702,14.9702,14.9708,14.9708,14.9703,14.9706,14.9702,14.9695,14.9688,14.9688,14.9692,14.969,14.9687,14.9702,14.971,14.9706,14.9697,14.9697,14.9683,14.9681,14.9678,14.9678,14.9685,14.9664,14.9668,14.9671,14.9671,14.9665,14.9694,14.969,14.969,
Sat Apr 18 2020 10:46:58 GMT-0400 (Eastern Daylight Time)
14.9681,14.968,14.968,14.9686,14.9682,14.9677,14.9683,14.9679,14.9685,14.968,14.9672,14.9674,14.9677,14.9682,14.9671,14.9671,14.9671,14.9675,14.9672,14.9664,14.9664,14.9676,14.9673,14.9675,14.9672,14.9675,14.9677,14.9682,14.9682,14.9682,14.9683,14.9676,14.9682,14.9682,14.9687,14.9687,14.9687,14.9699,14.9693,14.9689,14.9689,14.9689,14.9689,14.9695,14.9697,14.9692,14.9685,14.9685,14.9692,14.9692,14.9688,14.9699,14.9704,14.9702,14.9704,14.9703,14.9703,14.9703,14.9703,14.9696,
Sat Apr 18 2020 10:47:58 GMT-0400 (Eastern Daylight Time)
14.9692,14.9697,14.9697,14.9704,14.9699,14.9702,14.9699,14.9691,14.9687,14.9682,14.9685,14.9685,14.9682,14.9684,14.9684,14.9679,14.9684,14.9689,14.9691,14.9698,14.9695,14.9693,14.9687,14.9683,14.9697,14.9701,14.9688,14.9685,14.9663,14.9657,14.9652,14.9652,14.9647,14.9646,14.9644,14.965,14.9658,14.9658,14.9658,14.966,14.966,14.9663,14.9656,14.9652,14.965,14.9653,14.9653,14.965,14.9651,14.9654,14.9632,14.9632,14.9638,14.9638,14.9638,14.9631,14.9633,14.9658,14.9658,14.9647,
Sat Apr 18 2020 10:48:58 GMT-0400 (Eastern Daylight Time)
14.9647,14.9647,14.9647,14.9639,14.9639,14.9636,14.9647,14.9663,14.9651,14.9651,14.9645,14.9644,14.9644,14.964,14.9648,14.9652,14.9666,14.9664,14.9667,14.9678,14.9658,14.9664,14.9662,14.9667,14.9667,14.9669,14.9666,14.9676,14.9682,14.9682,14.9691,14.9695,14.9683,14.9679,14.9679,14.9678,14.9678,14.9671,14.9671,14.9671,14.9671,14.9677,14.968,14.968,14.9673,14.9669,14.9669,14.9669,14.9674,14.9663,14.9657,14.9665,14.9644,14.9639,14.9643,14.964,14.964,14.9633,14.9634,14.9622,
Sat Apr 18 2020 10:49:58 GMT-0400 (Eastern Daylight Time)
14.9625,14.9629,14.9619,14.9626,14.9633,14.9636,14.9636,14.9638,14.9642,14.9645,14.9645,14.9645,14.9648,14.9643,14.9641,14.9637,14.9618,14.9618,14.9618,14.9621,14.9621,14.9616,14.9616,14.9616,14.9616,14.9624,14.9629,14.963,14.9623,14.9623,14.9626,14.9632,14.9636,14.9636,14.9632,14.9628,14.9633,14.9649,14.9649,14.9647,14.9649,14.9652,14.9655,14.9661,14.9671,14.9668,14.9668,14.9666,14.967,14.967,14.9664,14.9664,14.9662,14.9659,14.9652,14.9654,14.9656,14.9662,14.9668,14.9671,
Sat Apr 18 2020 10:50:58 GMT-0400 (Eastern Daylight Time)
14.9671,14.9668,14.9665,14.9663,14.9657,14.9661,14.9658,14.9654,14.9643,14.964,14.9634,14.9625,14.9625,14.9621,14.9621,14.9626,14.9632,14.9629,14.9629,14.9631,14.9636,14.9639,14.9639,14.9636,14.9633,14.9633,14.9626,14.9649,14.9641,14.9641,14.9644,14.9642,14.9646,14.9653,14.965,14.9674,14.9671,14.9667,14.9667,14.9698,14.9706,14.9706,14.9704,14.9707,14.971,14.9717,14.9717,14.9725,14.9713,14.9709,14.9709,14.9707,14.9702,14.9699,14.9705,14.9699,14.9702,14.9709,14.9709,14.9711,
Sat Apr 18 2020 10:51:58 GMT-0400 (Eastern Daylight Time)
14.9713,14.9713,14.9713,14.971,14.9712,14.9717,14.9717,14.9707,14.9704,14.9704,14.9704,14.9695,14.9697,14.9705,14.9708,14.9708,14.9709,14.9712,14.9711,14.9713,14.971,14.9706,14.9704,14.9707,14.9741,14.9741,14.9733,14.9733,14.9728,14.9734,14.973,14.9733,14.9728,14.9735,14.9733,14.9733,14.9741,14.9746,14.973,14.973,14.974,14.974,14.974,14.9737,14.9749,14.9751,14.9752,14.9752,14.9724,14.9726,14.9754,14.9752,14.9755,14.9755,14.9755,14.9753,14.9758,14.976,14.9757,14.9765,
Sat Apr 18 2020 10:52:58 GMT-0400 (Eastern Daylight Time)
14.9768,14.9757,14.9757,14.9757,14.9752,14.9758,14.9758,14.9762,14.9773,14.9772,14.9772,14.9769,14.9763,14.976,14.9757,14.9757,14.9747,14.975,14.974,14.9737,14.9732,14.9739,14.9739,14.9736,14.9729,14.9729,14.9729,14.9729,14.9719,14.9704,14.9701,14.9698,14.9691,14.9697,14.9699,14.9707,14.9713,14.9713,14.9706,14.9706,14.9707,14.9697,14.9689,14.9684,14.9679,14.9676,14.9672,14.9672,14.9685,14.9687,14.9684,14.9684,14.9681,14.9681,14.9701,14.9703,14.9703,14.97,14.9713,14.9716,
Sat Apr 18 2020 10:53:58 GMT-0400 (Eastern Daylight Time)
14.9722,14.9722,14.9717,14.972,14.9718,14.9724,14.9733,14.9743,14.9735,14.9735,14.9705,14.97,14.9697,14.9705,14.9703,14.9703,14.9702,14.9697,14.97,14.9703,14.9733,14.973,14.9738,14.9738,14.9738,14.9735,14.9732,14.9732,14.9731,14.9717,14.9703,14.9705,14.9713,14.9705,14.971,14.9704,14.9714,14.9714,14.9717,14.9724,14.9724,14.9724,14.9727,14.973,14.9749,14.9749,14.9751,14.9756,14.9756,14.9759,14.9762,14.9762,14.9779,14.9785,14.9788,14.9785,14.9795,14.9791,14.9794,14.9797,
Sat Apr 18 2020 10:54:58 GMT-0400 (Eastern Daylight Time)
14.9802,14.9804,14.9804,14.9802,14.9802,14.9802,14.9798,14.9793,14.9787,14.9796,14.9796,14.9796,14.9798,14.9788,14.9785,14.979,14.979,14.9787,14.9784,14.9792,14.9787,14.9781,14.9784,14.9782,14.9785,14.9785,14.9776,14.9773,14.9767,14.977,14.9759,14.9757,14.9751,14.9751,14.9728,14.9725,14.9727,14.9733,14.9737,14.9731,14.9726,14.9729,14.9729,14.9742,14.9742,14.9738,14.9738,14.9743,14.9732,14.9732,14.9732,14.9732,14.9739,14.9735,14.974,14.9733,14.9743,14.9747,14.9744,14.974,
Sat Apr 18 2020 10:55:58 GMT-0400 (Eastern Daylight Time)
14.9737,14.9737,14.9732,14.9727,14.9729,14.9732,14.9708,14.9708,14.9703,14.9703,14.9696,14.9696,14.97,14.9703,14.9701,14.9701,14.9705,14.9699,14.9696,14.9698,14.9696,14.969,14.9694,14.9694,14.9686,14.9687,14.9691,14.9691,14.9697,14.9697,14.9704,14.97,14.97,14.9708,14.9726,14.9724,14.9733,14.9729,14.9723,14.9723,14.972,14.9717,14.9717,14.971,14.9706,14.9709,14.9707,14.9708,14.9704,14.9697,14.9697,14.9697,14.97,14.9694,14.9694,14.9694,14.97,14.9695,14.9711,14.9706,
Sat Apr 18 2020 10:56:58 GMT-0400 (Eastern Daylight Time)
14.9702,14.9707,14.9697,14.9693,14.9694,14.969,14.9693,14.9704,14.9699,14.9696,14.9696,14.9696,14.9703,14.9699,14.9695,14.9695,14.9706,14.9702,14.9702,14.9705,14.9702,14.9706,14.9703,14.9678,14.967,14.9686,14.968,14.9676,14.9679,14.9682,14.968,14.968,14.969,14.969,14.9692,14.969,14.969,14.9707,14.9707,14.9711,14.9714,14.9717,14.9717,14.9713,14.9716,14.9716,14.9716,14.9717,14.9718,14.9736,14.9736,14.9732,14.9735,14.9738,14.9748,14.9743,14.9745,14.9749,14.9744,14.9741,
Sat Apr 18 2020 10:57:58 GMT-0400 (Eastern Daylight Time)
14.9744,14.975,14.9747,14.975,14.9763,14.9763,14.9766,14.9766,14.9766,14.9769,14.9774,14.9784,14.9775,14.9778,14.9775,14.9772,14.9772,14.9776,14.9776,14.9772,14.9772,14.9748,14.9745,14.9748,14.9736,14.9734,14.974,14.974,14.9739,14.974,14.9743,14.9739,14.9735,14.9728,14.9728,14.9728,14.9726,14.9735,14.9716,14.9716,14.971,14.9706,14.9707,14.97,14.9705,14.9703,14.9703,14.9704,14.9715,14.9719,14.9719,14.9719,14.9716,14.9716,14.9715,14.9715,14.9721,14.9715,14.9719,14.9723,
Sat Apr 18 2020 10:58:58 GMT-0400 (Eastern Daylight Time)
14.9728,14.9729,14.972,14.9717,14.9708,14.9708,14.971,14.9728,14.9722,14.9718,14.9721,14.9732,14.9729,14.9729,14.9736,14.9729,14.9732,14.9714,14.9706,14.9706,14.969,14.9685,14.9685,14.969,14.9706,14.9708,14.9708,14.9706,14.9709,14.9703,14.9694,14.9687,14.9687,14.9687,14.9699,14.9694,14.9694,14.9701,14.9685,14.969,14.9686,14.9677,14.9683,14.9686,14.9691,14.97,14.9703,14.9711,14.9711,14.9711,14.9709,14.971,14.971,14.9734,14.9735,14.9735,14.9733,14.9733,14.9725,14.9721,
Sat Apr 18 2020 10:59:58 GMT-0400 (Eastern Daylight Time)
14.9716,14.9728,14.9728,14.9741,14.9741,14.9741,14.9743,14.9747,14.9755,14.975,14.9751,14.9748,14.9748,14.9748,14.9745,14.9745,14.9736,14.9733,14.9727,14.9727,14.9724,14.9734,14.9734,14.9732,14.9734,14.9728,14.9728,14.9738,14.9738,14.9742,14.9748,14.9748,14.9751,14.9754,14.9757,14.9761,14.9764,14.9765,14.9765,14.9765,14.9771,14.9771,14.9771,14.9776,14.9776,14.9777,14.977,14.977,14.977,14.9763,14.9767,14.9764,14.9762,14.9765,14.9768,14.9768,14.9768,14.9767,14.9758,14.9758,
Sat Apr 18 2020 11:00:58 GMT-0400 (Eastern Daylight Time)
14.9769,14.9766,14.9761,14.9751,14.9751,14.9751,14.9752,14.9764,14.975,14.9762,14.9761,14.9761,14.9761,14.9761,14.9763,14.9755,14.9758,14.9747,14.9747,14.976,14.976,14.9769,14.9761,14.9758,14.9743,14.9749,14.9752,14.9752,14.9755,14.9761,14.9761,14.9765,14.9765,14.9763,14.9768,14.9768,14.9765,14.9762,14.9764,14.9764,14.9754,14.9761,14.9757,14.9776,14.9776,14.9767,14.9762,14.9762,14.9762,14.9747,14.9747,14.9736,14.9731,14.9735,14.9739,14.973,14.9727,14.9736,14.9729,14.9734,
Sat Apr 18 2020 11:01:58 GMT-0400 (Eastern Daylight Time)
14.972,14.9724,14.9721,14.9736,14.9731,14.9729,14.9725,14.9722,14.972,14.9728,14.9728,14.9728,14.9728,14.9725,14.9717,14.9717,14.9717,14.9728,14.9728,14.9732,14.9732,14.9721,14.9721,14.9719,14.9687,14.9667,14.9653,14.9657,14.9653,14.9654,14.9647,14.9647,14.9647,14.9655,14.9651,14.963,14.963,14.9655,14.9651,14.9654,14.9658,14.9659,14.9659,14.9656,14.9657,14.9669,14.9667,14.9667,14.9665,14.9662,14.9664,14.9664,14.9667,14.9664,14.9672,14.9669,14.9667,14.9662,14.9666,14.9662,
Sat Apr 18 2020 11:02:58 GMT-0400 (Eastern Daylight Time)
14.9662,14.9682,14.9682,14.9682,14.9678,14.9681,14.9679,14.9671,14.9679,14.9673,14.9669,14.9672,14.9667,14.967,14.9672,14.9685,14.9681,14.9653,14.9653,14.9649,14.9649,14.966,14.9657,14.9657,14.9654,14.9645,14.9647,14.9647,14.965,14.9655,14.9655,14.9649,14.9647,14.9643,14.9643,14.9646,14.9649,14.9649,14.9649,14.9654,14.9648,14.9647,14.9654,14.9654,14.9654,14.9666,14.9666,14.9662,14.9661,14.9661,14.9672,14.9672,14.9668,14.9682,14.9672,14.9672,14.9664,14.9685,14.9685,14.9682,
Sat Apr 18 2020 11:03:58 GMT-0400 (Eastern Daylight Time)
14.9675,14.9671,14.9667,14.9663,14.9659,14.9653,14.9656,14.965,14.965,14.9656,14.9656,14.9656,14.9656,14.9661,14.9657,14.9663,14.9666,14.9658,14.9661,14.9661,14.9663,14.9661,14.9662,14.9658,14.9658,14.9665,14.9665,14.9665,14.9667,14.9661,14.9667,14.9667,14.9657,14.9651,14.9688,14.9693,14.9693,14.9684,14.9679,14.9679,14.9682,14.9683,14.9676,14.9673,14.9677,14.9663,14.9657,14.9657,14.9657,14.966,14.966,14.9658,14.9674,14.9662,14.9663,14.9661,14.9658,14.9661,14.9665,14.9658,
Sat Apr 18 2020 11:04:58 GMT-0400 (Eastern Daylight Time)
14.9658,14.9653,14.9653,14.9653,14.9656,14.9656,14.9661,14.9653,14.9653,14.9653,14.965,14.9637,14.9637,14.963,14.9628,14.9601,14.9598,14.9614,14.9617,14.9617,14.9619,14.9623,14.9627,14.9631,14.9628,14.9639,14.9644,14.9647,14.9645,14.9645,14.9646,14.9646,14.9649,14.9646,14.9636,14.9635,14.9632,14.9635,14.9635,14.965,14.9646,14.9649,14.9648,14.9648,14.964,14.964,14.9631,14.9631,14.9633,14.9627,14.96,14.9605,14.9598,14.9598,14.9606,14.9612,14.9619,14.9619,14.9607,14.9604,
Sat Apr 18 2020 11:05:58 GMT-0400 (Eastern Daylight Time)
14.96,14.96,14.96,14.9584,14.9584,14.9584,14.9574,14.9577,14.9577,14.9593,14.9589,14.9583,14.9579,14.9582,14.9582,14.959,14.959,14.9592,14.9592,14.9592,14.9588,14.9592,14.9584,14.9588,14.9585,14.9589,14.9584,14.959,14.959,14.959,14.958,14.958,14.9582,14.9586,14.959,14.9597,14.9602,14.9602,14.9605,14.9608,14.9608,14.9614,14.9612,14.9607,14.9622,14.9622,14.9624,14.9615,14.962,14.9626,14.9629,14.9632,14.9632,14.9629,14.9629,14.9611,14.9613,14.9613,14.9626,14.9612,
Sat Apr 18 2020 11:06:58 GMT-0400 (Eastern Daylight Time)
14.9612,14.9612,14.9605,14.9604,14.9612,14.9616,14.9627,14.9615,14.9615,14.962,14.9617,14.9608,14.9621,14.9615,14.9607,14.9606,14.9606,14.961,14.9613,14.9609,14.9606,14.9612,14.9613,14.9616,14.9616,14.9611,14.9613,14.9613,14.9619,14.9616,14.9613,14.9618,14.9618,14.9618,14.9615,14.9609,14.9613,14.9617,14.962,14.96,14.96,14.9597,14.9593,14.9593,14.9588,14.9588,14.9592,14.9579,14.9572,14.9568,14.9574,14.957,14.9577,14.9572,14.9561,14.9557,14.9557,14.9572,14.9547,14.955,
Sat Apr 18 2020 11:07:58 GMT-0400 (Eastern Daylight Time)
14.955,14.9558,14.9554,14.9554,14.9551,14.9551,14.9551,14.9541,14.9538,14.9542,14.953,14.9525,14.9528,14.9525,14.9524,14.9514,14.9519,14.9516,14.9517,14.9521,14.9521,14.9534,14.9531,14.9517,14.9517,14.9517,14.9512,14.9512,14.9508,14.9511,14.9502,14.9505,14.9505,14.9509,14.9511,14.9525,14.9521,14.9542,14.9539,14.9539,14.9549,14.9547,14.9547,14.955,14.9556,14.9556,14.9556,14.9573,14.9573,14.958,14.9589,14.9586,14.9582,14.9574,14.9574,14.9563,14.9559,14.9559,14.9559,14.9568,
Sat Apr 18 2020 11:08:58 GMT-0400 (Eastern Daylight Time)
14.9575,14.9573,14.9572,14.9568,14.9568,14.9568,14.9574,14.9576,14.9576,14.9575,14.9576,14.9574,14.957,14.9568,14.9566,14.9566,14.9571,14.9568,14.9577,14.9575,14.9572,14.9565,14.9562,14.9561,14.9574,14.9581,14.9574,14.958,14.9579,14.9574,14.957,14.957,14.9564,14.9561,14.9551,14.9548,14.9562,14.9562,14.9566,14.9557,14.9559,14.9559,14.9562,14.9559,14.9566,14.9561,14.9567,14.9567,14.9567,14.9561,14.9558,14.9558,14.9567,14.9562,14.9556,14.9559,14.9561,14.9568,14.9564,14.9564,
Sat Apr 18 2020 11:09:58 GMT-0400 (Eastern Daylight Time)
14.956,14.9558,14.9556,14.9558,14.9561,14.9564,14.9571,14.9574,14.9574,14.9583,14.9587,14.9585,14.9589,14.9587,14.9587,14.9591,14.9596,14.9603,14.9606,14.9609,14.9624,14.962,14.9614,14.962,14.962,14.9612,14.9619,14.9625,14.9625,14.9604,14.9594,14.9593,14.9597,14.9595,14.9599,14.9602,14.959,14.9566,14.9566,14.9569,14.9572,14.9572,14.9584,14.9587,14.9587,14.959,14.9583,14.9581,14.9584,14.96,14.96,14.959,14.9587,14.9591,14.958,14.9575,14.9575,14.9569,14.9569,14.9569,
Sat Apr 18 2020 11:10:58 GMT-0400 (Eastern Daylight Time)
14.9565,14.9565,14.9565,14.9575,14.9575,14.9566,14.9563,14.9562,14.9565,14.9565,14.9565,14.9592,14.9592,14.9595,14.9599,14.9602,14.9602,14.9602,14.9602,14.9602,14.9598,14.9598,14.9602,14.9611,14.9621,14.9621,14.9618,14.9619,14.9622,14.9607,14.9607,14.9593,14.9599,14.9596,14.9594,14.9594,14.9598,14.9577,14.9579,14.9573,14.9571,14.9568,14.9568,14.9573,14.9567,14.9563,14.9563,14.9581,14.959,14.9593,14.9597,14.9588,14.9584,14.9588,14.9585,14.9583,14.9586,14.9586,14.9594,14.9576,
Sat Apr 18 2020 11:11:58 GMT-0400 (Eastern Daylight Time)
14.9574,14.9566,14.9568,14.9573,14.9573,14.9573,14.957,14.9574,14.9574,14.9558,14.956,14.9554,14.9554,14.9565,14.9565,14.9565,14.9571,14.9567,14.9567,14.9565,14.9568,14.9568,14.9568,14.9568,14.9571,14.9586,14.9586,14.958,14.9582,14.9577,14.958,14.957,14.9572,14.9576,14.9569,14.9562,14.9559,14.9559,14.9559,14.9553,14.9553,14.9561,14.9561,14.9561,14.9548,14.9539,14.9514,14.952,14.9534,14.9534,14.9532,14.9536,14.9543,14.955,14.9547,14.9556,14.9562,14.9565,14.956,14.9563,
Sat Apr 18 2020 11:12:58 GMT-0400 (Eastern Daylight Time)
14.9563,14.9548,14.9551,14.9561,14.9569,14.9567,14.9591,14.9594,14.96,14.9608,14.9608,14.9601,14.9611,14.9614,14.962,14.9613,14.9619,14.9617,14.9623,14.9626,14.9626,14.9626,14.9629,14.9636,14.9636,14.9633,14.9637,14.9636,14.9639,14.9631,14.9634,14.9631,14.9614,14.9585,14.9583,14.9589,14.9594,14.9598,14.9598,14.9594,14.96,14.9592,14.9599,14.9595,14.9597,14.9597,14.9597,14.96,14.9598,14.9598,14.9594,14.9588,14.9585,14.9585,14.958,14.959,14.959,14.959,14.9585,14.9592,
Sat Apr 18 2020 11:13:58 GMT-0400 (Eastern Daylight Time)
14.9595,14.9595,14.9591,14.9577,14.9577,14.9577,14.9577,14.9591,14.9591,14.9596,14.96,14.9605,14.9609,14.9607,14.961,14.961,14.9607,14.9609,14.9609,14.9613,14.9608,14.9608,14.9606,14.9601,14.9601,14.9595,14.9599,14.9603,14.9605,14.9623,14.9629,14.9628,14.9625,14.9628,14.9638,14.9639,14.9639,14.9637,14.964,14.9653,14.9653,14.9648,14.9621,14.9611,14.9606,14.9606,14.9598,14.9593,14.9595,14.9606,14.9603,14.9608,14.9612,14.9604,14.9604,14.9614,14.9611,14.9609,14.9614,14.9612,
Sat Apr 18 2020 11:14:58 GMT-0400 (Eastern Daylight Time)
14.9615,14.9616,14.9616,14.9614,14.9616,14.9616,14.9634,14.9634,14.9631,14.9629,14.9615,14.9618,14.9614,14.9614,14.9628,14.9632,14.9645,14.9643,14.9628,14.9632,14.9629,14.9625,14.9636,14.9646,14.9632,14.9632,14.9635,14.9633,14.9629,14.9631,14.9631,14.9634,14.9636,14.9636,14.9636,14.9633,14.9633,14.9633,14.9626,14.9634,14.963,14.963,14.9634,14.9616,14.9619,14.9622,14.9625,14.9624,14.9624,14.9628,14.9636,14.9633,14.9618,14.9616,14.9626,14.9628,14.9613,14.9616,14.9616,14.9619,
Sat Apr 18 2020 11:15:58 GMT-0400 (Eastern Daylight Time)
14.9598,14.96,14.9602,14.9603,14.9603,14.9608,14.9612,14.962,14.9627,14.9625,14.9629,14.9625,14.9631,14.9625,14.9625,14.9622,14.9624,14.9624,14.9624,14.9628,14.9628,14.9633,14.9635,14.9652,14.9652,14.965,14.9657,14.9652,14.9652,14.9655,14.9658,14.9662,14.9658,14.9658,14.9661,14.9658,14.9646,14.9646,14.9643,14.9632,14.9636,14.9639,14.9642,14.9638,14.9637,14.9637,14.9643,14.9647,14.9647,14.9645,14.9641,14.9638,14.964,14.9628,14.9619,14.9616,14.9619,14.9619,14.9623,14.963,
Sat Apr 18 2020 11:16:58 GMT-0400 (Eastern Daylight Time)
14.9628,14.9628,14.9628,14.9624,14.9607,14.961,14.9613,14.961,14.9605,14.961,14.9606,14.9583,14.9591,14.9595,14.9591,14.9591,14.9595,14.9599,14.961,14.961,14.9593,14.9593,14.959,14.959,14.9577,14.9573,14.9568,14.9564,14.9534,14.9535,14.9535,14.9539,14.9541,14.9538,14.954,14.9543,14.9551,14.9558,14.9553,14.9553,14.9547,14.9544,14.9547,14.9556,14.9556,14.9561,14.954,14.9538,14.953,14.953,14.9533,14.953,14.9527,14.9532,14.9522,14.9513,14.9517,14.9523,14.9526,14.9526,
Sat Apr 18 2020 11:17:58 GMT-0400 (Eastern Daylight Time)
14.9526,14.9508,14.9505,14.9504,14.9502,14.9509,14.9509,14.9516,14.9515,14.9515,14.9515,14.9515,14.9521,14.9517,14.9537,14.9537,14.955,14.9542,14.9536,14.9529,14.9522,14.9522,14.9522,14.9522,14.9531,14.9537,14.9533,14.9533,14.9538,14.9545,14.9534,14.9531,14.9535,14.9535,14.954,14.9545,14.9537,14.9543,14.9546,14.9551,14.9547,14.9554,14.9551,14.9554,14.9554,14.9556,14.9566,14.9568,14.9594,14.9594,14.9597,14.9594,14.9582,14.9579,14.9585,14.9587,14.9592,14.9584,14.958,14.958,
Sat Apr 18 2020 11:18:58 GMT-0400 (Eastern Daylight Time)
14.9601,14.9601,14.9615,14.961,14.9603,14.9607,14.9604,14.9609,14.9602,14.9598,14.9598,14.9598,14.9577,14.9577,14.958,14.958,14.9583,14.9595,14.9595,14.9577,14.9571,14.9571,14.9569,14.9575,14.9576,14.958,14.9577,14.9579,14.9575,14.9575,14.9585,14.9585,14.9583,14.9586,14.9568,14.9568,14.9569,14.9572,14.9572,14.9572,14.9571,14.9578,14.9575,14.9577,14.957,14.9572,14.9574,14.9581,14.9595,14.9595,14.9595,14.9595,14.9603,14.9603,14.9601,14.9601,14.9591,14.9613,14.9636,14.9639,
Sat Apr 18 2020 11:19:58 GMT-0400 (Eastern Daylight Time)
14.9642,14.9642,14.9623,14.9619,14.9614,14.9614,14.9628,14.9632,14.9635,14.9625,14.9625,14.9628,14.9628,14.9622,14.962,14.9623,14.9616,14.9611,14.9608,14.9611,14.9613,14.9618,14.9618,14.9622,14.9617,14.9651,14.966,14.966,14.966,14.9664,14.9658,14.9658,14.9661,14.9656,14.9656,14.9656,14.9656,14.967,14.9673,14.9676,14.9678,14.968,14.968,14.9692,14.9694,14.9702,14.9702,14.9702,14.9698,14.9698,14.9698,14.9698,14.9696,14.9696,14.9693,14.9698,14.9698,14.9695,14.9695,14.9691,
Sat Apr 18 2020 11:20:58 GMT-0400 (Eastern Daylight Time)
14.9689,14.9685,14.9687,14.969,14.969,14.9695,14.9695,14.9695,14.9695,14.97,14.9711,14.9711,14.9712,14.9714,14.9709,14.9712,14.9715,14.9722,14.9717,14.9722,14.9723,14.9721,14.9726,14.9726,14.9726,14.9734,14.9734,14.9734,14.9735,14.9741,14.9741,14.9737,14.974,14.973,14.972,14.972,14.9725,14.9722,14.9722,14.9719,14.9702,14.97,14.97,14.97,14.9702,14.9713,14.9715,14.9714,14.9718,14.9722,14.9722,14.9722,14.973,14.9733,14.9729,14.9724,14.9725,14.9725,14.9728,14.9728,
Sat Apr 18 2020 11:21:58 GMT-0400 (Eastern Daylight Time)
14.9723,14.972,14.9718,14.9723,14.9725,14.9717,14.9717,14.9722,14.9726,14.9729,14.9724,14.9718,14.9728,14.9721,14.9721,14.9721,14.9722,14.9725,14.972,14.9722,14.9724,14.972,14.972,14.972,14.9726,14.9726,14.9726,14.9739,14.9743,14.9747,14.9743,14.9745,14.9742,14.9739,14.9739,14.9743,14.9743,14.9743,14.9746,14.9767,14.9774,14.9771,14.9771,14.9766,14.9773,14.9769,14.9769,14.9769,14.978,14.9786,14.9786,14.9784,14.9782,14.9786,14.978,14.979,14.9795,14.9793,14.9795,14.9793,
Sat Apr 18 2020 11:22:58 GMT-0400 (Eastern Daylight Time)
14.9791,14.9786,14.9784,14.978,14.9779,14.9779,14.9783,14.9775,14.9775,14.9771,14.9768,14.9759,14.9788,14.9776,14.9772,14.9772,14.9782,14.9779,14.9787,14.9791,14.9795,14.9785,14.9785,14.9785,14.9784,14.978,14.9789,14.9786,14.9758,14.9762,14.9754,14.974,14.9755,14.9759,14.9752,14.9758,14.9753,14.9752,14.9752,14.9756,14.9753,14.9756,14.9756,14.9756,14.976,14.9754,14.9757,14.9761,14.9761,14.9763,14.9766,14.977,14.977,14.9758,14.9775,14.9775,14.9777,14.9785,14.9785,14.9791,
Sat Apr 18 2020 11:23:58 GMT-0400 (Eastern Daylight Time)
14.9791,14.9795,14.98,14.98,14.98,14.9797,14.9797,14.9787,14.9787,14.9784,14.9801,14.9798,14.9808,14.981,14.9807,14.9807,14.9813,14.9816,14.9819,14.9822,14.9824,14.9826,14.9823,14.982,14.9815,14.9815,14.9813,14.9812,14.9812,14.9815,14.9816,14.9816,14.9822,14.9796,14.9796,14.981,14.981,14.981,14.9816,14.9819,14.9819,14.9834,14.9838,14.9841,14.9847,14.985,14.9872,14.9876,14.9876,14.9878,14.9878,14.9889,14.9889,14.9893,14.9884,14.9876,14.9872,14.9866,14.9858,14.9858,
Sat Apr 18 2020 11:24:58 GMT-0400 (Eastern Daylight Time)
14.9863,14.9861,14.9864,14.9861,14.9856,14.9851,14.9848,14.9846,14.9846,14.9849,14.9857,14.9845,14.9845,14.9848,14.9851,14.9849,14.9849,14.9851,14.9845,14.9848,14.9848,14.9862,14.9864,14.9868,14.9864,14.9861,14.9855,14.9855,14.9858,14.9857,14.9863,14.9872,14.9872,14.9861,14.9864,14.9869,14.9877,14.989,14.9887,14.9885,14.9889,14.9892,14.9899,14.9899,14.9896,14.9897,14.9916,14.9924,14.992,14.9941,14.9967,14.9965,14.9965,14.9957,14.9951,14.9946,14.994,14.9939,14.9939,14.9936,
Sat Apr 18 2020 11:25:58 GMT-0400 (Eastern Daylight Time)
14.994,14.9941,14.9944,14.9968,14.9971,14.9974,14.9976,14.9994,14.9997,14.9985,15.001,15.001,15.0007,15.0003,15.0003,15.0006,15.0002,15,15.0002,15.0011,15.0015,15.0008,15.0008,15.0005,15.0008,15.0005,15.0005,15.0009,15.0012,15.0003,15.0007,15.0006,15.0006,15.0011,15.0011,15.0011,15.0012,15.0013,15.001,15.0005,15.0005,15,15,14.9997,14.9995,14.999,14.9986,14.9986,14.9986,14.999,14.9988,14.9985,14.9985,14.9985,14.9991,14.9986,14.9989,14.9989,14.9982,14.9976,
Sat Apr 18 2020 11:26:58 GMT-0400 (Eastern Daylight Time)
14.999,14.9986,14.9978,14.9972,14.9972,14.9967,14.9969,14.9969,14.9966,14.9966,14.9965,14.9959,14.9964,14.998,14.998,14.9977,14.9981,14.999,14.999,14.9991,14.9988,14.9979,14.9998,15,15,14.9994,14.9996,15.0001,15.0005,15.0008,15.0012,15.0012,15.0012,15.0006,15.0006,14.9991,14.9993,14.9993,14.9992,14.9992,14.9984,14.9976,14.9972,14.997,14.9967,14.9966,14.997,14.997,14.997,14.9967,14.9969,14.998,14.9984,14.9976,14.997,14.9968,14.9985,14.9975,14.9971,14.9965,
Sat Apr 18 2020 11:27:58 GMT-0400 (Eastern Daylight Time)
14.9957,14.9961,14.9957,14.9957,14.9955,14.9955,14.9974,14.9971,14.9967,14.9961,14.9954,14.9942,14.9942,14.9941,14.9934,14.9934,14.9934,14.9927,14.9925,14.9925,14.9925,14.9925,14.9928,14.9924,14.9924,14.9933,14.9936,14.9936,14.9936,14.9949,14.9942,14.9937,14.9937,14.9934,14.9937,14.9935,14.9938,14.9948,14.9948,14.9952,14.9953,14.9953,14.9953,14.9953,14.9955,14.995,14.9973,14.9978,14.9982,14.9981,14.9976,14.9976,14.9971,14.9977,14.9976,14.9976,14.9979,14.9963,14.9963,14.997,
Sat Apr 18 2020 11:28:58 GMT-0400 (Eastern Daylight Time)
14.9961,14.9963,14.9964,14.9959,14.9959,14.9955,14.9953,14.9953,14.9953,14.9949,14.9943,14.9938,14.9939,14.9945,14.9947,14.9947,14.9956,14.9962,14.9969,14.9946,14.9946,14.9947,14.9947,14.9943,14.9938,14.9938,14.9941,14.9944,14.995,14.9949,14.9949,14.9942,14.9942,14.9944,14.9945,14.9949,14.9946,14.9941,14.9945,14.9948,14.9951,14.9948,14.995,14.9955,14.9955,14.9947,14.9953,14.9945,14.9945,14.9957,14.9957,14.9957,14.9965,14.9967,14.9962,14.9965,14.9962,14.9957,14.9948,14.9948,
Sat Apr 18 2020 11:29:58 GMT-0400 (Eastern Daylight Time)
14.9945,14.9945,14.9954,14.9951,14.9964,14.9951,14.9965,14.9965,14.997,14.997,14.9972,14.9972,14.9968,14.9971,14.9967,14.9965,14.997,14.997,14.9965,14.9994,14.9994,15,14.9996,14.9996,14.9995,14.9977,14.9977,14.9969,14.9969,14.9965,14.9956,14.9959,14.9963,14.9964,14.9959,14.9962,14.9953,14.9954,14.9952,14.9952,14.9954,14.9951,14.9951,14.9949,14.9949,14.9969,14.9973,14.9973,14.9973,14.9961,14.9961,14.9961,14.9961,14.9963,14.9963,14.9963,14.9966,14.9966,14.9952,14.9946,
Sat Apr 18 2020 11:30:58 GMT-0400 (Eastern Daylight Time)
14.9946,14.9943,14.9935,14.9932,14.9932,14.9909,14.9919,14.9927,14.993,14.993,14.9934,14.9929,14.9934,14.9932,14.9915,14.9922,14.9929,14.9929,14.9924,14.9931,14.9943,14.9943,14.9934,14.9938,14.9932,14.9928,14.9928,14.9928,14.9928,14.994,14.9938,14.9938,14.9939,14.9939,14.9939,14.9935,14.9955,14.9951,14.9959,14.9953,14.9957,14.995,14.995,14.995,14.9946,14.9946,14.994,14.9934,14.9939,14.9939,14.9933,14.9933,14.9937,14.9929,14.9934,14.9927,14.9927,14.9919,14.9915,14.9915,
Sat Apr 18 2020 11:31:58 GMT-0400 (Eastern Daylight Time)
14.9918,14.9918,14.9919,14.9919,14.9913,14.9913,14.992,14.992,14.992,14.992,14.9929,14.9929,14.9929,14.9929,14.9929,14.9936,14.9936,14.9936,14.9936,14.9936,14.9933,14.9933,14.9928,14.9928,14.9928,14.9935,14.9946,14.9952,14.9955,14.9962,14.9977,14.9977,14.9977,14.9977,14.997,14.997,14.9969,14.9969,14.9961,14.9971,14.9971,14.9975,14.9975,14.9975,14.9967,14.9967,14.9973,14.9952,14.9952,14.9952,14.9956,14.9959,14.9954,14.9949,14.9949,14.9943,14.9943,14.9943,14.9939,14.9939,
Sat Apr 18 2020 11:32:58 GMT-0400 (Eastern Daylight Time)
14.9939,14.9939,14.9939,14.9939,14.9939,14.9939,14.9939,14.9939,14.9933,14.9958,14.9985,14.9987,14.9995,14.9995,14.999,15,15,15,14.9984,14.9979,14.9979,14.9979,14.9985,14.999,15.0016,15.0023,15.004,15.0034,15.0034,15.0034,15.004,15.004,15.0052,15.0058,15.0061,15.0063,15.0066,15.0066,15.0058,15.0064,15.0058,15.007,15.0074,15.0078,15.0078,15.0075,15.0082,15.0085,15.0087,15.0087,15.0089,15.0095,15.0091,15.0103,15.0103,15.0107,15.01,15.01,15.0097,15.0088,
Sat Apr 18 2020 11:33:58 GMT-0400 (Eastern Daylight Time)
15.0088,15.0091,15.0088,15.0091,15.0091,15.0091,15.0104,15.0112,15.0117,15.0109,15.0107,15.0111,15.0111,15.0116,15.0116,15.012,15.0125,15.0125,15.0148,15.0148,15.0148,15.0148,15.0152,15.013,15.0133,15.013,15.0126,15.0144,15.0135,15.0133,15.0137,15.0135,15.0135,15.0137,15.0132,15.0125,15.0125,15.0121,15.0118,15.0108,15.011,15.011,15.013,15.0132,15.0128,15.0123,15.0126,15.0129,15.0129,15.0136,15.0133,15.013,15.0136,15.0123,15.0109,15.0104,15.0108,15.011,15.0115,15.0112,
Sat Apr 18 2020 11:34:58 GMT-0400 (Eastern Daylight Time)
15.0112,15.0112,15.0109,15.0105,15.0105,15.0105,15.01,15.01,15.0089,15.0085,15.0112,15.0104,15.0107,15.0113,15.0111,15.0112,15.0098,15.0093,15.0096,15.0108,15.0105,15.0117,15.0116,15.0118,15.012,15.0117,15.0108,15.0108,15.0113,15.0107,15.0112,15.0112,15.0116,15.0129,15.0126,15.0123,15.0126,15.0115,15.0118,15.0132,15.013,15.0127,15.013,15.0132,15.0132,15.0129,15.0102,15.0095,15.0091,15.0095,15.0093,15.0093,15.0087,15.0083,15.0077,15.0086,15.0089,15.009,15.0086,15.0072,
Sat Apr 18 2020 11:35:58 GMT-0400 (Eastern Daylight Time)
15.0075,15.0075,15.0072,15.0072,15.0073,15.0073,15.0078,15.0086,15.0088,15.0088,15.0097,15.0101,15.0096,15.0093,15.0105,15.0101,15.0097,15.0097,15.0112,15.0115,15.0115,15.012,15.0117,15.0097,15.0101,15.0101,15.0104,15.0097,15.009,15.0094,15.0096,15.0091,15.0087,15.0084,15.0081,15.0087,15.0092,15.0092,15.009,15.0085,15.0089,15.0082,15.008,15.0077,15.0072,15.0062,15.006,15.006,15.0065,15.0046,15.004,15.0036,15.0029,15.0033,15.0025,15.0032,15.0064,15.0064,15.0054,15.0049,
Sat Apr 18 2020 11:36:58 GMT-0400 (Eastern Daylight Time)
15.0053,15.0057,15.0062,15.0062,15.0063,15.0063,15.0063,15.0063,15.0069,15.0065,15.0076,15.0071,15.0073,15.0075,15.0078,15.0083,15.0086,15.0085,15.008,15.0099,15.0097,15.0097,15.0101,15.0099,15.0099,15.0081,15.0078,15.0074,15.0077,15.0093,15.0089,15.0095,15.0092,15.0093,15.0084,15.0084,15.008,15.0086,15.0052,15.0055,15.0051,15.0049,15.0049,15.005,15.005,15.0046,15.0043,15.0056,15.0056,15.0054,15.0057,15.0073,15.0076,15.0071,15.0076,15.0071,15.0071,15.008,15.007,15.0067,
Sat Apr 18 2020 11:37:58 GMT-0400 (Eastern Daylight Time)
15.0065,15.0065,15.006,15.0079,15.0084,15.0071,15.0074,15.0077,15.0082,15.0087,15.0097,15.0097,15.0094,15.0094,15.0098,15.0101,15.0098,15.0107,15.0097,15.0111,15.0109,15.0118,15.0121,15.0127,15.011,15.0114,15.0125,15.0122,15.0114,15.0114,15.0126,15.0123,15.0131,15.0125,15.0129,15.0134,15.0134,15.0134,15.0136,15.0141,15.0137,15.0137,15.0137,15.0137,15.0133,15.0133,15.013,15.0137,15.0137,15.0141,15.0141,15.0144,15.0147,15.0147,15.015,15.0147,15.0141,15.0145,15.0145,15.0129,
Sat Apr 18 2020 11:38:58 GMT-0400 (Eastern Daylight Time)
15.0126,15.0126,15.0126,15.0122,15.0122,15.0119,15.0115,15.0114,15.0114,15.0114,15.0107,15.0104,15.0104,15.0106,15.0103,15.0116,15.0116,15.0116,15.013,15.0154,15.0154,15.0163,15.0163,15.0162,15.0164,15.0164,15.0161,15.0172,15.0147,15.0147,15.0129,15.0134,15.0137,15.0135,15.0125,15.0115,15.0111,15.0115,15.0142,15.0142,15.0148,15.0148,15.0144,15.0152,15.0154,15.015,15.0152,15.0159,15.0151,15.0175,15.0175,15.0182,15.0175,15.0171,15.0168,15.0172,15.0176,15.0172,15.0177,15.0162,
Sat Apr 18 2020 11:39:58 GMT-0400 (Eastern Daylight Time)
15.0159,15.0154,15.0164,15.0163,15.0157,15.0157,15.0157,15.0151,15.0164,15.0157,15.0157,15.0157,15.0151,15.0152,15.0149,15.0164,15.0159,15.0159,15.0159,15.016,15.016,15.0158,15.0158,15.015,15.016,15.017,15.0172,15.0175,15.0172,15.0175,15.0181,15.0181,15.0183,15.0171,15.0173,15.0173,15.0188,15.0177,15.0177,15.0177,15.0177,15.0186,15.0189,15.0189,15.0189,15.0189,15.0192,15.0196,15.0199,15.0182,15.018,15.0192,15.0192,15.0188,15.0192,15.0204,15.02,15.02,15.0194,15.0194,
Sat Apr 18 2020 11:40:58 GMT-0400 (Eastern Daylight Time)
15.0187,15.0194,15.0193,15.0195,15.0195,15.0196,15.0191,15.0201,15.0201,15.0198,15.0196,15.0192,15.0196,15.0196,15.0196,15.0196,15.0194,15.0194,15.0196,15.0193,15.019,15.0193,15.0193,15.0204,15.0213,15.0206,15.0209,15.0209,15.0205,15.0209,15.0209,15.0203,15.02,15.0202,15.0202,15.0202,15.0204,15.0204,15.0218,15.0218,15.0212,15.0214,15.0218,15.0216,15.0216,15.0231,15.0237,15.0231,15.0231,15.023,15.0217,15.0223,15.0219,15.0193,15.0197,15.019,15.019,15.019,15.0183,15.0211,
Sat Apr 18 2020 11:41:58 GMT-0400 (Eastern Daylight Time)
15.0224,15.0235,15.0239,15.0245,15.0241,15.0244,15.0244,15.0248,15.0246,15.0256,15.0262,15.0265,15.026,15.026,15.025,15.0247,15.0237,15.0237,15.0237,15.0218,15.0218,15.0235,15.0237,15.0234,15.0229,15.0235,15.0243,15.024,15.0235,15.0235,15.0238,15.0256,15.0263,15.0263,15.0263,15.0261,15.0261,15.0264,15.0279,15.0276,15.0273,15.0287,15.0283,15.0306,15.0301,15.0305,15.0305,15.0333,15.033,15.0334,15.0332,15.0335,15.034,15.034,15.0343,15.0322,15.0326,15.0329,15.033,15.0347,
Sat Apr 18 2020 11:42:58 GMT-0400 (Eastern Daylight Time)
15.0354,15.0361,15.0366,15.0369,15.0374,15.0374,15.0374,15.0364,15.0367,15.0362,15.0362,15.0364,15.0364,15.0367,15.0375,15.0379,15.0372,15.0372,15.0372,15.037,15.0353,15.0348,15.0348,15.0344,15.0337,15.034,15.0344,15.0339,15.0341,15.0343,15.0348,15.0326,15.0326,15.0297,15.0297,15.033,15.033,15.0334,15.0334,15.0334,15.0335,15.0335,15.0331,15.0336,15.0336,15.0333,15.0333,15.0339,15.0343,15.0343,15.0349,15.0341,15.0341,15.0341,15.0345,15.0335,15.0332,15.0329,15.0331,15.0331,
Sat Apr 18 2020 11:43:58 GMT-0400 (Eastern Daylight Time)
15.0323,15.0326,15.0327,15.0316,15.032,15.0318,15.0315,15.03,15.03,15.0292,15.0292,15.0273,15.0273,15.0273,15.0273,15.0281,15.0278,15.0282,15.0282,15.028,15.028,15.0303,15.0301,15.0301,15.0303,15.0303,15.0308,15.0305,15.0314,15.0314,15.0311,15.0284,15.0271,15.027,15.027,15.0285,15.0275,15.0278,15.0286,15.0286,15.0283,15.0291,15.0294,15.0288,15.0291,15.0294,15.0294,15.0292,15.0295,15.0321,15.0318,15.0321,15.0317,15.0307,15.0297,15.03,15.0298,15.0298,15.0298,15.0302,
Sat Apr 18 2020 11:44:58 GMT-0400 (Eastern Daylight Time)
15.0298,15.0297,15.0293,15.0316,15.0314,15.0315,15.0315,15.0317,15.0317,15.0314,15.0324,15.0332,15.033,15.033,15.033,15.0349,15.0349,15.0349,15.0352,15.0358,15.0355,15.0368,15.0371,15.0368,15.0365,15.0368,15.0368,15.0374,15.0371,15.0365,15.0355,15.0352,15.0354,15.0354,15.0334,15.0339,15.0347,15.0345,15.0344,15.0359,15.0362,15.0365,15.0374,15.0375,15.0372,15.0374,15.0368,15.0372,15.0372,15.0369,15.0372,15.0379,15.0386,15.0388,15.0388,15.0385,15.0385,15.0381,15.0375,15.0381,
Sat Apr 18 2020 11:45:58 GMT-0400 (Eastern Daylight Time)
15.0396,15.0396,15.0393,15.0384,15.0379,15.0383,15.0386,15.038,15.0383,15.0378,15.0378,15.0384,15.0385,15.0392,15.039,15.0401,15.0403,15.0406,15.0411,15.0414,15.0414,15.0417,15.0417,15.0411,15.0411,15.0413,15.0405,15.0421,15.0421,15.0423,15.0419,15.0425,15.0426,15.0426,15.0428,15.0433,15.0433,15.0433,15.0438,15.0436,15.0428,15.0428,15.0427,15.0424,15.0421,15.0425,15.0419,15.0421,15.0421,15.0418,15.0414,15.0414,15.0423,15.0432,15.0427,15.0427,15.0423,15.0419,15.0425,15.042,
Sat Apr 18 2020 11:46:58 GMT-0400 (Eastern Daylight Time)
15.042,15.0418,15.0412,15.0425,15.042,15.0416,15.042,15.042,15.0422,15.0422,15.0425,15.0428,15.0424,15.042,15.0427,15.0425,15.043,15.0426,15.0432,15.0435,15.0421,15.0426,15.0429,15.0429,15.0436,15.0433,15.0437,15.0432,15.0433,15.0429,15.042,15.0407,15.0372,15.0375,15.0371,15.0371,15.0377,15.0375,15.0375,15.0375,15.0375,15.0379,15.0367,15.0364,15.0365,15.0375,15.0375,15.0378,15.0382,15.0382,15.0379,15.0383,15.0377,15.0378,15.0373,15.0376,15.0376,15.0371,15.0378,15.0379,
Sat Apr 18 2020 11:47:58 GMT-0400 (Eastern Daylight Time)
15.0375,15.0375,15.0375,15.0378,15.038,15.0383,15.038,15.038,15.0372,15.037,15.0376,15.0373,15.0378,15.0381,15.0378,15.0378,15.037,15.0372,15.0375,15.0371,15.0368,15.0364,15.0364,15.0368,15.0381,15.0385,15.0389,15.0386,15.0379,15.0379,15.0383,15.0381,15.0385,15.0385,15.0371,15.0368,15.0362,15.0362,15.0359,15.0362,15.0365,15.0373,15.0373,15.0369,15.0392,15.0392,15.0396,15.0396,15.0381,15.0381,15.041,15.0416,15.0429,15.0434,15.043,15.043,15.0416,15.0416,15.0416,15.0416,
Sat Apr 18 2020 11:48:58 GMT-0400 (Eastern Daylight Time)
15.0416,15.0416,15.0418,15.0417,15.0423,15.0431,15.0428,15.0434,15.0427,15.0425,15.0431,15.0434,15.0433,15.0426,15.0432,15.0432,15.0447,15.0454,15.0458,15.0458,15.0458,15.0442,15.0438,15.0438,15.0438,15.0445,15.0438,15.0438,15.0441,15.0436,15.0434,15.0434,15.0434,15.0434,15.0437,15.0444,15.0451,15.0451,15.0451,15.0442,15.0447,15.044,15.044,15.0433,15.0433,15.0433,15.0433,15.0443,15.0426,15.0426,15.0423,15.0423,15.042,15.0413,15.0413,15.0413,15.0414,15.0414,15.0408,15.0413,
Sat Apr 18 2020 11:49:58 GMT-0400 (Eastern Daylight Time)
15.0413,15.0413,15.0413,15.0413,15.0413,15.0413,15.0413,15.0413,15.041,15.041,15.0416,15.0416,15.0412,15.0412,15.0412,15.0412,15.0419,15.0417,15.0417,15.0424,15.042,15.042,15.0423,15.0427,15.0427,15.0424,15.0436,15.0436,15.044,15.0443,15.0457,15.046,15.0447,15.0446,15.0448,15.0448,15.0452,15.0456,15.0469,15.0469,15.0463,15.0463,15.0469,15.0486,15.0486,15.0489,15.0485,15.0485,15.0492,15.05,15.05,15.0497,15.05,15.0498,15.0506,15.0506,15.051,15.0513,15.0513,15.0513,
Sat Apr 18 2020 11:50:58 GMT-0400 (Eastern Daylight Time)
15.0513,15.0513,15.0508,15.0508,15.0493,15.0493,15.0506,15.0507,15.0519,15.0519,15.0519,15.0519,15.0516,15.0516,15.0516,15.0514,15.0534,15.0538,15.0532,15.0536,15.0544,15.0549,15.0542,15.0549,15.0553,15.0549,15.0537,15.0537,15.0556,15.0556,15.0556,15.0551,15.0563,15.0558,15.0555,15.0552,15.0538,15.0541,15.0536,15.0531,15.0528,15.0528,15.0534,15.0528,15.0528,15.0532,15.0535,15.0535,15.053,15.053,15.0526,15.0522,15.0531,15.0531,15.0531,15.0536,15.0532,15.0541,15.0537,15.0537,
Sat Apr 18 2020 11:51:58 GMT-0400 (Eastern Daylight Time)
15.0536,15.0533,15.0533,15.0533,15.0525,15.0525,15.0525,15.0528,15.0532,15.0529,15.0538,15.054,15.054,15.054,15.0539,15.0535,15.0528,15.0528,15.0528,15.0531,15.0531,15.0533,15.0533,15.0539,15.0539,15.0535,15.0538,15.0535,15.0543,15.0543,15.0541,15.0538,15.0538,15.0528,15.0528,15.0525,15.0528,15.0531,15.0528,15.0524,15.0519,15.0522,15.0524,15.0521,15.0531,15.0528,15.0536,15.0545,15.0546,15.0549,15.0549,15.0542,15.0541,15.0539,15.0534,15.0534,15.0534,15.0532,15.0542,15.0542,
Sat Apr 18 2020 11:52:58 GMT-0400 (Eastern Daylight Time)
15.0544,15.0525,15.0517,15.0521,15.0521,15.0521,15.0524,15.0528,15.0528,15.0526,15.0526,15.0528,15.0522,15.0517,15.0517,15.0523,15.053,15.053,15.0532,15.0532,15.0532,15.0537,15.0537,15.0537,15.0534,15.0544,15.0546,15.0554,15.0563,15.0572,15.0572,15.0572,15.0564,15.0561,15.0563,15.0558,15.0553,15.0548,15.0557,15.0565,15.057,15.0573,15.0575,15.057,15.0574,15.0574,15.0572,15.057,15.0583,15.0581,15.0577,15.0595,15.0598,15.0587,15.0589,15.0603,15.0593,15.0589,15.0571,15.0562,
Sat Apr 18 2020 11:53:58 GMT-0400 (Eastern Daylight Time)
15.058,15.0582,15.0587,15.0589,15.0583,15.0588,15.0603,15.0603,15.0609,15.0611,15.0606,15.0606,15.0609,15.0609,15.0609,15.061,15.0608,15.0601,15.0601,15.0595,15.0587,15.058,15.0583,15.0579,15.0579,15.0577,15.0577,15.0564,15.0566,15.0562,15.0562,15.0572,15.0572,15.0575,15.0575,15.057,15.0572,15.0556,15.0545,15.0548,15.0543,15.0548,15.0553,15.0549,15.0549,15.055,15.0561,15.0563,15.0555,15.0553,15.0553,15.0559,15.0555,15.0549,15.0552,15.0546,15.0546,15.055,15.0544,15.0541,
Sat Apr 18 2020 11:54:58 GMT-0400 (Eastern Daylight Time)
15.0546,15.0548,15.0545,15.0537,15.0537,15.0528,15.0512,15.0512,15.0509,15.0503,15.0511,15.0507,15.0507,15.0509,15.0509,15.0506,15.0504,15.0512,15.0507,15.0505,15.0495,15.0457,15.046,15.0455,15.0455,15.0452,15.048,15.048,15.0474,15.0471,15.0468,15.0468,15.0463,15.0477,15.0482,15.0475,15.0475,15.0475,15.047,15.0467,15.0464,15.0454,15.0457,15.0457,15.0457,15.0465,15.0465,15.0468,15.0471,15.0477,15.0484,15.0474,15.047,15.0456,15.046,15.0457,15.0457,15.0457,15.0457,15.046,
Sat Apr 18 2020 11:55:58 GMT-0400 (Eastern Daylight Time)
15.0463,15.0465,15.0469,15.0473,15.0475,15.0484,15.0486,15.0489,15.0494,15.0489,15.0507,15.0507,15.051,15.0513,15.0497,15.0492,15.0492,15.0508,15.0508,15.0555,15.0578,15.058,15.0578,15.056,15.0562,15.0569,15.057,15.0562,15.0562,15.0553,15.0553,15.0558,15.0547,15.0549,15.0549,15.0546,15.0518,15.0518,15.0548,15.0551,15.0553,15.0551,15.055,15.0567,15.0575,15.0581,15.0581,15.0598,15.0601,15.0605,15.0608,15.0608,15.0608,15.0613,15.0606,15.0603,15.0603,15.0611,15.0609,15.0612,
Sat Apr 18 2020 11:56:58 GMT-0400 (Eastern Daylight Time)
15.0614,15.0614,15.0611,15.0615,15.0615,15.0619,15.0623,15.0617,15.0617,15.0614,15.0617,15.0617,15.0617,15.061,15.0622,15.062,15.0623,15.0625,15.0622,15.0624,15.0624,15.064,15.0649,15.0647,15.0643,15.064,15.0637,15.0635,15.0629,15.0627,15.0627,15.0627,15.0625,15.0615,15.0613,15.0614,15.061,15.0619,15.0619,15.0623,15.0623,15.062,15.0618,15.062,15.0613,15.061,15.0613,15.0613,15.0621,15.0619,15.0632,15.0627,15.0621,15.0621,15.0621,15.0606,15.061,15.0617,15.0618,15.0616,
Sat Apr 18 2020 11:57:58 GMT-0400 (Eastern Daylight Time)
15.0616,15.0624,15.0627,15.0617,15.061,15.0622,15.0622,15.061,15.0608,15.0611,15.0611,15.0621,15.0619,15.0614,15.0608,15.0605,15.0598,15.059,15.0587,15.0587,15.0584,15.0589,15.0589,15.0576,15.0568,15.0566,15.0563,15.0559,15.0561,15.055,15.0557,15.0552,15.0559,15.0571,15.0582,15.0587,15.0591,15.0584,15.0588,15.0588,15.0592,15.058,15.0585,15.0592,15.0588,15.0585,15.0589,15.0583,15.0574,15.0578,15.0582,15.0579,15.0577,15.0572,15.0572,15.0569,15.0567,15.0575,15.0588,15.0591,
Sat Apr 18 2020 11:58:58 GMT-0400 (Eastern Daylight Time)
15.0588,15.0607,15.0607,15.0604,15.0593,15.0589,15.0595,15.0595,15.0595,15.0598,15.0603,15.0605,15.0608,15.0593,15.0585,15.0581,15.0588,15.0588,15.0573,15.0575,15.0575,15.057,15.0562,15.0562,15.0562,15.0569,15.0569,15.0575,15.0555,15.0574,15.0574,15.056,15.0556,15.0553,15.0555,15.0561,15.0547,15.0542,15.0546,15.0546,15.0559,15.0555,15.0552,15.0555,15.0561,15.0558,15.0555,15.0551,15.0553,15.0545,15.0551,15.0548,15.0548,15.0556,15.0552,15.0555,15.0555,15.0575,15.0587,15.0585,
Sat Apr 18 2020 11:59:58 GMT-0400 (Eastern Daylight Time)
15.0579,15.0579,15.0576,15.0571,15.0571,15.0576,15.0585,15.0581,15.0581,15.0581,15.0587,15.0587,15.059,15.0585,15.0578,15.057,15.0558,15.0549,15.0524,15.0524,15.0527,15.0527,15.0527,15.0525,15.0525,15.053,15.053,15.0524,15.0527,15.0535,15.0537,15.054,15.0537,15.0538,15.0538,15.0543,15.0541,15.0531,15.0531,15.0525,15.0525,15.052,15.052,15.0522,15.0519,15.0538,15.0543,15.0541,15.0541,15.0535,15.0539,15.052,15.0515,15.0515,15.0524,15.0521,15.0524,15.0524,15.0535,15.0535,
Sat Apr 18 2020 12:00:58 GMT-0400 (Eastern Daylight Time)
15.054,15.053,15.0533,15.0533,15.0533,15.0548,15.0553,15.0548,15.0553,15.0554,15.0549,15.0549,15.0549,15.0556,15.0565,15.0574,15.0582,15.0575,15.0578,15.0574,15.0574,15.0567,15.0571,15.0583,15.057,15.057,15.0578,15.0578,15.0575,15.0572,15.0583,15.0583,15.0587,15.0584,15.0587,15.0584,15.0587,15.0578,15.0575,15.0573,15.057,15.057,15.0563,15.0567,15.0567,15.0567,15.0563,15.0561,15.0559,15.0566,15.0573,15.057,15.0574,15.0574,15.0574,15.057,15.057,15.057,15.0569,15.0572,
Sat Apr 18 2020 12:01:58 GMT-0400 (Eastern Daylight Time)
15.0579,15.0579,15.0571,15.0559,15.0559,15.0559,15.0561,15.0561,15.0561,15.0561,15.0557,15.0551,15.0544,15.0544,15.0547,15.0543,15.0545,15.0542,15.0535,15.0535,15.0531,15.0529,15.0528,15.053,15.053,15.0524,15.0523,15.0523,15.0525,15.0518,15.0517,15.0515,15.0513,15.0513,15.0512,15.051,15.051,15.051,15.0504,15.0498,15.0495,15.0495,15.0498,15.0498,15.0498,15.0503,15.05,15.053,15.053,15.0543,15.0545,15.0535,15.0532,15.0515,15.0512,15.0519,15.0519,15.0513,15.0513,15.0506,
Sat Apr 18 2020 12:02:58 GMT-0400 (Eastern Daylight Time)
15.0501,15.0501,15.0506,15.0503,15.0503,15.0517,15.0556,15.0551,15.0551,15.0546,15.0552,15.0554,15.0557,15.0557,15.0569,15.0567,15.0567,15.0558,15.0561,15.0557,15.0565,15.0568,15.057,15.0567,15.0572,15.0567,15.0573,15.058,15.0582,15.0582,15.055,15.0554,15.0567,15.0564,15.0559,15.0567,15.0567,15.0564,15.0571,15.0562,15.056,15.056,15.0556,15.0549,15.0554,15.0554,15.0557,15.0555,15.0555,15.0538,15.0536,15.0536,15.0536,15.0536,15.0534,15.0532,15.053,15.0531,15.0534,15.0531,
Sat Apr 18 2020 12:03:58 GMT-0400 (Eastern Daylight Time)
15.0531,15.0531,15.052,15.052,15.0513,15.0513,15.0541,15.0546,15.0546,15.055,15.0555,15.0558,15.0553,15.0549,15.0549,15.0545,15.055,15.0545,15.057,15.057,15.0565,15.0562,15.057,15.057,15.0564,15.0564,15.0556,15.0556,15.0549,15.0562,15.0562,15.0566,15.0566,15.0569,15.0571,15.0574,15.0576,15.0575,15.0582,15.0582,15.0583,15.0586,15.059,15.0587,15.0587,15.0603,15.0597,15.0597,15.0607,15.0607,15.0614,15.0614,15.0614,15.0614,15.0614,15.0606,15.0598,15.0598,15.0603,15.0601,
Sat Apr 18 2020 12:04:58 GMT-0400 (Eastern Daylight Time)
15.0594,15.0591,15.0587,15.0587,15.0585,15.0589,15.0594,15.0582,15.0582,15.0582,15.0582,15.0582,15.0579,15.0573,15.0573,15.0571,15.0573,15.0573,15.0576,15.058,15.058,15.0583,15.0586,15.059,15.0593,15.0593,15.0595,15.0591,15.0596,15.0606,15.0604,15.0604,15.0608,15.0605,15.0608,15.0613,15.0603,15.0602,15.0599,15.0599,15.0589,15.0574,15.0576,15.0576,15.0576,15.0579,15.0583,15.058,15.0585,15.0585,15.0597,15.0595,15.0598,15.0598,15.0598,15.0602,15.0608,15.06,15.06,15.06,
Sat Apr 18 2020 12:05:58 GMT-0400 (Eastern Daylight Time)
15.0597,15.0597,15.0586,15.0589,15.0589,15.058,15.058,15.0588,15.0585,15.0569,15.0562,15.0566,15.0566,15.0577,15.058,15.058,15.0581,15.0596,15.0596,15.0599,15.0608,15.0617,15.0615,15.061,15.061,15.061,15.0599,15.0602,15.0596,15.06,15.0599,15.0602,15.0602,15.0619,15.0622,15.0615,15.0619,15.0619,15.0617,15.0618,15.0615,15.0613,15.0604,15.06,15.0592,15.0589,15.0579,15.0574,15.0562,15.0564,15.0561,15.0567,15.0565,15.056,15.0562,15.0591,15.0584,15.0584,15.059,15.0588,
Sat Apr 18 2020 12:06:58 GMT-0400 (Eastern Daylight Time)
15.0588,15.0592,15.0602,15.0615,15.0609,15.0609,15.0617,15.0613,15.0617,15.0617,15.0607,15.061,15.0613,15.0603,15.0612,15.0614,15.0614,15.0611,15.0617,15.0617,15.0614,15.0619,15.0607,15.0607,15.061,15.0615,15.061,15.061,15.0615,15.0617,15.0614,15.0618,15.0618,15.0618,15.0609,15.0624,15.0621,15.0621,15.0612,15.0609,15.0613,15.0613,15.0619,15.0617,15.0628,15.0633,15.063,15.0633,15.063,15.0628,15.0628,15.0623,15.0627,15.0627,15.0611,15.0608,15.0608,15.0608,15.0603,15.0608,
Sat Apr 18 2020 12:07:58 GMT-0400 (Eastern Daylight Time)
15.0606,15.0606,15.0608,15.0622,15.0622,15.0626,15.0634,15.0636,15.0636,15.0636,15.0638,15.0635,15.0632,15.0634,15.0635,15.0636,15.0643,15.0643,15.0678,15.0678,15.0678,15.0678,15.0681,15.0678,15.0678,15.0679,15.0676,15.0682,15.0682,15.0682,15.0681,15.0686,15.0692,15.0686,15.0691,15.0691,15.0699,15.0702,15.0701,15.0711,15.0711,15.0702,15.0698,15.0704,15.0706,15.0706,15.0715,15.0711,15.0706,15.0712,15.0699,15.0693,15.0684,15.0677,15.0673,15.067,15.067,15.0676,15.0682,15.0677,
Sat Apr 18 2020 12:08:58 GMT-0400 (Eastern Daylight Time)
15.0677,15.068,15.0684,15.0702,15.0702,15.0705,15.0693,15.0693,15.0681,15.0691,15.0691,15.0688,15.0688,15.0688,15.0688,15.0684,15.0677,15.0679,15.068,15.0684,15.0679,15.0679,15.0676,15.068,15.0685,15.0681,15.0677,15.0685,15.069,15.069,15.0693,15.0695,15.0693,15.0686,15.0689,15.0683,15.0683,15.0691,15.0691,15.068,15.0675,15.0674,15.0681,15.0679,15.0679,15.0675,15.0678,15.0678,15.0678,15.067,15.067,15.0667,15.0673,15.0682,15.0682,15.0679,15.0677,15.0672,15.0679,15.0698,
Sat Apr 18 2020 12:09:58 GMT-0400 (Eastern Daylight Time)
15.0698,15.0695,15.0702,15.0711,15.0711,15.0711,15.0716,15.0723,15.072,15.0716,15.0717,15.0711,15.0714,15.0714,15.0714,15.0707,15.0707,15.0711,15.0708,15.0708,15.0713,15.0713,15.0709,15.0709,15.0712,15.0712,15.0717,15.0723,15.0745,15.0745,15.0744,15.074,15.0743,15.0747,15.0745,15.0744,15.0741,15.0755,15.0757,15.0771,15.0774,15.0765,15.0769,15.0772,15.0772,15.0775,15.0775,15.0763,15.0763,15.0765,15.0774,15.0775,15.0773,15.0776,15.0768,15.0757,15.0749,15.0753,15.0747,15.075,
Sat Apr 18 2020 12:10:58 GMT-0400 (Eastern Daylight Time)
15.075,15.075,15.0747,15.0729,15.075,15.0752,15.0755,15.0759,15.0759,15.0752,15.0744,15.074,15.074,15.0721,15.0721,15.0721,15.0717,15.0716,15.0718,15.0703,15.069,15.069,15.069,15.0683,15.068,15.068,15.0678,15.0678,15.0678,15.0676,15.0676,15.0664,15.0671,15.0671,15.0672,15.0674,15.0671,15.0675,15.0675,15.0673,15.067,15.0667,15.0663,15.0664,15.0664,15.0662,15.0657,15.0653,15.0651,15.0658,15.0666,15.0674,15.0671,15.0671,15.0676,15.0679,15.0678,15.068,15.068,15.068,
Sat Apr 18 2020 12:11:58 GMT-0400 (Eastern Daylight Time)
15.0688,15.0688,15.0692,15.0697,15.0697,15.0697,15.0699,15.0687,15.0685,15.0685,15.0688,15.0688,15.069,15.0702,15.0705,15.0711,15.07,15.07,15.0703,15.0714,15.0714,15.0717,15.0704,15.0707,15.0722,15.0729,15.0729,15.0723,15.0723,15.0723,15.0735,15.0726,15.0726,15.0727,15.0723,15.0721,15.0711,15.0714,15.0707,15.0703,15.0715,15.0718,15.072,15.0697,15.07,15.0696,15.0692,15.0694,15.069,15.069,15.0693,15.0688,15.069,15.0687,15.0677,15.0667,15.0667,15.0678,15.0675,15.0675,
Sat Apr 18 2020 12:12:58 GMT-0400 (Eastern Daylight Time)
15.0675,15.0675,15.0675,15.0679,15.0676,15.0676,15.0678,15.067,15.0667,15.0671,15.0671,15.0667,15.0667,15.0663,15.0663,15.0674,15.0679,15.0679,15.0697,15.0702,15.0708,15.0711,15.0714,15.0717,15.0717,15.0733,15.0751,15.0746,15.0745,15.075,15.075,15.0747,15.0747,15.0745,15.0745,15.0743,15.0734,15.0734,15.0738,15.0758,15.0754,15.0752,15.0758,15.0761,15.0761,15.0766,15.0775,15.0769,15.0766,15.0762,15.0755,15.0761,15.0764,15.0761,15.076,15.0764,15.0764,15.0764,15.0755,15.0747,
Sat Apr 18 2020 12:13:58 GMT-0400 (Eastern Daylight Time)
15.0747,15.0754,15.0754,15.0752,15.0752,15.0752,15.0749,15.0752,15.0748,15.0749,15.0749,15.0737,15.0737,15.0737,15.0737,15.0733,15.0721,15.0718,15.0726,15.0726,15.0728,15.0728,15.0721,15.0729,15.0736,15.0736,15.073,15.0713,15.0718,15.0718,15.0711,15.0734,15.0734,15.0731,15.0731,15.0736,15.0733,15.0736,15.0742,15.0751,15.0751,15.0752,15.0755,15.0759,15.0753,15.0753,15.0762,15.076,15.0765,15.0769,15.0772,15.0776,15.0769,15.0765,15.0759,15.0775,15.0781,15.0781,15.0793,15.0795,
Sat Apr 18 2020 12:14:58 GMT-0400 (Eastern Daylight Time)
15.0797,15.0793,15.0789,15.0795,15.0805,15.0803,15.08,15.0797,15.0788,15.0788,15.0791,15.0789,15.0794,15.0796,15.0796,15.0796,15.08,15.0809,15.0795,15.0799,15.0799,15.0811,15.0814,15.0805,15.0808,15.0806,15.0801,15.081,15.0806,15.0803,15.0805,15.0802,15.0799,15.0803,15.0806,15.0815,15.0829,15.0829,15.0829,15.0829,15.0829,15.0829,15.0834,15.0832,15.0835,15.0838,15.0838,15.084,15.084,15.0857,15.0864,15.0864,15.0864,15.0867,15.0867,15.0871,15.0877,15.0875,15.0875,15.0879,
Sat Apr 18 2020 12:15:58 GMT-0400 (Eastern Daylight Time)
15.0876,15.0873,15.0873,15.0878,15.088,15.0881,15.0888,15.0879,15.0874,15.0868,15.0862,15.0865,15.0862,15.0865,15.0865,15.0865,15.086,15.086,15.0863,15.0868,15.0864,15.0864,15.0864,15.0853,15.0849,15.0851,15.0847,15.0839,15.0842,15.0839,15.0843,15.0841,15.0854,15.085,15.0853,15.0853,15.0861,15.0857,15.0857,15.0861,15.0861,15.0864,15.0867,15.0872,15.0874,15.0856,15.0849,15.0856,15.0859,15.0866,15.0869,15.0863,15.0866,15.0866,15.0866,15.0863,15.0863,15.0869,15.0867,15.0864,
Sat Apr 18 2020 12:16:58 GMT-0400 (Eastern Daylight Time)
15.0858,15.0861,15.0861,15.0864,15.0864,15.0862,15.0859,15.0856,15.0849,15.0842,15.0839,15.0844,15.084,15.0842,15.0842,15.0842,15.0843,15.084,15.084,15.084,15.0834,15.0837,15.085,15.085,15.085,15.085,15.0847,15.085,15.0836,15.0836,15.0839,15.0841,15.0843,15.0843,15.0832,15.0832,15.0831,15.0826,15.0826,15.0822,15.0825,15.0825,15.0828,15.0828,15.0851,15.0839,15.0842,15.0852,15.0839,15.0849,15.0851,15.0851,15.0854,15.0854,15.0853,15.0859,15.0854,15.0848,15.0824,15.0838,
Sat Apr 18 2020 12:17:58 GMT-0400 (Eastern Daylight Time)
15.0838,15.0823,15.0823,15.0823,15.0825,15.0827,15.0824,15.0844,15.0843,15.0846,15.0849,15.0853,15.0853,15.0844,15.0849,15.0853,15.0848,15.0845,15.0836,15.0827,15.0835,15.0828,15.083,15.083,15.0836,15.0831,15.0834,15.0831,15.0834,15.0834,15.0839,15.0835,15.0835,15.0841,15.0848,15.0863,15.0848,15.0862,15.087,15.0873,15.0877,15.0877,15.0884,15.0884,15.0878,15.0878,15.0881,15.0881,15.087,15.0866,15.0869,15.0872,15.0863,15.0864,15.0861,15.0851,15.0845,15.0845,15.0827,15.0818,
Sat Apr 18 2020 12:18:58 GMT-0400 (Eastern Daylight Time)
15.0815,15.0818,15.0809,15.0812,15.0841,15.0841,15.0862,15.0855,15.0861,15.0858,15.0858,15.0855,15.086,15.086,15.0847,15.085,15.084,15.0843,15.0826,15.0826,15.0852,15.0863,15.0875,15.0879,15.0883,15.0892,15.0897,15.0887,15.0894,15.0894,15.0899,15.0902,15.0926,15.092,15.092,15.0918,15.0915,15.0912,15.0908,15.0915,15.0904,15.091,15.0912,15.0897,15.09,15.0894,15.0896,15.0887,15.0887,15.0879,15.088,15.0884,15.0888,15.0896,15.0893,15.0888,15.0871,15.0856,15.0839,15.0839,
Sat Apr 18 2020 12:19:58 GMT-0400 (Eastern Daylight Time)
15.0838,15.0838,15.0831,15.0828,15.0812,15.0814,15.0814,15.0818,15.081,15.0821,15.0818,15.0818,15.0823,15.0827,15.0825,15.0825,15.0823,15.082,15.0833,15.0815,15.0818,15.0817,15.0812,15.0817,15.081,15.0813,15.0813,15.081,15.0812,15.0819,15.0819,15.0825,15.0816,15.0805,15.08,15.0804,15.0805,15.0813,15.0825,15.0821,15.0836,15.0831,15.0834,15.0834,15.0837,15.0837,15.0837,15.0843,15.0846,15.0826,15.0829,15.0845,15.085,15.0844,15.0841,15.084,15.0852,15.085,15.0842,15.0842,
Sat Apr 18 2020 12:20:58 GMT-0400 (Eastern Daylight Time)
15.0838,15.0831,15.084,15.0842,15.0845,15.0841,15.0832,15.0849,15.085,15.0864,15.0857,15.0863,15.0863,15.0845,15.0845,15.0834,15.0833,15.0836,15.084,15.084,15.0825,15.0822,15.0819,15.0819,15.0824,15.0822,15.0818,15.0822,15.083,15.0838,15.083,15.083,15.0814,15.0821,15.0817,15.0817,15.0815,15.0815,15.0815,15.0818,15.0818,15.082,15.0817,15.0817,15.0816,15.082,15.0817,15.0809,15.0817,15.0817,15.0846,15.0846,15.0834,15.0838,15.083,15.0835,15.0842,15.084,15.084,15.0843,
Sat Apr 18 2020 12:21:58 GMT-0400 (Eastern Daylight Time)
15.0844,15.0835,15.084,15.0837,15.0834,15.0834,15.0834,15.0838,15.0832,15.0836,15.0829,15.0826,15.0819,15.0816,15.0816,15.0816,15.082,15.0822,15.0825,15.0816,15.0822,15.0822,15.0831,15.0831,15.0837,15.0841,15.0839,15.0831,15.0829,15.0832,15.083,15.0824,15.0824,15.0828,15.0825,15.0825,15.0818,15.0818,15.0821,15.0824,15.0827,15.0834,15.0834,15.0831,15.0828,15.0824,15.0826,15.0826,15.0824,15.0824,15.0819,15.0819,15.0817,15.0817,15.0815,15.0815,15.0815,15.0809,15.0809,15.0811,
Sat Apr 18 2020 12:22:58 GMT-0400 (Eastern Daylight Time)
15.0804,15.0807,15.0807,15.0807,15.0823,15.0819,15.0823,15.0823,15.0822,15.082,15.0818,15.0818,15.0821,15.0824,15.0824,15.085,15.0852,15.0856,15.0856,15.0858,15.0853,15.0853,15.0859,15.0881,15.0884,15.089,15.0887,15.0887,15.0888,15.0888,15.0888,15.0892,15.0897,15.0913,15.0913,15.0913,15.0936,15.0941,15.0957,15.0954,15.0957,15.096,15.096,15.0965,15.0962,15.0954,15.0954,15.0958,15.0944,15.0944,15.0946,15.0948,15.0946,15.0951,15.0932,15.0935,15.0928,15.0936,15.0943,15.0963,
Sat Apr 18 2020 12:23:58 GMT-0400 (Eastern Daylight Time)
15.0976,15.0992,15.0994,15.0997,15.1005,15.1001,15.1017,15.1006,15.0998,15.1003,15.1009,15.1009,15.1009,15.1007,15.101,15.1013,15.1006,15.1012,15.1018,15.1028,15.1032,15.1037,15.1037,15.1037,15.1035,15.103,15.103,15.103,15.1026,15.1026,15.1023,15.1019,15.1014,15.1014,15.1009,15.1014,15.1022,15.1027,15.1027,15.103,15.1035,15.1028,15.1052,15.1052,15.1045,15.1045,15.1031,15.1025,15.1028,15.1026,15.1032,15.1035,15.1039,15.1036,15.1031,15.1035,15.1036,15.1039,15.1036,15.1036,
Sat Apr 18 2020 12:24:58 GMT-0400 (Eastern Daylight Time)
15.1034,15.1029,15.1032,15.1032,15.1026,15.1023,15.1023,15.1023,15.1023,15.102,15.104,15.104,15.1042,15.1041,15.1041,15.1035,15.1043,15.1058,15.1058,15.1062,15.1062,15.1058,15.1056,15.1074,15.1056,15.105,15.1053,15.1057,15.1053,15.1054,15.105,15.1044,15.1034,15.1011,15.1008,15.1003,15.0998,15.0998,15.1,15.1,15.0997,15.0991,15.0996,15.1002,15.1002,15.1007,15.1009,15.101,15.1013,15.1016,15.102,15.102,15.1015,15.1022,15.1025,15.1028,15.1028,15.1044,15.1046,15.1042,
Sat Apr 18 2020 12:25:58 GMT-0400 (Eastern Daylight Time)
15.1039,15.1034,15.1034,15.103,15.1024,15.1024,15.1022,15.1022,15.1022,15.1026,15.1027,15.1027,15.1023,15.1028,15.1019,15.1022,15.1026,15.1026,15.1026,15.1023,15.1023,15.1023,15.1025,15.1022,15.1015,15.1021,15.1018,15.1018,15.1021,15.1016,15.1016,15.1016,15.1014,15.1014,15.1016,15.1016,15.1013,15.1004,15.1007,15.1011,15.1011,15.1014,15.1014,15.1019,15.1035,15.1024,15.1024,15.1024,15.1028,15.1031,15.1031,15.1034,15.1038,15.102,15.1041,15.1038,15.1042,15.1063,15.107,15.1073,
Sat Apr 18 2020 12:26:58 GMT-0400 (Eastern Daylight Time)
15.1065,15.1065,15.1065,15.1055,15.1055,15.1053,15.1053,15.105,15.1044,15.1039,15.1037,15.1028,15.1023,15.1022,15.1008,15.0996,15.0985,15.0981,15.0981,15.0981,15.0984,15.0986,15.0986,15.0988,15.0995,15.0975,15.0965,15.0962,15.0964,15.0973,15.0968,15.0964,15.0967,15.0981,15.0981,15.0989,15.0972,15.0966,15.0957,15.0957,15.0965,15.096,15.096,15.0955,15.0958,15.0963,15.0971,15.0973,15.098,15.098,15.098,15.0986,15.0986,15.0984,15.0981,15.0981,15.0981,15.0994,15.0997,15.0994,
Sat Apr 18 2020 12:27:58 GMT-0400 (Eastern Daylight Time)
15.0989,15.0989,15.0989,15.0989,15.0996,15.0998,15.0995,15.0995,15.0983,15.0975,15.0975,15.0969,15.0962,15.0959,15.0962,15.0962,15.0959,15.0962,15.0979,15.0975,15.0977,15.0977,15.0977,15.0977,15.098,15.0984,15.0987,15.099,15.0984,15.101,15.1006,15.1004,15.1004,15.1018,15.1018,15.1017,15.102,15.102,15.1024,15.1013,15.101,15.101,15.101,15.1013,15.101,15.1007,15.1007,15.1014,15.101,15.1006,15.1003,15.1003,15.1003,15.1001,15.1006,15.1003,15.1005,15.1019,15.1019,15.1022,
Sat Apr 18 2020 12:28:58 GMT-0400 (Eastern Daylight Time)
15.1026,15.1034,15.1037,15.1035,15.1039,15.1045,15.1051,15.1045,15.1049,15.1049,15.1058,15.1055,15.1057,15.1036,15.1039,15.1039,15.1039,15.1041,15.1041,15.1037,15.1039,15.1028,15.1032,15.1029,15.1025,15.1024,15.1038,15.1041,15.1043,15.1038,15.1038,15.1036,15.1036,15.1032,15.1032,15.1032,15.1029,15.1018,15.1018,15.1016,15.1017,15.1022,15.1018,15.1035,15.1035,15.1036,15.1038,15.1033,15.1043,15.1051,15.1051,15.1051,15.1051,15.1066,15.1064,15.1072,15.1058,15.1058,15.1055,15.1076,
Sat Apr 18 2020 12:29:58 GMT-0400 (Eastern Daylight Time)
15.1076,15.1072,15.1072,15.1072,15.1068,15.1071,15.1048,15.1048,15.1053,15.1054,15.1054,15.1046,15.1041,15.1041,15.1051,15.1051,15.1046,15.1044,15.1052,15.1049,15.1055,15.1042,15.1041,15.1047,15.1047,15.1062,15.1069,15.1073,15.1077,15.1083,15.1088,15.1087,15.1085,15.1062,15.1059,15.1062,15.1065,15.1057,15.106,15.1057,15.1057,15.1051,15.1053,15.1043,15.1046,15.105,15.1046,15.1051,15.1051,15.1058,15.1055,15.1059,15.1065,15.1069,15.1069,15.1067,15.1071,15.1081,15.108,15.108,
Sat Apr 18 2020 12:30:58 GMT-0400 (Eastern Daylight Time)
15.108,15.1073,15.107,15.1078,15.1073,15.107,15.1065,15.1077,15.1077,15.1074,15.1068,15.1065,15.106,15.106,15.1064,15.1064,15.1062,15.1059,15.1056,15.1052,15.1056,15.1081,15.1083,15.1088,15.1084,15.1078,15.1085,15.1075,15.1075,15.1078,15.1076,15.1076,15.1076,15.1076,15.1083,15.1083,15.108,15.108,15.1077,15.1077,15.1081,15.1076,15.1076,15.1067,15.1067,15.1067,15.1062,15.1062,15.1054,15.1047,15.1055,15.1043,15.1043,15.1045,15.1045,15.1033,15.1039,15.1044,15.1041,15.1044,
Sat Apr 18 2020 12:31:58 GMT-0400 (Eastern Daylight Time)
15.1042,15.1045,15.1048,15.1048,15.1048,15.1053,15.1053,15.1056,15.1056,15.1048,15.1041,15.1043,15.1043,15.1036,15.1036,15.1041,15.1041,15.1035,15.1035,15.1035,15.1031,15.1039,15.105,15.1058,15.1057,15.106,15.1063,15.1055,15.1047,15.1044,15.1044,15.1044,15.1042,15.1042,15.1036,15.1042,15.1044,15.1044,15.1036,15.104,15.1043,15.1039,15.1039,15.1036,15.1049,15.1049,15.1059,15.1063,15.1066,15.1066,15.1054,15.1054,15.106,15.106,15.1056,15.1062,15.1071,15.1069,15.1076,15.1077,
Sat Apr 18 2020 12:32:58 GMT-0400 (Eastern Daylight Time)
15.1077,15.1081,15.1072,15.1072,15.1075,15.1079,15.1083,15.1089,15.108,15.1077,15.1078,15.1081,15.1082,15.108,15.1071,15.1075,15.1078,15.1084,15.1114,15.1104,15.1102,15.1109,15.111,15.111,15.1107,15.1112,15.1083,15.1065,15.1068,15.1064,15.1077,15.1078,15.1078,15.1082,15.1074,15.1065,15.1083,15.1083,15.1084,15.1084,15.1085,15.1085,15.1077,15.108,15.1083,15.1083,15.1086,15.109,15.1085,15.1085,15.1082,15.1074,15.1077,15.1083,15.1078,15.1078,15.1081,15.1081,15.1081,15.1074,
Sat Apr 18 2020 12:33:58 GMT-0400 (Eastern Daylight Time)
15.1066,15.1067,15.107,15.1066,15.1066,15.1061,15.1055,15.1053,15.1057,15.1064,15.1059,15.1064,15.1068,15.1072,15.107,15.1069,15.1069,15.1069,15.1068,15.107,15.1061,15.1067,15.1076,15.1081,15.1072,15.1077,15.1095,15.1093,15.1088,15.1088,15.107,15.107,15.1072,15.107,15.1064,15.1057,15.1068,15.1065,15.1073,15.1069,15.1069,15.1066,15.1047,15.1047,15.1052,15.1052,15.1062,15.1056,15.1054,15.1058,15.108,15.108,15.1077,15.1075,15.1087,15.1082,15.1079,15.1085,15.1079,15.1079,
Sat Apr 18 2020 12:34:58 GMT-0400 (Eastern Daylight Time)
15.1079,15.1071,15.1069,15.1099,15.1127,15.1127,15.1131,15.1114,15.1117,15.1113,15.1113,15.1115,15.1101,15.1097,15.1107,15.1107,15.1112,15.1112,15.1115,15.1123,15.1112,15.1118,15.1124,15.1119,15.1116,15.1113,15.1113,15.1106,15.1119,15.1121,15.1115,15.1101,15.1103,15.1093,15.1092,15.1092,15.1095,15.1092,15.1089,15.1089,15.1086,15.1086,15.109,15.1086,15.1088,15.1095,15.1086,15.1086,15.1084,15.1081,15.1085,15.1088,15.1095,15.1089,15.1092,15.109,15.1087,15.1082,15.1077,15.1076,
Sat Apr 18 2020 12:35:58 GMT-0400 (Eastern Daylight Time)
15.1076,15.1076,15.1102,15.1095,15.1088,15.1086,15.1094,15.1098,15.1095,15.1095,15.1091,15.1086,15.1088,15.1077,15.1076,15.1049,15.1049,15.1057,15.1056,15.1056,15.1061,15.1061,15.1058,15.1075,15.1075,15.1083,15.1087,15.1077,15.1077,15.1082,15.1059,15.1057,15.1057,15.1061,15.1061,15.1055,15.1058,15.1063,15.1062,15.1059,15.1052,15.1052,15.1059,15.1053,15.1074,15.1074,15.1074,15.1069,15.1072,15.1073,15.1075,15.1075,15.1075,15.1075,15.1071,15.1071,15.1071,15.1074,15.1067,15.1067,
Sat Apr 18 2020 12:36:58 GMT-0400 (Eastern Daylight Time)
15.1077,15.108,15.1077,15.1066,15.1066,15.1082,15.1085,15.1089,15.1083,15.1083,15.1085,15.1085,15.1088,15.1088,15.1093,15.1096,15.111,15.1107,15.1122,15.112,15.112,15.1123,15.1129,15.115,15.1141,15.1147,15.1147,15.1141,15.1135,15.1135,15.1137,15.1129,15.1135,15.1135,15.1138,15.1134,15.1131,15.1135,15.1128,15.1137,15.1153,15.1153,15.1159,15.1168,15.1165,15.1156,15.1151,15.1144,15.1144,15.115,15.1156,15.1159,15.1185,15.1188,15.1195,15.1195,15.1201,15.1207,15.1218,15.1215,
Sat Apr 18 2020 12:37:58 GMT-0400 (Eastern Daylight Time)
15.122,15.1225,15.1225,15.1228,15.1232,15.1232,15.1232,15.1232,15.1232,15.1232,15.1209,15.1215,15.1215,15.1215,15.1203,15.1202,15.1206,15.1199,15.12,15.1183,15.1187,15.1184,15.1168,15.1168,15.1172,15.1163,15.1157,15.1163,15.1169,15.1167,15.1179,15.1179,15.1179,15.1175,15.1164,15.1172,15.1168,15.1168,15.1167,15.1168,15.1169,15.1162,15.1152,15.1145,15.115,15.115,15.1167,15.1165,15.1168,15.1159,15.1159,15.1155,15.1143,15.1139,15.1145,15.114,15.1132,15.1127,15.1136,15.1139,
Sat Apr 18 2020 12:38:58 GMT-0400 (Eastern Daylight Time)
15.1134,15.1138,15.1138,15.1138,15.1133,15.1137,15.1139,15.1142,15.1157,15.1153,15.1161,15.1158,15.1138,15.1138,15.1135,15.1133,15.1133,15.1139,15.1152,15.1152,15.1152,15.1155,15.1171,15.1165,15.1171,15.1173,15.1177,15.1174,15.1178,15.1181,15.1181,15.1178,15.1178,15.1181,15.1173,15.1173,15.118,15.1183,15.1178,15.1174,15.1163,15.1163,15.1161,15.1177,15.1173,15.1173,15.1179,15.1163,15.1158,15.1152,15.1152,15.1149,15.1153,15.1153,15.1153,15.1153,15.1153,15.1149,15.1164,15.1154,
Sat Apr 18 2020 12:40:58 GMT-0400 (Eastern Daylight Time)
15.1146,15.1261,15.1261,15.1143,15.1245,15.1243,15.1254,15.1242,15.1236,15.1236,15.1241,15.1237,15.1233,15.1228,15.1228,15.1236,15.1238,15.1238,15.1243,15.1237,15.1239,15.1239,15.1239,15.1245,15.1242,15.1246,15.1246,15.1235,15.1233,15.1233,15.123,15.1218,15.1218,15.1218,15.1218,15.1223,15.1216,15.1216,15.1215,15.1218,15.1215,15.1221,15.1221,15.1217,15.1214,15.1212,15.1212,15.1217,15.1214,15.1214,15.1201,15.1183,15.119,15.1192,15.1192,15.1189,15.1188,15.1188,15.1192,15.1197,
Sat Apr 18 2020 12:41:58 GMT-0400 (Eastern Daylight Time)
15.1202,15.1198,15.1198,15.1198,15.1198,15.1194,15.1194,15.1186,15.1183,15.1179,15.1179,15.1188,15.119,15.119,15.1187,15.1175,15.1171,15.1159,15.1167,15.1175,15.1178,15.1181,15.1175,15.1194,15.1191,15.1188,15.1196,15.1205,15.1207,15.1207,15.121,15.1206,15.1202,15.1202,15.1198,15.1211,15.1211,15.1217,15.1218,15.1218,15.1209,15.1212,15.1212,15.1219,15.1219,15.1222,15.1222,15.1226,15.1222,15.1222,15.1224,15.1221,15.123,15.1227,15.1235,15.1248,15.1238,15.1245,15.125,15.125,
Sat Apr 18 2020 12:42:58 GMT-0400 (Eastern Daylight Time)
15.1252,15.1252,15.126,15.1255,15.1253,15.1262,15.1262,15.1262,15.1264,15.1267,15.1267,15.1264,15.1268,15.1268,15.1269,15.1269,15.1271,15.1267,15.1267,15.1264,15.1267,15.1265,15.1265,15.1265,15.1264,15.1258,15.1261,15.1251,15.1249,15.1248,15.1245,15.1248,15.1251,15.1246,15.1241,15.1235,15.1231,15.1219,15.1211,15.1203,15.1203,15.1203,15.1187,15.1187,15.1185,15.1185,15.1185,15.1184,15.1184,15.1179,15.1179,15.1184,15.1184,15.118,15.118,15.1176,15.1176,15.1181,15.1183,15.1184,
Sat Apr 18 2020 12:43:58 GMT-0400 (Eastern Daylight Time)
15.1178,15.1172,15.1172,15.1166,15.1162,15.1162,15.1162,15.1156,15.1156,15.1156,15.1153,15.1146,15.1143,15.114,15.1143,15.1138,15.114,15.1136,15.114,15.115,15.1147,15.115,15.1167,15.117,15.117,15.117,15.1167,15.1165,15.1171,15.118,15.118,15.1181,15.1184,15.1187,15.119,15.1188,15.1181,15.1183,15.1186,15.1177,15.1179,15.1182,15.1178,15.1184,15.118,15.1186,15.1191,15.1198,15.12,15.1195,15.119,15.1199,15.1203,15.1198,15.1195,15.1196,15.119,15.119,15.1192,15.1183,
Sat Apr 18 2020 12:44:58 GMT-0400 (Eastern Daylight Time)
15.1183,15.1187,15.1187,15.1195,15.1194,15.1197,15.1209,15.1197,15.1189,15.1191,15.118,15.1175,15.1178,15.1174,15.1174,15.1164,15.1174,15.1176,15.117,15.1173,15.117,15.1163,15.1159,15.1156,15.1156,15.1152,15.115,15.116,15.116,15.116,15.1166,15.1173,15.1173,15.1173,15.1173,15.1166,15.1153,15.1151,15.115,15.1147,15.1152,15.1145,15.1145,15.1145,15.1148,15.1148,15.1144,15.1149,15.1149,15.1149,15.1149,15.1152,15.1152,15.1163,15.117,15.1164,15.1164,15.117,15.1166,15.1148,
Sat Apr 18 2020 12:45:58 GMT-0400 (Eastern Daylight Time)
15.1145,15.1142,15.1142,15.1148,15.1145,15.1142,15.1139,15.1132,15.1138,15.1138,15.1138,15.1147,15.1144,15.1147,15.1147,15.1148,15.1153,15.1153,15.1156,15.115,15.1153,15.116,15.1165,15.1162,15.1171,15.1172,15.1172,15.1204,15.1204,15.1195,15.1191,15.1193,15.1168,15.1175,15.1171,15.1177,15.1174,15.1174,15.1188,15.1185,15.1182,15.1182,15.1186,15.1186,15.1191,15.1187,15.1187,15.1182,15.1185,15.1189,15.1208,15.1211,15.1205,15.1207,15.121,15.1191,15.1194,15.1194,15.1203,15.1199,
Sat Apr 18 2020 12:46:58 GMT-0400 (Eastern Daylight Time)
15.1182,15.1182,15.1173,15.1169,15.1162,15.1165,15.1167,15.116,15.116,15.1158,15.1155,15.1143,15.1155,15.1155,15.1151,15.1132,15.1134,15.1134,15.1134,15.1134,15.1125,15.1129,15.1123,15.1119,15.1077,15.1077,15.108,15.1077,15.1077,15.1075,15.1073,15.1066,15.1073,15.1073,15.107,15.107,15.1073,15.1076,15.1078,15.1078,15.1075,15.1075,15.1075,15.107,15.1073,15.1073,15.1073,15.1073,15.1074,15.1077,15.1088,15.1084,15.1088,15.1085,15.1081,15.1076,15.1079,15.1079,15.1074,15.1068,
Sat Apr 18 2020 12:47:59 GMT-0400 (Eastern Daylight Time)
15.1066,15.107,15.1064,15.1064,15.1082,15.1075,15.107,15.1068,15.1062,15.1065,15.1066,15.106,15.1057,15.1048,15.1055,15.1055,15.1045,15.1045,15.1045,15.105,15.1058,15.1063,15.1077,15.1071,15.107,15.1074,15.1066,15.1069,15.1064,15.1057,15.1059,15.1061,15.1067,15.1067,15.1064,15.1061,15.1061,15.1056,15.1061,15.1057,15.106,15.1054,15.1051,15.1043,15.1055,15.1059,15.1055,15.1057,15.1056,15.1061,15.1064,15.1058,15.1056,15.1062,15.1062,15.1097,15.1093,15.1086,15.1091,15.109,
