Sun Apr 19 2020 02:48:59 GMT-0400 (Eastern Daylight Time)
14.8905,14.8903,14.8909,14.8899,14.8899,14.8906,14.8905,14.8912,14.8914,14.8918,14.8918,14.8923,14.894,14.8942,14.8939,14.8936,14.8944,14.8944,14.8944,14.8953,14.8955,14.8955,14.896,14.8978,14.8987,14.8979,14.8979,14.8985,14.8986,14.8999,14.9003,14.9003,14.9003,14.9001,14.9004,14.8994,14.899,14.899,14.8993,14.899,14.8999,14.9003,14.9012,14.9012,14.9016,14.9016,14.9018,14.9012,14.9012,14.9012,14.9006,14.8997,14.8994,14.899,14.8994,14.8994,14.8991,14.8987,14.898,14.8977,
Sun Apr 19 2020 02:49:59 GMT-0400 (Eastern Daylight Time)
14.8983,14.8981,14.8989,14.8986,14.8983,14.8985,14.8976,14.8969,14.8972,14.8968,14.8966,14.8959,14.8959,14.8959,14.8963,14.8966,14.8966,14.898,14.8985,14.8993,14.8988,14.8988,14.8997,14.8997,14.8999,14.9005,14.9015,14.9011,14.9016,14.9008,14.9003,14.9007,14.9004,14.9007,14.9004,14.9012,14.9008,14.9011,14.9004,14.9004,14.9004,14.9004,14.9006,14.9013,14.9013,14.9022,14.9019,14.9014,14.9019,14.9021,14.9016,14.9018,14.9044,14.9046,14.9044,14.9044,14.9049,14.9041,14.9044,14.9052,
Sun Apr 19 2020 02:50:59 GMT-0400 (Eastern Daylight Time)
14.9054,14.9057,14.9057,14.9044,14.9041,14.9041,14.9017,14.9019,14.9023,14.9023,14.9025,14.9052,14.9056,14.9056,14.905,14.9053,14.906,14.9063,14.9064,14.9064,14.9067,14.9064,14.9057,14.9061,14.9063,14.9063,14.9063,14.9065,14.905,14.9068,14.9065,14.9077,14.9079,14.9084,14.9096,14.9079,14.9082,14.9072,14.9072,14.9078,14.9073,14.9075,14.9075,14.9073,14.9075,14.9084,14.9083,14.9083,14.908,14.9077,14.9077,14.9066,14.9066,14.9069,14.9069,14.9066,14.9081,14.9078,14.9078,14.9074,
Sun Apr 19 2020 02:51:59 GMT-0400 (Eastern Daylight Time)
14.9074,14.9063,14.906,14.906,14.906,14.9072,14.9072,14.9077,14.908,14.9084,14.9081,14.9072,14.9068,14.9065,14.9065,14.906,14.9056,14.9056,14.9051,14.9043,14.9045,14.9039,14.9046,14.9047,14.9058,14.9056,14.9056,14.9064,14.9051,14.9054,14.906,14.9053,14.9053,14.9053,14.9056,14.9053,14.9057,14.9054,14.9054,14.9058,14.905,14.905,14.905,14.905,14.9044,14.9044,14.9035,14.9036,14.9039,14.9036,14.9036,14.9036,14.9029,14.9029,14.9032,14.9038,14.9041,14.9029,14.9029,14.9038,
Sun Apr 19 2020 02:52:59 GMT-0400 (Eastern Daylight Time)
14.9035,14.904,14.9044,14.9046,14.9047,14.905,14.905,14.9041,14.9038,14.9038,14.9038,14.9053,14.9055,14.9055,14.9051,14.9063,14.9063,14.9063,14.9059,14.9055,14.9055,14.9058,14.9061,14.9061,14.9067,14.907,14.907,14.9068,14.9065,14.9065,14.9071,14.9077,14.9077,14.908,14.9088,14.9073,14.9081,14.9084,14.9086,14.9088,14.9084,14.9084,14.9084,14.9083,14.9086,14.9095,14.9097,14.91,14.9097,14.9098,14.9093,14.9096,14.9104,14.9123,14.9123,14.9127,14.9124,14.914,14.9143,14.9151,
Sun Apr 19 2020 02:53:59 GMT-0400 (Eastern Daylight Time)
14.9148,14.9123,14.912,14.9116,14.911,14.9098,14.9096,14.9101,14.9095,14.9103,14.9106,14.9111,14.9114,14.9114,14.9111,14.9111,14.9095,14.9099,14.9101,14.9101,14.9115,14.9112,14.9107,14.9104,14.9106,14.9097,14.9097,14.9099,14.9107,14.9107,14.9115,14.9119,14.9117,14.9118,14.9118,14.9111,14.9113,14.9116,14.9116,14.9113,14.9113,14.9126,14.9133,14.9145,14.9145,14.9139,14.9134,14.9107,14.9104,14.9096,14.9081,14.9084,14.9069,14.9066,14.9063,14.9062,14.9059,14.9063,14.9063,14.907,
Sun Apr 19 2020 02:54:59 GMT-0400 (Eastern Daylight Time)
14.9071,14.9067,14.9067,14.9075,14.9077,14.908,14.908,14.908,14.9093,14.909,14.9088,14.9096,14.9082,14.9084,14.9079,14.9074,14.9074,14.9079,14.9079,14.9071,14.9053,14.9065,14.9061,14.9052,14.9035,14.9027,14.9027,14.903,14.9023,14.9018,14.902,14.9023,14.9026,14.9018,14.902,14.9017,14.9035,14.9039,14.9045,14.9045,14.9045,14.9041,14.9038,14.9043,14.9043,14.9046,14.9056,14.9077,14.9074,14.9077,14.9077,14.9074,14.9072,14.9069,14.9066,14.9069,14.906,14.9045,14.9046,14.9045,
Sun Apr 19 2020 02:55:59 GMT-0400 (Eastern Daylight Time)
14.9045,14.9045,14.9045,14.9024,14.9022,14.9013,14.901,14.9004,14.9009,14.9018,14.9022,14.9025,14.9025,14.9028,14.9023,14.9035,14.9038,14.9042,14.9053,14.905,14.905,14.9055,14.9059,14.9054,14.9051,14.9044,14.9047,14.9042,14.904,14.9047,14.9046,14.9041,14.9038,14.9038,14.9041,14.9037,14.9041,14.9054,14.9051,14.9051,14.9032,14.9032,14.9032,14.9023,14.9026,14.9017,14.9006,14.9006,14.9005,14.9003,14.8999,14.8996,14.8999,14.9012,14.8992,14.8999,14.9007,14.9007,14.9007,14.9005,
Sun Apr 19 2020 02:56:59 GMT-0400 (Eastern Daylight Time)
14.8998,14.8998,14.9001,14.9005,14.9005,14.902,14.9014,14.9003,14.9005,14.901,14.9016,14.9016,14.9011,14.9011,14.9013,14.9013,14.9005,14.9005,14.9003,14.9003,14.8997,14.8986,14.8982,14.8982,14.8986,14.8993,14.8993,14.8993,14.8985,14.8985,14.8991,14.8993,14.8993,14.8989,14.9002,14.8996,14.8992,14.9001,14.8986,14.8982,14.8985,14.8985,14.8985,14.8982,14.9022,14.9022,14.9026,14.9035,14.904,14.904,14.9037,14.9037,14.9037,14.903,14.903,14.9022,14.9022,14.9026,14.9033,14.9033,
Sun Apr 19 2020 02:57:59 GMT-0400 (Eastern Daylight Time)
14.9021,14.901,14.901,14.9015,14.9021,14.9014,14.9014,14.9002,14.8983,14.8985,14.8985,14.8981,14.8984,14.8974,14.8972,14.8965,14.8962,14.8965,14.8962,14.8962,14.8964,14.8964,14.8968,14.8964,14.8984,14.8992,14.899,14.8988,14.898,14.8986,14.8989,14.8995,14.8988,14.8991,14.8991,14.8993,14.8987,14.8992,14.901,14.8999,14.9,14.9005,14.9015,14.9022,14.9018,14.9014,14.9002,14.8998,14.8992,14.8989,14.8992,14.899,14.8996,14.8999,14.8999,14.8999,14.9001,14.8999,14.8991,14.8996,
Sun Apr 19 2020 02:58:59 GMT-0400 (Eastern Daylight Time)
14.9019,14.9015,14.9034,14.9032,14.9034,14.9032,14.9024,14.9024,14.9035,14.9035,14.9038,14.9038,14.9022,14.9014,14.9008,14.9005,14.8998,14.8996,14.8996,14.8999,14.8999,14.8999,14.9002,14.9009,14.9007,14.9007,14.8964,14.8961,14.8951,14.8941,14.8938,14.8938,14.8934,14.893,14.8924,14.8927,14.8922,14.8922,14.892,14.8911,14.8914,14.8915,14.8923,14.8918,14.8916,14.8932,14.8922,14.8924,14.8943,14.8943,14.8946,14.8947,14.8952,14.8954,14.895,14.8953,14.896,14.8956,14.8952,14.8952,
Sun Apr 19 2020 02:59:59 GMT-0400 (Eastern Daylight Time)
14.8955,14.8946,14.8946,14.8957,14.8957,14.8957,14.8963,14.8963,14.8957,14.896,14.8964,14.896,14.896,14.8948,14.8951,14.8951,14.8939,14.8942,14.8942,14.8951,14.8956,14.8955,14.8955,14.8959,14.8951,14.8955,14.8952,14.8952,14.8944,14.8945,14.8945,14.8945,14.8949,14.896,14.896,14.8957,14.8959,14.8964,14.8959,14.8962,14.8972,14.8988,14.8983,14.8966,14.8963,14.8965,14.8967,14.8994,14.9001,14.8997,14.9002,14.9002,14.8999,14.8999,14.8996,14.9,14.8998,14.8998,14.8994,14.8998,
Sun Apr 19 2020 03:00:59 GMT-0400 (Eastern Daylight Time)
14.8982,14.8982,14.8979,14.8979,14.8988,14.8978,14.8978,14.8987,14.8993,14.8993,14.8998,14.9005,14.9008,14.9006,14.9006,14.9003,14.8972,14.8985,14.8988,14.8977,14.8981,14.8981,14.8982,14.8982,14.8987,14.8987,14.8991,14.8993,14.8998,14.8998,14.9001,14.9006,14.9003,14.9005,14.9005,14.9008,14.9013,14.9013,14.9023,14.9018,14.9008,14.9008,14.901,14.901,14.901,14.9015,14.902,14.9016,14.901,14.9005,14.9005,14.8999,14.8993,14.8992,14.899,14.9004,14.8999,14.8999,14.8999,14.8998,
Sun Apr 19 2020 03:01:59 GMT-0400 (Eastern Daylight Time)
14.8988,14.8988,14.8997,14.8997,14.8993,14.8995,14.8995,14.899,14.8988,14.8988,14.8989,14.8998,14.8985,14.8985,14.8985,14.8982,14.898,14.8973,14.8976,14.8978,14.8974,14.8974,14.8979,14.8983,14.8981,14.8975,14.898,14.8974,14.8951,14.8936,14.8936,14.8939,14.8944,14.8941,14.8941,14.8941,14.8935,14.8931,14.8933,14.8933,14.893,14.8934,14.8929,14.8931,14.8937,14.8937,14.8941,14.8941,14.894,14.8944,14.8944,14.8954,14.8952,14.8956,14.895,14.895,14.895,14.8952,14.8943,14.8941,
Sun Apr 19 2020 03:02:59 GMT-0400 (Eastern Daylight Time)
14.8936,14.8917,14.8921,14.8921,14.8929,14.8938,14.8936,14.8945,14.8945,14.8945,14.896,14.896,14.8957,14.8948,14.8951,14.8956,14.8959,14.8951,14.8973,14.897,14.8965,14.8967,14.897,14.8973,14.8977,14.8967,14.897,14.8973,14.8993,14.8986,14.8986,14.8983,14.8983,14.8979,14.8976,14.8993,14.8995,14.9002,14.9002,14.8998,14.8995,14.9001,14.9,14.8997,14.8993,14.8991,14.8987,14.8993,14.8998,14.8973,14.8966,14.8957,14.8948,14.8948,14.8952,14.8955,14.8958,14.896,14.898,14.8987,
Sun Apr 19 2020 03:03:59 GMT-0400 (Eastern Daylight Time)
14.8989,14.8989,14.8985,14.8985,14.8981,14.8975,14.8987,14.8982,14.8982,14.8979,14.8975,14.898,14.898,14.8974,14.8974,14.897,14.897,14.8965,14.8965,14.8964,14.896,14.8963,14.8959,14.8957,14.8961,14.8972,14.8979,14.8979,14.8977,14.8976,14.8962,14.8962,14.8957,14.8947,14.8954,14.8949,14.8958,14.8954,14.8954,14.895,14.8947,14.8946,14.8946,14.894,14.8944,14.8944,14.8941,14.892,14.8937,14.8937,14.8926,14.8926,14.8926,14.8922,14.8928,14.8944,14.8939,14.8951,14.8955,14.8952,
Sun Apr 19 2020 03:04:59 GMT-0400 (Eastern Daylight Time)
14.8956,14.8953,14.8957,14.8952,14.8954,14.8968,14.8954,14.8945,14.8942,14.8936,14.893,14.893,14.8933,14.8934,14.894,14.894,14.8936,14.893,14.894,14.8942,14.8937,14.8932,14.8932,14.8927,14.8921,14.8929,14.8929,14.8926,14.8927,14.8927,14.8938,14.8938,14.8935,14.8933,14.8936,14.8936,14.8936,14.8946,14.8937,14.8934,14.8944,14.8921,14.8915,14.8912,14.8902,14.8902,14.8902,14.8897,14.889,14.889,14.8876,14.8878,14.8874,14.8876,14.8876,14.8885,14.888,14.8868,14.8868,14.887,
Sun Apr 19 2020 03:06:59 GMT-0400 (Eastern Daylight Time)
14.8867,14.896,14.8957,14.8954,14.8954,14.8962,14.8962,14.8964,14.8964,14.8964,14.8967,14.8967,14.8967,14.8977,14.8977,14.8977,14.898,14.8984,14.8984,14.8986,14.8961,14.8964,14.8964,14.896,14.896,14.8962,14.8959,14.8959,14.8962,14.8959,14.8949,14.8952,14.8956,14.8959,14.8962,14.8965,14.8967,14.8963,14.896,14.8963,14.8958,14.8958,14.8962,14.895,14.8955,14.8958,14.8954,14.8959,14.8959,14.8938,14.8935,14.8935,14.8939,14.8934,14.8933,14.8938,14.8939,14.894,14.8943,14.8943,
Sun Apr 19 2020 03:07:59 GMT-0400 (Eastern Daylight Time)
14.8946,14.8939,14.8939,14.8941,14.8936,14.893,14.893,14.8931,14.8931,14.8951,14.8956,14.8953,14.8948,14.8944,14.8944,14.8951,14.8955,14.895,14.895,14.8948,14.8945,14.895,14.8956,14.8956,14.8956,14.8946,14.8948,14.8945,14.8942,14.8971,14.8981,14.8986,14.8986,14.8986,14.8986,14.8984,14.8986,14.8985,14.899,14.8978,14.8978,14.8969,14.8962,14.8958,14.8941,14.895,14.895,14.8947,14.8944,14.8943,14.894,14.894,14.8937,14.8934,14.8928,14.8928,14.8931,14.8933,14.8933,14.8925,
Sun Apr 19 2020 03:08:59 GMT-0400 (Eastern Daylight Time)
14.8925,14.8927,14.8924,14.8921,14.8917,14.8907,14.8907,14.8907,14.8907,14.8917,14.8915,14.8913,14.8913,14.8944,14.8941,14.8941,14.8933,14.8928,14.8928,14.8945,14.8963,14.8966,14.8962,14.8952,14.8949,14.8949,14.8952,14.8948,14.8948,14.8973,14.8989,14.8989,14.8985,14.8981,14.8981,14.8985,14.8985,14.8985,14.8995,14.8994,14.8994,14.9018,14.9018,14.902,14.902,14.9006,14.901,14.8992,14.8996,14.9007,14.9001,14.9006,14.9,14.8996,14.8996,14.8989,14.8989,14.8987,14.8991,14.9007,
Sun Apr 19 2020 03:09:59 GMT-0400 (Eastern Daylight Time)
14.9007,14.9007,14.9008,14.9008,14.9007,14.9004,14.9004,14.9004,14.9007,14.9008,14.901,14.9005,14.9003,14.9003,14.9003,14.9005,14.9017,14.9011,14.9015,14.9012,14.9017,14.9024,14.9027,14.9025,14.9011,14.902,14.9019,14.9015,14.9007,14.9007,14.902,14.9029,14.9024,14.9022,14.9023,14.9026,14.9026,14.9031,14.9028,14.9032,14.9032,14.9032,14.9029,14.9029,14.9029,14.9041,14.9043,14.9046,14.904,14.9043,14.9045,14.9048,14.906,14.906,14.9063,14.9064,14.9064,14.9067,14.9073,14.9079,
Sun Apr 19 2020 03:10:59 GMT-0400 (Eastern Daylight Time)
14.9079,14.9086,14.9089,14.9081,14.9079,14.9079,14.9082,14.9078,14.908,14.9079,14.9086,14.9081,14.9083,14.9083,14.9081,14.9079,14.9075,14.9073,14.9073,14.9078,14.9076,14.9073,14.9073,14.9075,14.9078,14.9078,14.9086,14.9091,14.9091,14.9098,14.9103,14.9107,14.9112,14.9116,14.9113,14.9114,14.9114,14.9109,14.9119,14.9119,14.9113,14.9113,14.9104,14.9096,14.9102,14.9099,14.9099,14.9101,14.9099,14.9095,14.9099,14.9103,14.9103,14.9112,14.9109,14.9109,14.9106,14.911,14.911,14.9113,
Sun Apr 19 2020 03:11:59 GMT-0400 (Eastern Daylight Time)
14.9113,14.9111,14.9106,14.9112,14.9116,14.9113,14.9117,14.9125,14.9114,14.9114,14.9114,14.9116,14.9112,14.9112,14.9094,14.9086,14.9091,14.9091,14.9091,14.9091,14.9089,14.9097,14.9088,14.9109,14.9109,14.9112,14.9111,14.9111,14.9113,14.9103,14.9103,14.9101,14.9111,14.9111,14.9113,14.9113,14.9106,14.9097,14.9091,14.9096,14.91,14.9094,14.9097,14.9099,14.9099,14.9099,14.9099,14.9109,14.9099,14.9099,14.9087,14.909,14.908,14.9083,14.9086,14.9082,14.909,14.9075,14.907,14.9072,
Sun Apr 19 2020 03:12:59 GMT-0400 (Eastern Daylight Time)
14.9072,14.9078,14.9078,14.9081,14.9081,14.9079,14.9079,14.9083,14.9093,14.9077,14.9079,14.9089,14.9086,14.9064,14.906,14.9065,14.9065,14.9065,14.906,14.906,14.906,14.9062,14.9062,14.905,14.9025,14.9022,14.9022,14.9024,14.9024,14.9024,14.9029,14.9029,14.9029,14.9039,14.9046,14.9046,14.9046,14.9046,14.9046,14.9055,14.9062,14.9066,14.9077,14.9082,14.9086,14.9081,14.9073,14.9073,14.9073,14.9069,14.9072,14.9072,14.9068,14.9068,14.9075,14.9071,14.9066,14.9063,14.9063,14.906,
Sun Apr 19 2020 03:13:59 GMT-0400 (Eastern Daylight Time)
14.9073,14.9076,14.9074,14.9066,14.9067,14.9069,14.9065,14.9065,14.9071,14.9073,14.9068,14.9066,14.9066,14.9063,14.9063,14.906,14.9057,14.9044,14.9062,14.9065,14.9073,14.9083,14.9086,14.9092,14.9092,14.9092,14.9083,14.9086,14.9086,14.9094,14.9091,14.9081,14.9081,14.9081,14.9098,14.9101,14.9112,14.9109,14.9104,14.9104,14.908,14.908,14.9085,14.9088,14.9091,14.9094,14.9096,14.9099,14.9094,14.9094,14.9094,14.9095,14.9092,14.9092,14.91,14.91,14.9104,14.9104,14.9109,14.9105,
Sun Apr 19 2020 03:14:59 GMT-0400 (Eastern Daylight Time)
14.9109,14.9122,14.9122,14.9125,14.9123,14.9125,14.9123,14.9118,14.9118,14.912,14.9125,14.913,14.9127,14.913,14.9137,14.9129,14.9135,14.9135,14.9111,14.9111,14.9114,14.9114,14.912,14.9116,14.9112,14.912,14.9117,14.9114,14.9117,14.9125,14.9121,14.9121,14.9112,14.9121,14.9097,14.9106,14.9106,14.9103,14.9095,14.9095,14.9095,14.9098,14.9087,14.9078,14.9078,14.9078,14.9072,14.9077,14.9084,14.908,14.9091,14.9105,14.9105,14.9087,14.9079,14.9083,14.9076,14.9076,14.9075,14.9078,
Sun Apr 19 2020 03:15:59 GMT-0400 (Eastern Daylight Time)
14.9069,14.9072,14.9064,14.9072,14.9072,14.9072,14.911,14.9103,14.9108,14.9111,14.9089,14.9095,14.9088,14.9088,14.9091,14.9079,14.9079,14.9076,14.9072,14.9074,14.9078,14.9078,14.9071,14.9066,14.9066,14.9063,14.9059,14.9056,14.9052,14.9049,14.9045,14.9042,14.9025,14.9023,14.9023,14.9023,14.9041,14.9039,14.9034,14.9027,14.9018,14.9016,14.9016,14.9019,14.9014,14.9016,14.9016,14.9016,14.9016,14.9017,14.9008,14.9004,14.9001,14.9004,14.9004,14.9,14.9003,14.9003,14.9007,14.9016,
Sun Apr 19 2020 03:16:59 GMT-0400 (Eastern Daylight Time)
14.9016,14.902,14.902,14.9006,14.901,14.9003,14.901,14.902,14.902,14.9026,14.9033,14.903,14.9027,14.9024,14.9014,14.9012,14.9015,14.9019,14.9014,14.9018,14.9027,14.9042,14.9046,14.9046,14.9049,14.9052,14.9052,14.9052,14.906,14.9053,14.9053,14.9065,14.9065,14.9071,14.9078,14.9067,14.9064,14.9061,14.9058,14.9055,14.9042,14.904,14.9042,14.9042,14.9042,14.9045,14.9048,14.9044,14.9046,14.9049,14.9045,14.9046,14.9049,14.9052,14.9048,14.9054,14.9033,14.9033,14.9064,14.9061,
Sun Apr 19 2020 03:17:59 GMT-0400 (Eastern Daylight Time)
14.9034,14.9034,14.9041,14.9046,14.9049,14.9044,14.9044,14.9044,14.904,14.904,14.9034,14.9034,14.9036,14.9036,14.9033,14.903,14.9037,14.9037,14.9034,14.9034,14.9037,14.9037,14.9042,14.904,14.9043,14.9019,14.9046,14.9046,14.904,14.9049,14.9045,14.9047,14.9052,14.9056,14.9055,14.905,14.905,14.905,14.905,14.9047,14.9044,14.9038,14.9041,14.9029,14.9027,14.9023,14.9029,14.9044,14.9041,14.9041,14.9044,14.904,14.904,14.904,14.9041,14.9024,14.9024,14.9027,14.9031,14.9028,
Sun Apr 19 2020 03:18:59 GMT-0400 (Eastern Daylight Time)
14.903,14.903,14.9005,14.9005,14.9005,14.9007,14.901,14.9013,14.9012,14.9012,14.9015,14.9008,14.9008,14.9008,14.9008,14.9004,14.9005,14.9007,14.8994,14.8996,14.9003,14.9008,14.8992,14.8973,14.8969,14.8971,14.8965,14.8959,14.8957,14.8953,14.8946,14.8952,14.8958,14.8955,14.8963,14.8966,14.8957,14.8951,14.8955,14.8946,14.8949,14.8955,14.8952,14.8941,14.8934,14.8936,14.8947,14.8932,14.8935,14.8942,14.8942,14.8929,14.8932,14.8902,14.8893,14.8904,14.8904,14.8902,14.8897,14.89,
Sun Apr 19 2020 03:19:59 GMT-0400 (Eastern Daylight Time)
14.8899,14.8896,14.8896,14.8901,14.8905,14.8898,14.8898,14.888,14.888,14.8878,14.8872,14.8878,14.888,14.8876,14.8877,14.8864,14.8867,14.8867,14.8867,14.8867,14.8864,14.8861,14.8861,14.8858,14.8866,14.8853,14.8853,14.8866,14.8888,14.8892,14.8892,14.8889,14.8893,14.8897,14.8897,14.8895,14.8902,14.8902,14.8899,14.889,14.8874,14.8874,14.887,14.8854,14.8851,14.8848,14.8846,14.8861,14.8861,14.8858,14.8864,14.8862,14.8859,14.8859,14.8857,14.8854,14.8849,14.8857,14.8862,14.8851,
Sun Apr 19 2020 03:20:59 GMT-0400 (Eastern Daylight Time)
14.8851,14.8851,14.8851,14.8851,14.8851,14.8863,14.8863,14.8859,14.8849,14.8859,14.8861,14.8865,14.887,14.887,14.8874,14.8869,14.8866,14.8862,14.8862,14.8862,14.8851,14.8861,14.8861,14.8862,14.8848,14.8847,14.8847,14.8858,14.8863,14.8858,14.8842,14.8839,14.8839,14.8839,14.8836,14.8821,14.8831,14.8836,14.8833,14.8833,14.8836,14.884,14.8837,14.8831,14.8826,14.8826,14.8823,14.8802,14.8806,14.8813,14.8809,14.8801,14.8801,14.8779,14.8779,14.8755,14.8752,14.8752,14.8748,14.8748,
Sun Apr 19 2020 03:21:59 GMT-0400 (Eastern Daylight Time)
14.8748,14.8756,14.8747,14.8747,14.8747,14.8748,14.8742,14.8727,14.8727,14.8727,14.8727,14.8726,14.8719,14.8712,14.8705,14.8703,14.8701,14.8703,14.8703,14.872,14.8734,14.8744,14.8744,14.8748,14.8745,14.8748,14.8748,14.8751,14.8751,14.8748,14.8736,14.8734,14.8734,14.8734,14.8734,14.8734,14.8736,14.8725,14.8725,14.8735,14.8735,14.872,14.872,14.874,14.8734,14.8738,14.8741,14.8738,14.8729,14.8718,14.8721,14.8724,14.8714,14.8718,14.8718,14.8717,14.8705,14.8699,14.8705,14.8705,
Sun Apr 19 2020 03:22:59 GMT-0400 (Eastern Daylight Time)
14.8705,14.8695,14.8686,14.8677,14.8681,14.8685,14.8685,14.8677,14.8682,14.8661,14.8657,14.8664,14.8667,14.8667,14.8659,14.866,14.8663,14.8661,14.8637,14.8633,14.8627,14.8627,14.8627,14.8651,14.8651,14.8642,14.8649,14.8667,14.8663,14.8665,14.8665,14.867,14.8665,14.8665,14.8665,14.8671,14.8673,14.8671,14.8671,14.8671,14.8663,14.8663,14.8668,14.8675,14.8673,14.8676,14.866,14.8664,14.8674,14.8674,14.8679,14.8676,14.8688,14.8696,14.8692,14.8692,14.8688,14.8695,14.8691,14.8685,
Sun Apr 19 2020 03:23:59 GMT-0400 (Eastern Daylight Time)
14.8696,14.8696,14.8705,14.8703,14.8703,14.8703,14.8688,14.8683,14.8683,14.8691,14.8691,14.8694,14.87,14.87,14.87,14.87,14.8696,14.8689,14.8684,14.8683,14.8683,14.8687,14.8687,14.8694,14.8699,14.8702,14.8704,14.8706,14.8702,14.8715,14.8712,14.8709,14.8713,14.8713,14.8716,14.8719,14.873,14.8733,14.8731,14.8726,14.8726,14.8734,14.8728,14.8725,14.8727,14.8727,14.8732,14.8735,14.8732,14.8728,14.8725,14.8728,14.8727,14.8729,14.8733,14.8736,14.874,14.8737,14.8737,14.8734,
Sun Apr 19 2020 03:24:59 GMT-0400 (Eastern Daylight Time)
14.8737,14.8733,14.8733,14.8731,14.8737,14.8738,14.8728,14.8766,14.8763,14.8763,14.8766,14.8769,14.8763,14.877,14.8776,14.8786,14.8786,14.8792,14.8802,14.8802,14.8769,14.8778,14.8774,14.8776,14.8776,14.8776,14.877,14.877,14.8771,14.8758,14.8762,14.8759,14.8761,14.8764,14.8756,14.8756,14.8756,14.8754,14.8753,14.8756,14.8752,14.8755,14.8757,14.8751,14.8754,14.8753,14.8748,14.8748,14.8744,14.8737,14.8737,14.8743,14.8743,14.8743,14.8737,14.8741,14.8741,14.8735,14.8739,14.8746,
Sun Apr 19 2020 03:26:00 GMT-0400 (Eastern Daylight Time)
14.8752,14.8741,14.8739,14.8744,14.8744,14.875,14.8741,14.8737,14.8733,14.8736,14.8736,14.8739,14.8739,14.8738,14.8743,14.8738,14.8717,14.8706,14.8704,14.8694,14.8703,14.8699,14.8702,14.8698,14.8701,14.8705,14.8712,14.8712,14.8714,14.8714,14.8718,14.8729,14.8724,14.8729,14.8732,14.8732,14.8734,14.8731,14.8726,14.8715,14.8711,14.8711,14.8707,14.8707,14.8704,14.8707,14.8705,14.8705,14.8703,14.8696,14.8694,14.8689,14.8696,14.8692,14.8692,14.8698,14.8693,14.8688,14.8691,14.8693,
Sun Apr 19 2020 03:26:59 GMT-0400 (Eastern Daylight Time)
14.87,14.8704,14.8704,14.8698,14.8704,14.8707,14.8694,14.8676,14.867,14.8663,14.8663,14.8649,14.8634,14.8634,14.8627,14.8631,14.8631,14.8627,14.8627,14.8627,14.8599,14.8601,14.8604,14.8601,14.86,14.8598,14.8602,14.86,14.86,14.8597,14.8591,14.8609,14.8611,14.8607,14.8604,14.8609,14.8611,14.8611,14.8603,14.8609,14.8616,14.8611,14.8608,14.8614,14.8644,14.8641,14.8637,14.8637,14.8621,14.8621,14.8625,14.8628,14.8622,14.862,14.8623,14.8628,14.8614,14.8611,14.8617,14.8612,
Sun Apr 19 2020 03:27:59 GMT-0400 (Eastern Daylight Time)
14.8618,14.8629,14.8633,14.8633,14.8634,14.8634,14.8625,14.8625,14.863,14.8632,14.8632,14.8632,14.8638,14.8642,14.8647,14.8651,14.8649,14.8635,14.8635,14.864,14.864,14.8635,14.8632,14.8625,14.8636,14.8636,14.8631,14.8636,14.8639,14.8642,14.8637,14.864,14.864,14.8634,14.8627,14.8631,14.8634,14.8634,14.8632,14.8634,14.8642,14.8645,14.8643,14.8643,14.8643,14.8643,14.8643,14.8648,14.8642,14.8638,14.8638,14.8632,14.862,14.8617,14.862,14.8617,14.8615,14.861,14.861,14.862,
Sun Apr 19 2020 03:28:59 GMT-0400 (Eastern Daylight Time)
14.8621,14.8618,14.8616,14.8618,14.8623,14.8627,14.8624,14.862,14.8623,14.861,14.8621,14.8623,14.8622,14.8628,14.8625,14.8617,14.8617,14.8624,14.8624,14.8627,14.8624,14.8616,14.8616,14.8613,14.8618,14.8618,14.8618,14.8615,14.8615,14.8619,14.8619,14.8611,14.8611,14.8611,14.8611,14.8606,14.8603,14.8608,14.8596,14.8587,14.8587,14.8587,14.8608,14.8606,14.8619,14.8605,14.8618,14.8618,14.8607,14.8617,14.8621,14.8626,14.8628,14.863,14.8633,14.8633,14.8633,14.8636,14.863,14.8612,
Sun Apr 19 2020 03:29:59 GMT-0400 (Eastern Daylight Time)
14.8612,14.8617,14.8614,14.8618,14.8618,14.8619,14.8622,14.8622,14.8622,14.8616,14.8616,14.8613,14.8613,14.8629,14.8633,14.8621,14.8621,14.8635,14.8635,14.8626,14.8626,14.864,14.8646,14.8646,14.8649,14.8681,14.8681,14.8665,14.8647,14.8655,14.8652,14.8657,14.8659,14.8663,14.8665,14.8668,14.865,14.8658,14.8658,14.8654,14.8659,14.8654,14.8651,14.8655,14.8661,14.8661,14.8668,14.8668,14.8668,14.8656,14.8649,14.8631,14.8635,14.8632,14.8629,14.8621,14.8629,14.8633,14.8629,14.8629,
Sun Apr 19 2020 03:30:59 GMT-0400 (Eastern Daylight Time)
14.8617,14.8623,14.8623,14.8623,14.8633,14.8631,14.8629,14.8626,14.8626,14.8629,14.8629,14.8632,14.8636,14.863,14.8636,14.863,14.863,14.8628,14.8626,14.862,14.8616,14.8619,14.8615,14.8621,14.8609,14.8596,14.8598,14.8595,14.8595,14.8599,14.8596,14.8596,14.8594,14.8596,14.8584,14.8589,14.8584,14.858,14.858,14.8578,14.8574,14.8571,14.8574,14.8568,14.856,14.8551,14.8551,14.8547,14.8541,14.8538,14.8544,14.854,14.854,14.8549,14.8546,14.8558,14.8558,14.8572,14.8569,14.8566,
Sun Apr 19 2020 03:31:59 GMT-0400 (Eastern Daylight Time)
14.8563,14.8555,14.8555,14.8555,14.8542,14.853,14.8536,14.8527,14.8523,14.8519,14.8504,14.8504,14.8499,14.8504,14.8507,14.8511,14.8515,14.8518,14.852,14.8517,14.851,14.8505,14.851,14.851,14.8507,14.8507,14.8507,14.8507,14.8504,14.8505,14.8505,14.8496,14.8496,14.8493,14.8493,14.8493,14.849,14.8496,14.8491,14.8499,14.8492,14.8509,14.8505,14.8514,14.8502,14.8511,14.8501,14.8511,14.8503,14.8511,14.8507,14.8503,14.8511,14.8508,14.8494,14.8496,14.8486,14.8488,14.8498,14.8498,
Sun Apr 19 2020 03:32:59 GMT-0400 (Eastern Daylight Time)
14.85,14.8501,14.8505,14.8508,14.8514,14.8514,14.8507,14.8507,14.851,14.8506,14.8499,14.8502,14.8499,14.8503,14.851,14.851,14.8506,14.8509,14.8509,14.852,14.8518,14.8512,14.8512,14.851,14.851,14.8504,14.8504,14.85,14.8506,14.8497,14.8492,14.8476,14.8476,14.848,14.8484,14.8481,14.8473,14.8482,14.8485,14.8489,14.8478,14.848,14.848,14.8486,14.8484,14.8486,14.8489,14.8486,14.8483,14.8487,14.8485,14.8488,14.8497,14.8501,14.8499,14.8492,14.8489,14.8487,14.8495,14.8495,
Sun Apr 19 2020 03:33:59 GMT-0400 (Eastern Daylight Time)
14.8501,14.8501,14.8501,14.8513,14.8513,14.8523,14.8523,14.8507,14.8501,14.85,14.8503,14.85,14.8496,14.8492,14.8497,14.8493,14.8498,14.8503,14.8503,14.8506,14.848,14.8477,14.8481,14.8484,14.8492,14.8492,14.8492,14.8484,14.8493,14.8496,14.8494,14.8494,14.8493,14.8493,14.8487,14.8484,14.8484,14.8498,14.8483,14.8482,14.8489,14.85,14.85,14.849,14.8503,14.8501,14.8501,14.8506,14.851,14.8508,14.8504,14.8505,14.8507,14.8504,14.8488,14.8486,14.8486,14.848,14.8482,14.848,
Sun Apr 19 2020 03:34:59 GMT-0400 (Eastern Daylight Time)
14.8461,14.8465,14.8465,14.8461,14.8461,14.8466,14.8469,14.8472,14.8467,14.8467,14.8467,14.8471,14.8472,14.8483,14.8483,14.8486,14.8488,14.8486,14.8492,14.8494,14.8495,14.8498,14.8527,14.8527,14.8534,14.8534,14.8537,14.8537,14.854,14.8527,14.8521,14.8518,14.8512,14.8515,14.8515,14.8509,14.8507,14.8503,14.8507,14.8507,14.8509,14.8513,14.851,14.851,14.8507,14.8501,14.8507,14.8494,14.8494,14.8501,14.8501,14.8497,14.8497,14.849,14.8486,14.8486,14.8476,14.8486,14.8491,14.8485,
Sun Apr 19 2020 03:35:59 GMT-0400 (Eastern Daylight Time)
14.8485,14.8485,14.8474,14.8474,14.8487,14.8493,14.8493,14.8493,14.8489,14.8496,14.8485,14.8488,14.8479,14.8483,14.8488,14.8494,14.8494,14.8499,14.8496,14.8491,14.8493,14.85,14.8502,14.8502,14.8499,14.8493,14.8496,14.849,14.8498,14.8493,14.8493,14.849,14.8494,14.8497,14.8496,14.8487,14.8487,14.8484,14.8485,14.8485,14.8491,14.8491,14.8485,14.8483,14.8472,14.8479,14.8476,14.8479,14.8471,14.8474,14.8474,14.8473,14.8467,14.8467,14.8476,14.8468,14.8474,14.8476,14.8484,14.8484,
Sun Apr 19 2020 03:36:59 GMT-0400 (Eastern Daylight Time)
14.8479,14.8476,14.8483,14.8486,14.8484,14.8482,14.8495,14.85,14.85,14.8513,14.8506,14.8508,14.8515,14.8515,14.8514,14.8514,14.8514,14.8517,14.8526,14.8523,14.8526,14.8526,14.8517,14.8523,14.852,14.852,14.8518,14.8518,14.851,14.851,14.8512,14.8511,14.8514,14.8521,14.8509,14.8512,14.8515,14.8515,14.8526,14.8537,14.8534,14.8534,14.853,14.8533,14.8539,14.8544,14.8547,14.8551,14.8542,14.8542,14.8535,14.8528,14.8532,14.8532,14.852,14.852,14.8516,14.8513,14.8505,14.8502,
Sun Apr 19 2020 03:37:59 GMT-0400 (Eastern Daylight Time)
14.8508,14.8511,14.8521,14.8521,14.8516,14.8511,14.8496,14.8478,14.8478,14.848,14.85,14.8504,14.8505,14.8505,14.851,14.8513,14.8513,14.8513,14.8497,14.8509,14.8509,14.8524,14.8501,14.8497,14.8506,14.8509,14.8518,14.8523,14.8527,14.854,14.854,14.8545,14.8545,14.8542,14.8527,14.8537,14.8548,14.8551,14.8542,14.8548,14.8545,14.8551,14.8547,14.8547,14.8552,14.8559,14.8553,14.855,14.8556,14.8555,14.8565,14.8565,14.8566,14.857,14.8578,14.8567,14.8567,14.8561,14.8559,14.8562,
Sun Apr 19 2020 03:38:59 GMT-0400 (Eastern Daylight Time)
14.8557,14.8557,14.8563,14.856,14.856,14.8556,14.8556,14.8555,14.8553,14.855,14.8553,14.8548,14.8553,14.8559,14.8563,14.857,14.857,14.857,14.8568,14.8568,14.8561,14.8566,14.8559,14.8559,14.8559,14.8575,14.8583,14.8583,14.8583,14.8583,14.8571,14.8583,14.8585,14.8585,14.8593,14.8596,14.8599,14.8597,14.858,14.8564,14.8567,14.8567,14.857,14.8574,14.8579,14.857,14.8572,14.8576,14.8591,14.8595,14.86,14.8585,14.8581,14.8587,14.8579,14.8581,14.8583,14.8578,14.8581,14.8581,
Sun Apr 19 2020 03:39:59 GMT-0400 (Eastern Daylight Time)
14.8584,14.858,14.8583,14.8583,14.8586,14.8571,14.8575,14.8575,14.8573,14.8571,14.8567,14.8562,14.8566,14.8563,14.8557,14.8557,14.8554,14.8553,14.856,14.8558,14.8555,14.8556,14.8569,14.8572,14.8575,14.8569,14.8562,14.857,14.8567,14.8567,14.856,14.8554,14.8565,14.8568,14.8561,14.8566,14.8561,14.8568,14.8557,14.856,14.8567,14.8567,14.856,14.8558,14.8558,14.8563,14.8567,14.8577,14.8577,14.8569,14.8577,14.8579,14.8579,14.8579,14.8574,14.8574,14.857,14.8567,14.8556,14.8555,
Sun Apr 19 2020 03:40:59 GMT-0400 (Eastern Daylight Time)
14.8552,14.8554,14.8551,14.8551,14.8569,14.8574,14.8578,14.8583,14.8565,14.857,14.856,14.8557,14.8549,14.8554,14.8543,14.8554,14.855,14.855,14.8535,14.854,14.854,14.8542,14.8537,14.8537,14.8537,14.854,14.8544,14.8544,14.8548,14.8548,14.854,14.854,14.854,14.854,14.8527,14.853,14.853,14.8538,14.8537,14.8552,14.8554,14.8549,14.8565,14.8562,14.8562,14.8558,14.8566,14.8582,14.8579,14.8588,14.8585,14.8597,14.8597,14.8597,14.8593,14.8593,14.859,14.8588,14.8589,14.8594,
Sun Apr 19 2020 03:41:59 GMT-0400 (Eastern Daylight Time)
14.8589,14.8589,14.8596,14.8596,14.8594,14.8563,14.8559,14.8557,14.8557,14.8557,14.8557,14.8559,14.8562,14.8562,14.8563,14.8561,14.8564,14.8561,14.8566,14.8569,14.8575,14.8552,14.8546,14.8538,14.8542,14.8542,14.8542,14.8542,14.8539,14.8542,14.8546,14.8549,14.8547,14.8544,14.8556,14.8553,14.855,14.855,14.8548,14.8544,14.8547,14.8547,14.854,14.8544,14.8544,14.8546,14.856,14.856,14.855,14.8552,14.8549,14.8549,14.8549,14.8547,14.855,14.8542,14.8546,14.8546,14.8536,14.8536,
Sun Apr 19 2020 03:42:59 GMT-0400 (Eastern Daylight Time)
14.8536,14.8538,14.8538,14.8543,14.8543,14.8548,14.8553,14.8549,14.8551,14.8548,14.8552,14.8548,14.8548,14.8555,14.8558,14.8558,14.8566,14.8566,14.8564,14.8564,14.8564,14.8561,14.8559,14.8562,14.8565,14.8561,14.8567,14.8565,14.8565,14.8563,14.8563,14.8565,14.856,14.8565,14.8577,14.8575,14.8575,14.8566,14.8573,14.8571,14.8568,14.8568,14.8568,14.857,14.858,14.8583,14.8587,14.8598,14.8598,14.86,14.8587,14.8578,14.8578,14.858,14.8577,14.8568,14.8568,14.8568,14.8568,14.8564,
Sun Apr 19 2020 03:43:59 GMT-0400 (Eastern Daylight Time)
14.8558,14.8558,14.8562,14.8564,14.8564,14.8571,14.8575,14.8575,14.8595,14.8593,14.8596,14.8594,14.8591,14.8586,14.8589,14.8582,14.8591,14.8594,14.86,14.8597,14.858,14.8576,14.8587,14.8591,14.8602,14.8602,14.8602,14.8598,14.8598,14.8598,14.86,14.8602,14.8607,14.8613,14.8611,14.8609,14.8612,14.8609,14.8606,14.8612,14.8609,14.8606,14.8598,14.859,14.8588,14.8572,14.8574,14.8567,14.8573,14.8568,14.8579,14.8579,14.8577,14.8579,14.8579,14.8564,14.8562,14.8564,14.8564,14.8564,
Sun Apr 19 2020 03:44:59 GMT-0400 (Eastern Daylight Time)
14.8575,14.8575,14.8565,14.8545,14.8534,14.8526,14.8526,14.8511,14.8516,14.8516,14.8516,14.852,14.852,14.8525,14.8525,14.8525,14.8527,14.8527,14.8527,14.8524,14.8528,14.853,14.8533,14.8539,14.8536,14.8536,14.8551,14.8554,14.8558,14.8558,14.8542,14.8539,14.8541,14.8541,14.8547,14.8539,14.8539,14.8533,14.8533,14.8543,14.8543,14.8546,14.854,14.8544,14.8541,14.8549,14.8549,14.8537,14.8533,14.853,14.8537,14.8532,14.8524,14.8521,14.8529,14.8519,14.8516,14.8519,14.8522,14.8529,
Sun Apr 19 2020 03:45:59 GMT-0400 (Eastern Daylight Time)
14.8532,14.8537,14.8546,14.8546,14.8546,14.8543,14.8543,14.8552,14.8545,14.854,14.854,14.8564,14.8567,14.8567,14.8555,14.8562,14.8564,14.8575,14.8582,14.8579,14.8565,14.8568,14.8572,14.8576,14.8579,14.8579,14.8581,14.8572,14.8572,14.8572,14.8594,14.8593,14.8589,14.8589,14.8568,14.8561,14.8585,14.8589,14.8594,14.8582,14.8582,14.8582,14.8577,14.8572,14.8583,14.8595,14.8592,14.8584,14.8595,14.8595,14.8598,14.8594,14.859,14.859,14.8585,14.8578,14.8583,14.8583,14.8578,14.8578,
Sun Apr 19 2020 03:46:59 GMT-0400 (Eastern Daylight Time)
14.8574,14.8568,14.8574,14.8579,14.8584,14.8582,14.8588,14.8588,14.8588,14.8588,14.8588,14.8595,14.8595,14.8591,14.8589,14.8599,14.8592,14.8589,14.8592,14.8588,14.8596,14.8596,14.8598,14.8592,14.8585,14.858,14.8588,14.8588,14.8586,14.8593,14.8601,14.8602,14.8602,14.86,14.8603,14.8598,14.8598,14.8598,14.8602,14.8613,14.8617,14.8614,14.8627,14.8633,14.8639,14.8636,14.8628,14.8628,14.8628,14.8628,14.8621,14.8627,14.8627,14.8624,14.8629,14.8625,14.8612,14.8617,14.8612,14.8619,
Sun Apr 19 2020 03:48:00 GMT-0400 (Eastern Daylight Time)
14.8618,14.8618,14.8621,14.8624,14.8624,14.8621,14.8624,14.8607,14.8613,14.8601,14.8601,14.8603,14.8585,14.8581,14.8581,14.8579,14.8589,14.8587,14.8591,14.8587,14.859,14.8582,14.8574,14.8576,14.8573,14.8577,14.859,14.8583,14.8565,14.8564,14.8567,14.8568,14.8572,14.8582,14.8582,14.8582,14.8587,14.8583,14.8602,14.8606,14.8606,14.8603,14.8603,14.8588,14.8591,14.8591,14.8591,14.8599,14.8592,14.8592,14.8583,14.8598,14.8598,14.8589,14.8586,14.8586,14.8582,14.8574,14.857,14.8577,
Sun Apr 19 2020 03:48:59 GMT-0400 (Eastern Daylight Time)
14.8577,14.858,14.858,14.8568,14.8559,14.8559,14.8559,14.8532,14.8539,14.8535,14.8535,14.8531,14.8538,14.8533,14.8536,14.8541,14.8541,14.8538,14.8523,14.8527,14.8524,14.8526,14.8522,14.849,14.8502,14.8504,14.8497,14.8493,14.8495,14.8492,14.8489,14.8489,14.8494,14.848,14.8478,14.8483,14.8483,14.8483,14.8493,14.8492,14.8488,14.8485,14.8485,14.8479,14.8499,14.8499,14.8515,14.851,14.8513,14.8515,14.8538,14.8534,14.8543,14.8536,14.8539,14.8557,14.8553,14.8545,14.8553,14.8545,
Sun Apr 19 2020 03:49:59 GMT-0400 (Eastern Daylight Time)
14.8541,14.8541,14.8537,14.8539,14.855,14.855,14.8542,14.8542,14.8554,14.8579,14.8584,14.8582,14.8577,14.8573,14.857,14.8576,14.8568,14.8571,14.8571,14.8559,14.8562,14.8562,14.8573,14.8579,14.8583,14.8588,14.8563,14.8573,14.8573,14.8573,14.8573,14.8573,14.8587,14.8593,14.8582,14.8583,14.8583,14.8581,14.8584,14.8586,14.8586,14.8579,14.8579,14.8587,14.8571,14.8583,14.8585,14.8579,14.8589,14.8586,14.8578,14.8573,14.8576,14.858,14.858,14.8584,14.8579,14.8576,14.8568,14.8548,
Sun Apr 19 2020 03:50:59 GMT-0400 (Eastern Daylight Time)
14.8549,14.8549,14.8528,14.853,14.853,14.8519,14.8519,14.8523,14.8515,14.8515,14.8519,14.8519,14.8515,14.8511,14.8514,14.8499,14.8492,14.8494,14.8497,14.8495,14.8498,14.8495,14.85,14.8498,14.8489,14.8484,14.8481,14.8484,14.849,14.849,14.8486,14.8482,14.8484,14.8484,14.8481,14.8489,14.8491,14.8488,14.8477,14.8481,14.8486,14.8476,14.848,14.8478,14.8476,14.8477,14.8471,14.847,14.8465,14.8465,14.8468,14.8465,14.8443,14.8443,14.8443,14.8436,14.8433,14.8435,14.8446,14.8446,
Sun Apr 19 2020 03:51:59 GMT-0400 (Eastern Daylight Time)
14.8443,14.845,14.845,14.8441,14.8441,14.8441,14.8441,14.8446,14.8443,14.844,14.8452,14.8467,14.848,14.8483,14.8477,14.8452,14.8454,14.8454,14.8451,14.8454,14.846,14.8449,14.8449,14.8449,14.8432,14.8432,14.843,14.843,14.8415,14.8418,14.8413,14.8422,14.8418,14.842,14.842,14.842,14.8428,14.8437,14.8437,14.8433,14.8429,14.842,14.842,14.8425,14.8425,14.843,14.8427,14.843,14.8432,14.8434,14.843,14.8446,14.8446,14.845,14.845,14.8458,14.8452,14.8445,14.8448,14.8448,
Sun Apr 19 2020 03:52:59 GMT-0400 (Eastern Daylight Time)
14.8444,14.8438,14.8432,14.8432,14.8445,14.8447,14.8447,14.845,14.8453,14.8449,14.8441,14.8441,14.8435,14.8435,14.8439,14.8436,14.8421,14.8425,14.8415,14.8418,14.843,14.8441,14.8445,14.8448,14.8451,14.8448,14.8445,14.8445,14.8451,14.8439,14.8439,14.8439,14.843,14.8434,14.8431,14.8435,14.8433,14.8438,14.8431,14.8436,14.8436,14.8437,14.8437,14.8447,14.8444,14.8441,14.8444,14.8447,14.8445,14.8442,14.8477,14.8503,14.8503,14.851,14.8508,14.8516,14.8536,14.8534,14.8514,14.8514,
Sun Apr 19 2020 03:54:00 GMT-0400 (Eastern Daylight Time)
14.8501,14.8501,14.8501,14.8512,14.8512,14.8505,14.8506,14.8504,14.8501,14.8503,14.85,14.8503,14.8499,14.8499,14.8499,14.85,14.8496,14.8493,14.8506,14.8502,14.8512,14.8512,14.8518,14.8512,14.8541,14.8541,14.8525,14.8517,14.851,14.851,14.851,14.8509,14.8516,14.8522,14.8531,14.8531,14.8495,14.8493,14.8495,14.8495,14.8485,14.8485,14.8485,14.8483,14.8486,14.8491,14.8494,14.8497,14.8495,14.8495,14.8499,14.8499,14.8489,14.8489,14.8494,14.8488,14.8496,14.8493,14.849,14.8493,
Sun Apr 19 2020 03:54:59 GMT-0400 (Eastern Daylight Time)
14.8496,14.8496,14.8496,14.8496,14.849,14.8485,14.8481,14.8488,14.8488,14.8493,14.8493,14.8496,14.8496,14.85,14.8501,14.8501,14.8499,14.8494,14.8503,14.8501,14.8503,14.8497,14.8497,14.8493,14.8504,14.8498,14.85,14.8492,14.8489,14.8497,14.85,14.8503,14.8505,14.8509,14.8514,14.8518,14.8515,14.8525,14.8525,14.8521,14.8527,14.8534,14.8533,14.8533,14.8523,14.852,14.851,14.8514,14.8495,14.8498,14.8506,14.85,14.8504,14.852,14.852,14.8518,14.8511,14.8515,14.8515,14.8518,
Sun Apr 19 2020 03:55:59 GMT-0400 (Eastern Daylight Time)
14.8533,14.853,14.853,14.8552,14.8552,14.8556,14.8553,14.8556,14.8544,14.8536,14.8539,14.8532,14.8536,14.8533,14.8537,14.8537,14.8546,14.8544,14.8549,14.8545,14.8545,14.854,14.8536,14.853,14.853,14.8535,14.8522,14.8518,14.852,14.8532,14.8532,14.8525,14.8525,14.8522,14.8527,14.8527,14.8535,14.8547,14.8544,14.854,14.8534,14.8537,14.8537,14.854,14.854,14.855,14.8553,14.8553,14.855,14.8545,14.855,14.855,14.855,14.8547,14.8544,14.8547,14.855,14.8564,14.8564,14.8558,
Sun Apr 19 2020 03:56:59 GMT-0400 (Eastern Daylight Time)
14.8562,14.8555,14.856,14.856,14.856,14.8539,14.8539,14.8542,14.8542,14.8534,14.8531,14.8516,14.8513,14.8508,14.8511,14.8509,14.8512,14.8495,14.8492,14.8493,14.8474,14.8474,14.8469,14.8469,14.8459,14.8465,14.847,14.8461,14.8461,14.8456,14.8449,14.8453,14.8453,14.8442,14.8438,14.8443,14.845,14.8453,14.8453,14.8453,14.8455,14.8454,14.8454,14.8455,14.8458,14.8466,14.8472,14.8472,14.8475,14.8472,14.8479,14.8484,14.8474,14.8477,14.8473,14.8471,14.8471,14.8463,14.8463,14.8476,
Sun Apr 19 2020 03:57:59 GMT-0400 (Eastern Daylight Time)
14.8472,14.8485,14.8485,14.8481,14.8478,14.8482,14.8483,14.8485,14.848,14.8477,14.8477,14.8479,14.8488,14.8449,14.8445,14.8445,14.8447,14.8443,14.8439,14.8421,14.8414,14.8416,14.8426,14.842,14.8423,14.8425,14.8428,14.8432,14.8421,14.8422,14.8416,14.8416,14.8387,14.8384,14.8388,14.8399,14.8394,14.8395,14.8417,14.8417,14.8405,14.8405,14.8415,14.8413,14.8393,14.8393,14.8395,14.842,14.8423,14.8418,14.8418,14.8408,14.8408,14.8407,14.8399,14.8392,14.8395,14.8399,14.841,14.8407,
Sun Apr 19 2020 03:58:59 GMT-0400 (Eastern Daylight Time)
14.8408,14.8408,14.841,14.841,14.841,14.8405,14.8409,14.8398,14.8393,14.8396,14.8397,14.8413,14.8395,14.8406,14.8406,14.841,14.8408,14.8408,14.8414,14.841,14.8398,14.84,14.84,14.84,14.84,14.8392,14.8399,14.8399,14.8397,14.8397,14.8395,14.839,14.8394,14.8403,14.8405,14.8399,14.8396,14.8393,14.8397,14.8402,14.8403,14.8395,14.8397,14.8397,14.8397,14.8402,14.8404,14.8406,14.8399,14.8404,14.8408,14.8414,14.8414,14.8392,14.8392,14.8398,14.8388,14.838,14.838,14.8383,
Sun Apr 19 2020 03:59:59 GMT-0400 (Eastern Daylight Time)
14.838,14.8372,14.8367,14.8367,14.8364,14.8345,14.8348,14.835,14.835,14.8368,14.8365,14.8368,14.8368,14.8381,14.8377,14.8377,14.838,14.8382,14.8377,14.8366,14.8359,14.8359,14.8367,14.8366,14.8366,14.836,14.8368,14.8371,14.8365,14.8355,14.835,14.8345,14.8334,14.8343,14.8341,14.8343,14.8337,14.8332,14.8334,14.8336,14.8336,14.8332,14.833,14.8336,14.8335,14.8322,14.8332,14.8335,14.8335,14.8341,14.8355,14.8352,14.8352,14.8348,14.8357,14.836,14.8361,14.8356,14.8371,14.8374,
Sun Apr 19 2020 04:00:59 GMT-0400 (Eastern Daylight Time)
14.8378,14.8383,14.8383,14.8383,14.8384,14.8383,14.8387,14.8395,14.84,14.8397,14.8397,14.8404,14.8406,14.8408,14.8408,14.8404,14.8402,14.8397,14.8393,14.8388,14.8391,14.8398,14.841,14.841,14.8417,14.8421,14.8421,14.8421,14.8434,14.8434,14.8434,14.8444,14.8444,14.8444,14.8444,14.8444,14.844,14.8443,14.8443,14.8439,14.8419,14.8422,14.8417,14.8415,14.8412,14.8418,14.8428,14.8431,14.8433,14.843,14.8428,14.8428,14.8425,14.8425,14.8427,14.843,14.843,14.8431,14.8436,14.8442,
Sun Apr 19 2020 04:01:59 GMT-0400 (Eastern Daylight Time)
14.8453,14.845,14.842,14.842,14.8411,14.8417,14.8415,14.8415,14.8415,14.841,14.8403,14.8403,14.8397,14.8397,14.8423,14.8423,14.8419,14.8425,14.8422,14.8425,14.8427,14.8422,14.842,14.8418,14.8418,14.84,14.8397,14.84,14.8397,14.841,14.841,14.8414,14.8417,14.8421,14.8426,14.8426,14.8426,14.8426,14.8429,14.8426,14.8417,14.8424,14.8417,14.8421,14.8421,14.8413,14.8415,14.8425,14.8425,14.8429,14.8431,14.8434,14.8439,14.8446,14.8443,14.8444,14.8444,14.8457,14.846,14.8468,
Sun Apr 19 2020 04:02:59 GMT-0400 (Eastern Daylight Time)
14.8472,14.8472,14.8477,14.8477,14.8477,14.8483,14.8485,14.8479,14.8485,14.8489,14.8484,14.8498,14.8505,14.8505,14.8512,14.851,14.8513,14.851,14.8516,14.8512,14.8514,14.8517,14.8511,14.8516,14.8516,14.8521,14.8513,14.8524,14.8537,14.855,14.8545,14.8545,14.8548,14.8544,14.8544,14.8544,14.8548,14.8552,14.8554,14.8554,14.8551,14.8566,14.8562,14.8562,14.8562,14.8558,14.8584,14.8588,14.8593,14.8594,14.859,14.8596,14.8586,14.8586,14.8586,14.8586,14.8597,14.8597,14.8592,14.859,
Sun Apr 19 2020 04:03:59 GMT-0400 (Eastern Daylight Time)
14.859,14.859,14.859,14.8593,14.8593,14.8587,14.8597,14.8607,14.861,14.8611,14.86,14.8591,14.8584,14.8584,14.8588,14.8582,14.8584,14.8584,14.8584,14.8585,14.8585,14.8588,14.8588,14.8585,14.8584,14.8581,14.8585,14.8585,14.8589,14.8591,14.8591,14.8594,14.859,14.8586,14.8607,14.8614,14.8609,14.8606,14.8613,14.8615,14.8615,14.8612,14.8605,14.8605,14.8595,14.8592,14.8595,14.858,14.858,14.8583,14.859,14.8598,14.8607,14.8604,14.8598,14.8621,14.8625,14.8638,14.8644,14.8647,
Sun Apr 19 2020 04:04:59 GMT-0400 (Eastern Daylight Time)
14.8647,14.865,14.8671,14.8671,14.8674,14.8683,14.8678,14.8678,14.8674,14.8668,14.8664,14.8668,14.8672,14.8672,14.8665,14.8655,14.8659,14.8655,14.8654,14.8659,14.8656,14.8656,14.8668,14.8668,14.8671,14.8668,14.8679,14.8676,14.8679,14.8679,14.8682,14.8669,14.8669,14.8672,14.8668,14.8665,14.8667,14.8671,14.8676,14.868,14.868,14.8678,14.8681,14.8681,14.8681,14.8666,14.8665,14.8658,14.8658,14.8654,14.8657,14.8657,14.8668,14.8668,14.8692,14.8692,14.8695,14.8684,14.8681,14.8681,
Sun Apr 19 2020 04:05:59 GMT-0400 (Eastern Daylight Time)
14.8683,14.8692,14.8695,14.8695,14.8702,14.8702,14.8698,14.8701,14.87,14.87,14.8696,14.8696,14.8696,14.8696,14.8688,14.868,14.8677,14.868,14.8677,14.8671,14.8671,14.8684,14.8681,14.8675,14.8674,14.8682,14.8685,14.8681,14.8684,14.8684,14.8692,14.8696,14.8699,14.8704,14.8707,14.8693,14.8688,14.8688,14.8693,14.8705,14.8692,14.8699,14.8686,14.8684,14.8681,14.8681,14.8669,14.8666,14.8663,14.8661,14.8654,14.8656,14.8662,14.8659,14.866,14.866,14.8668,14.8668,14.8674,14.8671,
Sun Apr 19 2020 04:07:00 GMT-0400 (Eastern Daylight Time)
14.8672,14.8675,14.8677,14.8672,14.8672,14.8672,14.8675,14.8678,14.8671,14.8668,14.8673,14.8668,14.8672,14.8659,14.866,14.866,14.8664,14.8685,14.8688,14.8685,14.8697,14.8703,14.8701,14.8696,14.8695,14.8693,14.8708,14.8708,14.8709,14.8698,14.8676,14.8684,14.8687,14.8692,14.8698,14.8704,14.8696,14.8699,14.8704,14.8704,14.87,14.8694,14.8699,14.8701,14.8705,14.8705,14.8704,14.87,14.87,14.87,14.8697,14.8695,14.8682,14.8679,14.8678,14.8678,14.8669,14.8674,14.8672,14.8683,
Sun Apr 19 2020 04:07:59 GMT-0400 (Eastern Daylight Time)
14.8678,14.8678,14.8696,14.8689,14.8685,14.8682,14.8677,14.8677,14.8677,14.8681,14.8686,14.8689,14.8691,14.8691,14.8701,14.8712,14.8712,14.8712,14.8712,14.8714,14.8704,14.871,14.871,14.871,14.871,14.8703,14.87,14.8697,14.8694,14.8691,14.8691,14.8688,14.8688,14.8681,14.8682,14.8682,14.868,14.8677,14.8669,14.8669,14.8672,14.8675,14.8683,14.8687,14.8681,14.8684,14.8681,14.8681,14.8681,14.869,14.8692,14.8695,14.8709,14.8694,14.8694,14.8697,14.8691,14.8691,14.8696,14.8699,
Sun Apr 19 2020 04:08:59 GMT-0400 (Eastern Daylight Time)
14.8699,14.8704,14.8704,14.8699,14.8699,14.8707,14.8709,14.8705,14.8713,14.8697,14.8706,14.8709,14.8709,14.8712,14.8698,14.8698,14.8702,14.8695,14.8695,14.8698,14.8698,14.8695,14.8698,14.8698,14.8683,14.8683,14.8689,14.8682,14.8682,14.8685,14.8682,14.868,14.8678,14.8678,14.8688,14.8688,14.8691,14.8704,14.8697,14.8688,14.8688,14.8688,14.8694,14.8694,14.8697,14.8701,14.8701,14.8732,14.8728,14.873,14.873,14.8721,14.8721,14.8724,14.8718,14.8707,14.8699,14.8699,14.8702,14.8705,
Sun Apr 19 2020 04:09:59 GMT-0400 (Eastern Daylight Time)
14.8712,14.871,14.871,14.871,14.8725,14.8725,14.8728,14.8728,14.8728,14.8728,14.8726,14.8722,14.8722,14.8726,14.8729,14.8734,14.8739,14.8743,14.8743,14.8737,14.8745,14.8738,14.873,14.8725,14.8725,14.8731,14.8733,14.873,14.873,14.873,14.8723,14.8717,14.8715,14.8721,14.8717,14.8717,14.8713,14.8722,14.8727,14.8731,14.8734,14.8724,14.8721,14.8741,14.8741,14.8746,14.8717,14.8717,14.8721,14.8725,14.872,14.8724,14.8726,14.8723,14.8723,14.8716,14.8716,14.8723,14.872,14.8731,
Sun Apr 19 2020 04:10:59 GMT-0400 (Eastern Daylight Time)
14.8725,14.8723,14.8723,14.8723,14.8725,14.8725,14.872,14.8714,14.8708,14.8708,14.8698,14.8697,14.8697,14.8697,14.8692,14.8686,14.8689,14.8689,14.8683,14.8687,14.8689,14.8686,14.8689,14.8689,14.8697,14.87,14.87,14.8694,14.8698,14.8714,14.8706,14.87,14.87,14.8695,14.8693,14.8694,14.8693,14.8685,14.8688,14.8679,14.8683,14.8686,14.8686,14.869,14.8699,14.8702,14.8706,14.8706,14.8706,14.8701,14.8686,14.8686,14.869,14.8693,14.8696,14.8693,14.8672,14.8669,14.8669,14.865,
Sun Apr 19 2020 04:12:59 GMT-0400 (Eastern Daylight Time)
14.8647,14.871,14.871,14.865,14.8704,14.8704,14.8702,14.8712,14.8722,14.8724,14.8734,14.8745,14.8745,14.8745,14.8748,14.8745,14.8742,14.8742,14.8744,14.874,14.8746,14.8743,14.8743,14.8742,14.8747,14.8747,14.8731,14.8733,14.8733,14.8733,14.8733,14.872,14.872,14.8709,14.8709,14.8714,14.8724,14.8721,14.8728,14.8728,14.8728,14.873,14.8733,14.8733,14.8742,14.8737,14.8737,14.8744,14.8744,14.8737,14.8737,14.8735,14.8738,14.8742,14.8745,14.8742,14.8747,14.875,14.8741,14.8743,
Sun Apr 19 2020 04:14:59 GMT-0400 (Eastern Daylight Time)
14.8755,14.8751,14.8742,14.8744,14.8744,14.8744,14.8748,14.8742,14.8742,14.8737,14.8744,14.8754,14.8755,14.8751,14.8754,14.8746,14.8743,14.8739,14.8735,14.8735,14.8728,14.8728,14.8721,14.8722,14.8713,14.8723,14.8723,14.8723,14.871,14.8713,14.8716,14.8719,14.8719,14.8721,14.8724,14.8727,14.8735,14.8735,14.8749,14.8749,14.8742,14.8745,14.875,14.8752,14.8753,14.8755,14.8757,14.875,14.8748,14.8752,14.8747,14.8747,14.8743,14.875,14.8752,14.8755,14.8747,14.8745,14.8749,14.8745,
Sun Apr 19 2020 04:15:59 GMT-0400 (Eastern Daylight Time)
14.8752,14.8754,14.8766,14.8764,14.8761,14.8749,14.8749,14.8751,14.8759,14.8756,14.8761,14.8761,14.8757,14.8759,14.8764,14.8757,14.8747,14.875,14.8743,14.8746,14.8749,14.8752,14.8756,14.8748,14.8751,14.8761,14.8761,14.8764,14.8766,14.8763,14.876,14.876,14.8769,14.8772,14.8772,14.877,14.8763,14.8766,14.8768,14.8764,14.8764,14.8772,14.8764,14.8766,14.8769,14.8769,14.8755,14.8759,14.8763,14.8766,14.8762,14.875,14.8744,14.8741,14.8742,14.8742,14.8738,14.8738,14.8737,14.8743,
Sun Apr 19 2020 04:16:59 GMT-0400 (Eastern Daylight Time)
14.8751,14.8744,14.875,14.8749,14.8761,14.8777,14.878,14.8776,14.8773,14.8773,14.8776,14.8773,14.8756,14.8753,14.8753,14.875,14.8753,14.876,14.8758,14.8762,14.8757,14.8757,14.8775,14.8784,14.8795,14.8801,14.8806,14.8797,14.8783,14.8786,14.8783,14.8781,14.8781,14.8781,14.8781,14.8781,14.8788,14.8788,14.8788,14.8798,14.8809,14.8815,14.8817,14.8827,14.882,14.8825,14.8825,14.8825,14.8816,14.8818,14.8826,14.8823,14.8805,14.8801,14.8803,14.8795,14.8794,14.8794,14.879,14.879,
Sun Apr 19 2020 04:17:59 GMT-0400 (Eastern Daylight Time)
14.8787,14.8796,14.8792,14.8792,14.8779,14.8779,14.8779,14.8779,14.8788,14.8788,14.8788,14.8791,14.879,14.879,14.879,14.8794,14.8795,14.8792,14.8798,14.8801,14.8795,14.8803,14.8808,14.8817,14.8814,14.8802,14.8787,14.8781,14.8781,14.8786,14.8795,14.8795,14.8788,14.8786,14.8784,14.8781,14.8768,14.8771,14.8769,14.8769,14.8777,14.8777,14.8777,14.877,14.8784,14.8784,14.8802,14.8798,14.8801,14.8801,14.8801,14.8804,14.8819,14.8808,14.8812,14.881,14.8801,14.8794,14.8794,14.8799,
Sun Apr 19 2020 04:19:00 GMT-0400 (Eastern Daylight Time)
14.879,14.8793,14.881,14.8805,14.8802,14.8785,14.8792,14.8789,14.8774,14.8777,14.8777,14.8777,14.877,14.8772,14.8761,14.8754,14.8754,14.8754,14.8751,14.8754,14.8751,14.8753,14.8753,14.8754,14.8738,14.8738,14.8739,14.8739,14.8753,14.8753,14.8749,14.8749,14.8768,14.877,14.877,14.877,14.8766,14.8769,14.8769,14.8777,14.8774,14.8771,14.8774,14.8777,14.8771,14.8774,14.8771,14.8744,14.8741,14.8727,14.8727,14.8744,14.8737,14.8734,14.8737,14.8737,14.8761,14.8745,14.8742,14.8739,
Sun Apr 19 2020 04:20:00 GMT-0400 (Eastern Daylight Time)
14.8753,14.8748,14.8735,14.8735,14.8732,14.8728,14.8729,14.8729,14.873,14.8735,14.8741,14.8746,14.8746,14.875,14.8753,14.8753,14.8761,14.8768,14.877,14.8774,14.8761,14.875,14.875,14.875,14.875,14.8742,14.8748,14.8748,14.8748,14.8744,14.8747,14.8738,14.8753,14.8756,14.8756,14.8756,14.8752,14.8752,14.8747,14.8747,14.8763,14.8755,14.8764,14.8767,14.8769,14.8762,14.8757,14.8754,14.8758,14.8758,14.8753,14.876,14.8762,14.8758,14.8762,14.8762,14.877,14.8773,14.8776,14.8779,
Sun Apr 19 2020 04:20:59 GMT-0400 (Eastern Daylight Time)
14.8779,14.8792,14.8784,14.8784,14.8784,14.8791,14.8808,14.8812,14.8815,14.8812,14.88,14.8796,14.8792,14.8796,14.8807,14.8814,14.8803,14.8802,14.8805,14.88,14.8794,14.8794,14.8794,14.8794,14.8788,14.8792,14.8799,14.8792,14.8794,14.8799,14.8805,14.8798,14.8798,14.8801,14.8798,14.8809,14.88,14.8801,14.881,14.881,14.8814,14.8814,14.885,14.885,14.8863,14.8861,14.8859,14.8859,14.8868,14.8865,14.8865,14.8865,14.8861,14.8861,14.8862,14.8859,14.8856,14.8853,14.8859,14.8859,
Sun Apr 19 2020 04:21:59 GMT-0400 (Eastern Daylight Time)
14.8862,14.8862,14.8862,14.8862,14.887,14.8867,14.887,14.8875,14.8875,14.887,14.8881,14.8881,14.8878,14.8885,14.8887,14.8887,14.8887,14.8889,14.8889,14.8894,14.8894,14.8885,14.8892,14.8892,14.8892,14.8903,14.89,14.8896,14.8893,14.8895,14.8871,14.8871,14.8871,14.8875,14.8875,14.8883,14.8883,14.888,14.888,14.888,14.888,14.8883,14.8883,14.8879,14.8879,14.888,14.8877,14.8863,14.8863,14.8859,14.8859,14.8856,14.8853,14.8843,14.8839,14.8814,14.8807,14.8811,14.8811,14.8814,
Sun Apr 19 2020 04:22:59 GMT-0400 (Eastern Daylight Time)
14.8815,14.8815,14.8816,14.881,14.881,14.8805,14.8805,14.8793,14.8797,14.8799,14.8795,14.8795,14.8813,14.8805,14.8802,14.8797,14.8801,14.8804,14.8808,14.8825,14.8827,14.8823,14.882,14.8817,14.8817,14.8798,14.8803,14.8795,14.8799,14.8778,14.8782,14.8782,14.8798,14.8812,14.8807,14.8793,14.8793,14.88,14.8803,14.8811,14.8809,14.8815,14.8815,14.8812,14.8808,14.8836,14.882,14.882,14.8826,14.8835,14.8848,14.8839,14.8842,14.8845,14.8845,14.8841,14.8845,14.8845,14.8846,14.8841,
Sun Apr 19 2020 04:23:59 GMT-0400 (Eastern Daylight Time)
14.8841,14.8841,14.8839,14.8839,14.8829,14.8841,14.8847,14.8847,14.8841,14.8844,14.8844,14.885,14.885,14.8839,14.8846,14.8846,14.8846,14.8846,14.8849,14.8849,14.8849,14.8854,14.8857,14.8862,14.8862,14.8866,14.8865,14.8868,14.8865,14.8866,14.8869,14.8876,14.8876,14.8879,14.8881,14.8885,14.8877,14.8874,14.888,14.8875,14.8872,14.8864,14.8863,14.8863,14.8867,14.8882,14.888,14.8863,14.886,14.8871,14.8871,14.8875,14.8892,14.8888,14.8885,14.8885,14.8884,14.8877,14.8872,14.8876,
Sun Apr 19 2020 04:24:59 GMT-0400 (Eastern Daylight Time)
14.8881,14.8883,14.8883,14.8883,14.8856,14.8861,14.8861,14.8861,14.8866,14.8882,14.8892,14.8892,14.8892,14.8882,14.8873,14.8877,14.8877,14.8886,14.8888,14.8885,14.8883,14.8885,14.8885,14.8885,14.8885,14.8885,14.8888,14.8884,14.8891,14.8898,14.8901,14.8898,14.8898,14.889,14.8882,14.8882,14.8882,14.8886,14.8886,14.8896,14.8892,14.8892,14.8896,14.8899,14.8891,14.8902,14.8898,14.8898,14.89,14.888,14.8884,14.8873,14.8867,14.8874,14.8866,14.8863,14.8863,14.8874,14.8878,14.8869,
Sun Apr 19 2020 04:25:59 GMT-0400 (Eastern Daylight Time)
14.8869,14.8862,14.886,14.886,14.886,14.886,14.8856,14.8859,14.8867,14.8867,14.8858,14.8852,14.8852,14.8849,14.8847,14.8851,14.8861,14.886,14.886,14.8856,14.8856,14.8861,14.8854,14.8851,14.8851,14.8855,14.886,14.886,14.8852,14.8842,14.8842,14.8845,14.8844,14.8847,14.8851,14.8848,14.8845,14.8837,14.8841,14.8846,14.8844,14.8837,14.8838,14.8838,14.8832,14.8832,14.883,14.8833,14.883,14.8828,14.8831,14.8831,14.8824,14.882,14.8815,14.8815,14.8818,14.8808,14.8808,14.8808,
Sun Apr 19 2020 04:26:59 GMT-0400 (Eastern Daylight Time)
14.8819,14.8825,14.8828,14.8831,14.8834,14.8827,14.8821,14.8828,14.8831,14.8831,14.882,14.8829,14.8823,14.8826,14.883,14.8847,14.8847,14.8853,14.885,14.885,14.8843,14.8838,14.8835,14.8832,14.8829,14.8829,14.8824,14.8824,14.883,14.883,14.8851,14.8854,14.8861,14.8849,14.8849,14.8863,14.8863,14.8867,14.8857,14.886,14.8856,14.8849,14.8844,14.8848,14.8848,14.8846,14.8855,14.8848,14.8843,14.8843,14.8844,14.885,14.8852,14.8831,14.8833,14.8833,14.8835,14.8835,14.8836,14.8836,
Sun Apr 19 2020 04:27:59 GMT-0400 (Eastern Daylight Time)
14.8829,14.8831,14.8831,14.8831,14.8831,14.8807,14.8798,14.8805,14.8805,14.8802,14.8805,14.8805,14.8805,14.8805,14.8816,14.8816,14.8802,14.8794,14.8795,14.8822,14.883,14.883,14.881,14.8816,14.8814,14.88,14.8794,14.8798,14.88,14.88,14.8798,14.8805,14.8805,14.8812,14.8805,14.88,14.88,14.8784,14.878,14.8797,14.8799,14.879,14.8804,14.8808,14.8811,14.8814,14.881,14.881,14.8806,14.8808,14.8811,14.8818,14.8818,14.8818,14.8819,14.8817,14.882,14.8815,14.8805,14.8805,
Sun Apr 19 2020 04:28:59 GMT-0400 (Eastern Daylight Time)
14.8802,14.8798,14.8807,14.8794,14.8785,14.8788,14.8795,14.8799,14.8801,14.879,14.8789,14.8802,14.88,14.8796,14.8795,14.8798,14.8801,14.8808,14.8804,14.8804,14.8831,14.8831,14.8839,14.8836,14.8835,14.8835,14.8855,14.885,14.885,14.885,14.8845,14.8845,14.8848,14.8848,14.8845,14.8869,14.8873,14.8876,14.8875,14.8875,14.8878,14.8878,14.8871,14.8865,14.8865,14.886,14.8862,14.8872,14.8866,14.8867,14.8871,14.8871,14.8871,14.8865,14.8865,14.8875,14.8878,14.8881,14.8881,14.8895,
Sun Apr 19 2020 04:29:59 GMT-0400 (Eastern Daylight Time)
14.8898,14.89,14.8894,14.8901,14.8909,14.8912,14.8905,14.8909,14.8909,14.8912,14.891,14.891,14.8906,14.8924,14.8924,14.8924,14.8921,14.8924,14.8935,14.893,14.8928,14.8926,14.8928,14.8923,14.8926,14.8911,14.8907,14.8913,14.8913,14.8922,14.8925,14.8925,14.8921,14.893,14.8933,14.8936,14.8933,14.894,14.8934,14.8931,14.8929,14.8918,14.8936,14.8933,14.8933,14.8931,14.8937,14.8945,14.896,14.896,14.8961,14.8966,14.8971,14.8976,14.8979,14.8978,14.8982,14.8991,14.8996,14.8996,
Sun Apr 19 2020 04:31:59 GMT-0400 (Eastern Daylight Time)
14.8996,14.8996,14.8996,14.8994,14.8997,14.8994,14.8994,14.8994,14.8997,14.8997,14.8997,14.9,14.9022,14.8997,14.8988,14.8979,14.8983,14.8983,14.899,14.8992,14.8994,14.8996,14.8996,14.8996,14.8996,14.8994,14.9018,14.9022,14.9016,14.9016,14.9011,14.9011,14.9005,14.8996,14.8991,14.8996,14.8992,14.8987,14.8987,14.8987,14.899,14.8996,14.8999,14.9002,14.901,14.9005,14.9005,14.9003,14.9003,14.9003,14.8999,14.8995,14.8973,14.8974,14.8978,14.8982,14.8982,14.8982,14.8988,14.8988,
Sun Apr 19 2020 04:33:00 GMT-0400 (Eastern Daylight Time)
14.8991,14.8991,14.8993,14.8999,14.8999,14.8996,14.8994,14.8989,14.8989,14.8997,14.9001,14.9001,14.8998,14.8995,14.9,14.9001,14.9023,14.9016,14.9017,14.9024,14.9028,14.9036,14.9038,14.9041,14.9041,14.9044,14.9049,14.9043,14.9043,14.9044,14.9047,14.9046,14.9048,14.9048,14.9051,14.9051,14.9051,14.9057,14.9061,14.9061,14.9061,14.9061,14.9066,14.9063,14.9055,14.9055,14.9063,14.9063,14.9077,14.9066,14.9064,14.9064,14.9064,14.9066,14.9063,14.9063,14.9065,14.9068,14.9057,14.9059,
Sun Apr 19 2020 04:33:59 GMT-0400 (Eastern Daylight Time)
14.9063,14.9063,14.9062,14.9062,14.9061,14.9057,14.9056,14.9053,14.9058,14.9055,14.9046,14.9036,14.9057,14.9051,14.9043,14.9047,14.9053,14.9053,14.9053,14.9053,14.9048,14.9054,14.9045,14.9049,14.9049,14.9052,14.9048,14.9061,14.9059,14.9062,14.907,14.9067,14.9067,14.9066,14.9062,14.9062,14.9062,14.9074,14.9072,14.9075,14.9075,14.9078,14.9086,14.9083,14.9086,14.9118,14.9122,14.913,14.9133,14.9134,14.9097,14.91,14.9104,14.9095,14.9095,14.9075,14.9068,14.9075,14.9063,14.9071,
Sun Apr 19 2020 04:34:59 GMT-0400 (Eastern Daylight Time)
14.9074,14.9076,14.9069,14.9069,14.9066,14.9069,14.9065,14.9063,14.9063,14.9061,14.9065,14.9072,14.9072,14.9091,14.9099,14.9099,14.9104,14.9107,14.911,14.9097,14.9094,14.9092,14.9101,14.9101,14.9101,14.9108,14.9105,14.9124,14.9124,14.9116,14.9118,14.911,14.911,14.9115,14.9129,14.9162,14.9162,14.9153,14.9157,14.9163,14.9167,14.9181,14.9181,14.9182,14.9179,14.9179,14.9171,14.9167,14.918,14.9175,14.9171,14.9168,14.9165,14.9159,14.9159,14.9165,14.9165,14.9172,14.9169,14.9174,
Sun Apr 19 2020 04:35:59 GMT-0400 (Eastern Daylight Time)
14.9178,14.9182,14.9182,14.9182,14.9194,14.9194,14.9191,14.9194,14.9194,14.9192,14.9196,14.9199,14.9194,14.9178,14.9178,14.9168,14.9162,14.9159,14.9168,14.9158,14.9154,14.9178,14.9178,14.921,14.9213,14.9215,14.9215,14.9214,14.9209,14.9214,14.9214,14.921,14.9207,14.9207,14.92,14.9204,14.9204,14.9204,14.9197,14.9204,14.9206,14.9212,14.9221,14.9223,14.9218,14.9211,14.9204,14.9207,14.9207,14.9207,14.9199,14.9183,14.9183,14.9176,14.9163,14.916,14.916,14.9162,14.9159,14.9162,
Sun Apr 19 2020 04:37:00 GMT-0400 (Eastern Daylight Time)
14.9167,14.9167,14.9167,14.9167,14.9167,14.9167,14.9163,14.9166,14.9166,14.9169,14.9169,14.9165,14.9166,14.9172,14.9171,14.918,14.9177,14.918,14.9188,14.9199,14.9207,14.9207,14.9208,14.9204,14.9214,14.9214,14.9207,14.9204,14.9204,14.9209,14.9203,14.9204,14.9204,14.921,14.921,14.9203,14.9214,14.9214,14.9206,14.921,14.921,14.9201,14.9205,14.9212,14.9195,14.9195,14.9195,14.9189,14.9189,14.9189,14.9185,14.9185,14.9185,14.9185,14.9177,14.9174,14.9174,14.9175,14.9175,14.9175,
Sun Apr 19 2020 04:37:59 GMT-0400 (Eastern Daylight Time)
14.9177,14.9177,14.9177,14.9178,14.9178,14.9178,14.9178,14.9175,14.9175,14.917,14.9166,14.9179,14.9191,14.9213,14.9213,14.9229,14.9229,14.9229,14.9229,14.9237,14.9237,14.9237,14.9237,14.9234,14.9234,14.924,14.924,14.924,14.9225,14.9233,14.923,14.9233,14.9233,14.9241,14.9234,14.9228,14.9228,14.9226,14.9223,14.9214,14.9217,14.9217,14.9217,14.921,14.921,14.921,14.9205,14.9208,14.9202,14.9202,14.9202,14.9191,14.9191,14.9185,14.9185,14.9183,14.9183,14.9179,14.9179,14.9179,
Sun Apr 19 2020 04:38:59 GMT-0400 (Eastern Daylight Time)
14.9179,14.9179,14.9179,14.9183,14.9183,14.9183,14.9183,14.9183,14.9182,14.9182,14.9182,14.9182,14.9178,14.9178,14.9181,14.9181,14.9182,14.9182,14.9182,14.9182,14.9182,14.9178,14.9178,14.9174,14.9174,14.9174,14.9174,14.9181,14.9181,14.9181,14.9181,14.9202,14.9205,14.9203,14.9199,14.9196,14.9194,14.9186,14.9191,14.9189,14.9196,14.9193,14.9189,14.9187,14.9181,14.918,14.918,14.918,14.9181,14.92,14.92,14.9193,14.9188,14.9188,14.9188,14.9182,14.9178,14.918,14.9173,14.917,
Sun Apr 19 2020 04:39:59 GMT-0400 (Eastern Daylight Time)
14.9172,14.9169,14.9162,14.9164,14.9146,14.9149,14.9149,14.9164,14.9184,14.9178,14.9174,14.9178,14.9181,14.9206,14.9196,14.9196,14.9199,14.9194,14.9191,14.9172,14.9172,14.9172,14.9167,14.916,14.9161,14.9153,14.9153,14.9153,14.9164,14.9168,14.9164,14.918,14.9177,14.9182,14.9176,14.9169,14.9157,14.9157,14.9148,14.9141,14.9141,14.9132,14.9129,14.9131,14.9127,14.9133,14.9136,14.9136,14.914,14.914,14.9135,14.9141,14.9141,14.9131,14.9137,14.9132,14.9135,14.9131,14.9106,14.9108,
Sun Apr 19 2020 04:40:59 GMT-0400 (Eastern Daylight Time)
14.9118,14.911,14.9095,14.9095,14.9098,14.9098,14.9098,14.9101,14.9098,14.9098,14.9098,14.91,14.9106,14.9106,14.9109,14.9108,14.9103,14.9107,14.9099,14.9103,14.9106,14.9103,14.9105,14.9101,14.9101,14.9098,14.9098,14.9092,14.9096,14.9102,14.9102,14.9102,14.9105,14.9105,14.9104,14.9111,14.9107,14.9129,14.9129,14.9132,14.917,14.9163,14.9167,14.916,14.9136,14.9138,14.9135,14.913,14.913,14.9125,14.9123,14.9123,14.9122,14.9141,14.9136,14.9124,14.915,14.9146,14.9149,14.9149,
Sun Apr 19 2020 04:41:59 GMT-0400 (Eastern Daylight Time)
14.9148,14.9146,14.9146,14.9147,14.9151,14.916,14.916,14.916,14.9157,14.9159,14.9159,14.9159,14.9167,14.9164,14.9159,14.9156,14.9146,14.9151,14.9157,14.9164,14.918,14.9177,14.9192,14.9193,14.9193,14.9187,14.9183,14.9186,14.9182,14.9186,14.9197,14.9197,14.9197,14.9189,14.9186,14.9186,14.9184,14.9182,14.9186,14.9186,14.9179,14.9179,14.918,14.918,14.9177,14.9177,14.918,14.918,14.9203,14.9203,14.9203,14.9195,14.9198,14.9194,14.9194,14.9194,14.9191,14.9191,14.9179,14.9179,
Sun Apr 19 2020 04:43:59 GMT-0400 (Eastern Daylight Time)
14.9204,14.9203,14.9203,14.9205,14.921,14.9209,14.9206,14.9213,14.9223,14.9223,14.9215,14.9211,14.9216,14.9211,14.9208,14.9208,14.9207,14.9209,14.9208,14.9214,14.9229,14.9226,14.9229,14.9229,14.9237,14.9217,14.9214,14.9221,14.9218,14.9211,14.9214,14.9206,14.9212,14.9212,14.9212,14.9212,14.922,14.9225,14.9232,14.9235,14.9232,14.9232,14.9232,14.924,14.9248,14.9247,14.9243,14.9247,14.925,14.9247,14.9239,14.9239,14.9237,14.9233,14.9233,14.9224,14.9228,14.9218,14.9223,14.9216,
Sun Apr 19 2020 04:45:00 GMT-0400 (Eastern Daylight Time)
14.921,14.9211,14.9214,14.9214,14.9187,14.9184,14.9184,14.9175,14.9171,14.9165,14.9162,14.9159,14.9157,14.9157,14.9157,14.9155,14.9148,14.9148,14.9153,14.9146,14.9146,14.9162,14.9162,14.9162,14.9172,14.9172,14.9179,14.9183,14.9195,14.9184,14.9194,14.9182,14.9179,14.9183,14.918,14.918,14.9178,14.9178,14.9199,14.9199,14.9194,14.9194,14.9189,14.9195,14.9189,14.9191,14.9191,14.9204,14.92,14.9197,14.92,14.9225,14.9218,14.9218,14.9218,14.922,14.922,14.9212,14.921,14.9211,
Sun Apr 19 2020 04:46:00 GMT-0400 (Eastern Daylight Time)
14.9211,14.9203,14.9197,14.9197,14.9205,14.9207,14.9204,14.9202,14.9202,14.9196,14.9187,14.9167,14.9168,14.9164,14.9164,14.916,14.9163,14.9168,14.9168,14.9171,14.916,14.9137,14.914,14.914,14.9137,14.9133,14.9133,14.9132,14.9127,14.9135,14.9135,14.9133,14.913,14.9127,14.9121,14.9115,14.9109,14.9104,14.9109,14.9102,14.9103,14.9103,14.911,14.911,14.91,14.9094,14.9083,14.9086,14.9084,14.9063,14.9068,14.9073,14.9077,14.9073,14.9069,14.9075,14.9077,14.9073,14.9073,14.9081,
Sun Apr 19 2020 04:46:59 GMT-0400 (Eastern Daylight Time)
14.9094,14.9096,14.9091,14.9088,14.909,14.9072,14.9069,14.9059,14.9053,14.9051,14.9053,14.904,14.9033,14.9065,14.9065,14.9057,14.9054,14.906,14.906,14.9067,14.9067,14.9073,14.9073,14.9073,14.9084,14.9084,14.908,14.9083,14.9082,14.9077,14.9067,14.9067,14.9059,14.9057,14.9054,14.9059,14.9059,14.9053,14.9046,14.9042,14.9045,14.9042,14.9019,14.9043,14.9039,14.9042,14.9038,14.9041,14.904,14.9037,14.9044,14.9051,14.9035,14.9042,14.9042,14.904,14.9024,14.9027,14.9027,14.9027,
Sun Apr 19 2020 04:47:59 GMT-0400 (Eastern Daylight Time)
14.9027,14.9036,14.9032,14.9038,14.9035,14.9025,14.9025,14.9025,14.9028,14.9036,14.9031,14.9043,14.9039,14.904,14.9052,14.9054,14.907,14.9066,14.9071,14.906,14.9037,14.904,14.9046,14.904,14.9036,14.9036,14.9029,14.9032,14.903,14.9025,14.9013,14.9013,14.901,14.9006,14.9006,14.9008,14.9005,14.9014,14.9027,14.9027,14.9035,14.9033,14.9037,14.9037,14.9037,14.9037,14.9021,14.9024,14.9024,14.9028,14.9016,14.9022,14.9018,14.9009,14.9005,14.9005,14.9013,14.9013,14.901,14.901,
Sun Apr 19 2020 04:48:59 GMT-0400 (Eastern Daylight Time)
14.9015,14.9035,14.9035,14.9044,14.9048,14.9054,14.9054,14.9047,14.9036,14.9051,14.9046,14.9044,14.9044,14.9048,14.9048,14.9041,14.9041,14.9051,14.9046,14.9043,14.9047,14.9052,14.9043,14.9046,14.9046,14.9036,14.9032,14.9034,14.9036,14.9033,14.9033,14.9036,14.9036,14.9033,14.9056,14.905,14.9047,14.9043,14.9046,14.9046,14.9043,14.9058,14.9054,14.9048,14.9048,14.9051,14.9052,14.9064,14.9068,14.9058,14.9063,14.9063,14.9065,14.9069,14.9077,14.9077,14.9083,14.9087,14.9087,14.9087,
Sun Apr 19 2020 04:49:59 GMT-0400 (Eastern Daylight Time)
14.9087,14.9093,14.909,14.9087,14.9091,14.9087,14.909,14.9105,14.9108,14.9111,14.9108,14.9108,14.9127,14.9127,14.9114,14.9115,14.9115,14.9141,14.9136,14.9147,14.9144,14.9147,14.9147,14.9158,14.9165,14.9164,14.9164,14.9172,14.9169,14.9166,14.9166,14.9166,14.9163,14.9159,14.9159,14.9151,14.9154,14.9154,14.9151,14.9154,14.9154,14.9154,14.9156,14.9165,14.9165,14.9176,14.9157,14.916,14.9165,14.9168,14.9179,14.9179,14.9169,14.9163,14.9164,14.917,14.9171,14.9171,14.9176,14.917,
Sun Apr 19 2020 04:50:59 GMT-0400 (Eastern Daylight Time)
14.917,14.9172,14.9179,14.9179,14.9195,14.9198,14.919,14.9187,14.9187,14.919,14.9198,14.9178,14.9182,14.9179,14.9179,14.9179,14.9174,14.9172,14.9177,14.9174,14.9176,14.918,14.9182,14.9185,14.9173,14.9172,14.9169,14.9155,14.9155,14.9149,14.9152,14.9155,14.9155,14.914,14.9138,14.9146,14.9166,14.916,14.9156,14.9155,14.9155,14.9137,14.9137,14.914,14.9146,14.9149,14.9151,14.9148,14.915,14.9125,14.9122,14.9122,14.9126,14.9128,14.9125,14.9125,14.9131,14.913,14.9126,14.9126,
Sun Apr 19 2020 04:51:59 GMT-0400 (Eastern Daylight Time)
14.9126,14.912,14.9114,14.9114,14.9123,14.9129,14.9127,14.9122,14.9129,14.9126,14.9131,14.9131,14.913,14.9137,14.9136,14.9139,14.9139,14.913,14.9132,14.9127,14.9127,14.914,14.9137,14.9134,14.9128,14.9121,14.9124,14.9124,14.913,14.9127,14.9127,14.9127,14.913,14.913,14.9123,14.9125,14.9132,14.9137,14.9139,14.9144,14.9151,14.9156,14.9153,14.9143,14.9143,14.912,14.9123,14.9126,14.9126,14.9117,14.9121,14.9124,14.9116,14.9113,14.9113,14.9107,14.9107,14.911,14.911,14.911,
Sun Apr 19 2020 04:53:59 GMT-0400 (Eastern Daylight Time)
14.911,14.9035,14.9028,14.9032,14.9032,14.9022,14.9022,14.9022,14.9029,14.9034,14.9034,14.9032,14.9032,14.9034,14.9042,14.9042,14.9042,14.9041,14.905,14.905,14.9053,14.9053,14.9056,14.9054,14.9054,14.9043,14.9035,14.9032,14.9035,14.903,14.9031,14.9031,14.9027,14.9016,14.901,14.901,14.901,14.901,14.9,14.8997,14.8992,14.8995,14.9003,14.9006,14.9001,14.8998,14.9002,14.9002,14.8997,14.8987,14.8993,14.8998,14.8998,14.8998,14.9005,14.9007,14.8999,14.8996,14.9003,14.8995,
Sun Apr 19 2020 04:54:59 GMT-0400 (Eastern Daylight Time)
14.8992,14.8989,14.8972,14.8956,14.8956,14.8953,14.8953,14.8951,14.8953,14.8957,14.8944,14.8944,14.8944,14.8956,14.8963,14.8963,14.897,14.897,14.8945,14.8948,14.8945,14.8948,14.8934,14.8931,14.8939,14.8936,14.8942,14.8945,14.8945,14.8934,14.8923,14.8921,14.8918,14.8923,14.8909,14.8902,14.8902,14.8881,14.8885,14.8889,14.8889,14.8892,14.889,14.889,14.889,14.889,14.8889,14.8894,14.889,14.8894,14.8893,14.8896,14.8901,14.891,14.8905,14.8905,14.8896,14.8893,14.8888,14.8883,
Sun Apr 19 2020 04:55:59 GMT-0400 (Eastern Daylight Time)
14.8879,14.8879,14.8879,14.8879,14.8879,14.8873,14.8878,14.8873,14.8876,14.8881,14.8883,14.8886,14.8865,14.8861,14.8865,14.885,14.8846,14.8851,14.8848,14.8841,14.8841,14.8838,14.8834,14.8848,14.8848,14.8844,14.882,14.8817,14.8819,14.8831,14.8833,14.8833,14.8816,14.8815,14.8818,14.8815,14.881,14.8813,14.8805,14.8805,14.8799,14.8799,14.8791,14.8788,14.8788,14.878,14.8777,14.8779,14.8776,14.8776,14.8775,14.8779,14.8773,14.8772,14.8782,14.8785,14.8788,14.8788,14.8791,14.8789,
Sun Apr 19 2020 04:57:59 GMT-0400 (Eastern Daylight Time)
14.8789,14.8786,14.8786,14.877,14.8766,14.8782,14.8782,14.8784,14.8784,14.8784,14.8787,14.8777,14.8757,14.8765,14.8757,14.8752,14.8737,14.8737,14.873,14.8733,14.874,14.8713,14.8713,14.8713,14.8712,14.8712,14.8712,14.8712,14.8709,14.8709,14.8706,14.871,14.8703,14.8703,14.8701,14.8708,14.8718,14.8719,14.8727,14.8716,14.8721,14.8721,14.8721,14.8729,14.8729,14.8729,14.8733,14.8728,14.8719,14.8719,14.8727,14.8727,14.8727,14.8727,14.8721,14.8719,14.8719,14.8725,14.8712,14.8712,
Sun Apr 19 2020 04:58:59 GMT-0400 (Eastern Daylight Time)
14.8715,14.8722,14.8717,14.8714,14.8722,14.8722,14.8714,14.8717,14.8727,14.8732,14.8727,14.8727,14.8729,14.8729,14.8729,14.8728,14.8728,14.8726,14.8726,14.8726,14.8716,14.8719,14.8723,14.8731,14.8729,14.8721,14.872,14.8726,14.8726,14.8722,14.8719,14.8722,14.8722,14.873,14.8722,14.8718,14.8715,14.8715,14.8712,14.8715,14.8719,14.8719,14.8722,14.8708,14.8705,14.8705,14.8713,14.8709,14.8719,14.8723,14.8722,14.8722,14.8722,14.8725,14.8726,14.8723,14.8726,14.8722,14.8734,14.8736,
Sun Apr 19 2020 04:59:59 GMT-0400 (Eastern Daylight Time)
14.8743,14.8747,14.8747,14.8744,14.8746,14.8746,14.8743,14.8743,14.8739,14.8745,14.8748,14.8751,14.8751,14.8747,14.875,14.8755,14.8752,14.8756,14.875,14.8747,14.8739,14.8742,14.8732,14.874,14.874,14.8732,14.8735,14.8732,14.873,14.8721,14.8713,14.871,14.8711,14.8704,14.8697,14.8718,14.8714,14.8714,14.872,14.8707,14.8707,14.8703,14.8694,14.8702,14.8699,14.8697,14.8697,14.8689,14.8689,14.8692,14.8687,14.8687,14.869,14.869,14.869,14.8693,14.8693,14.8698,14.8698,14.8712,
Sun Apr 19 2020 05:00:59 GMT-0400 (Eastern Daylight Time)
14.8715,14.8712,14.8712,14.8712,14.8716,14.8716,14.8705,14.8705,14.8709,14.8697,14.8708,14.8711,14.8711,14.8714,14.8718,14.8716,14.8719,14.8706,14.871,14.8712,14.8708,14.8734,14.8724,14.8717,14.8722,14.8724,14.8722,14.8725,14.8725,14.8729,14.8729,14.8728,14.8716,14.873,14.8724,14.8726,14.8724,14.8727,14.8729,14.8711,14.8712,14.8709,14.8706,14.8706,14.87,14.8699,14.8699,14.8699,14.8702,14.8702,14.8702,14.8702,14.8697,14.8694,14.8701,14.8702,14.8698,14.8696,14.8693,14.8679,
Sun Apr 19 2020 05:02:59 GMT-0400 (Eastern Daylight Time)
14.8679,14.8696,14.8699,14.8699,14.8699,14.8703,14.8703,14.8696,14.869,14.869,14.869,14.8694,14.8697,14.8697,14.8698,14.8698,14.87,14.87,14.8707,14.871,14.8705,14.8705,14.8705,14.8705,14.8702,14.8705,14.8703,14.8713,14.8705,14.8702,14.8692,14.8696,14.8702,14.8699,14.8702,14.8704,14.8707,14.8699,14.8697,14.8698,14.8695,14.8697,14.8699,14.8689,14.8689,14.8692,14.8692,14.8658,14.8658,14.8658,14.8652,14.8644,14.864,14.8623,14.8626,14.8627,14.8627,14.8627,14.8622,14.8663,
Sun Apr 19 2020 05:03:59 GMT-0400 (Eastern Daylight Time)
14.8663,14.8663,14.866,14.8658,14.8658,14.8674,14.8676,14.8679,14.8682,14.8683,14.8683,14.868,14.8686,14.8681,14.8674,14.8683,14.8683,14.8661,14.8659,14.8656,14.865,14.8647,14.8644,14.8648,14.8644,14.8639,14.8636,14.8634,14.8642,14.8642,14.8642,14.8641,14.8641,14.8632,14.8633,14.8636,14.8628,14.8628,14.8623,14.8611,14.861,14.8605,14.8611,14.8607,14.861,14.8612,14.8612,14.8604,14.8604,14.8597,14.8601,14.8603,14.8601,14.8601,14.8604,14.8595,14.8598,14.8598,14.8602,14.8616,
Sun Apr 19 2020 05:04:59 GMT-0400 (Eastern Daylight Time)
14.862,14.8621,14.8618,14.8614,14.8632,14.8626,14.8639,14.8629,14.8626,14.8636,14.8615,14.8615,14.8627,14.8623,14.8625,14.8617,14.8614,14.8625,14.8625,14.8622,14.8622,14.8618,14.8618,14.8614,14.8614,14.8609,14.8609,14.8601,14.8598,14.8596,14.8597,14.8599,14.8589,14.8589,14.8603,14.8605,14.8614,14.8612,14.8622,14.8622,14.8627,14.863,14.8621,14.8624,14.8626,14.8635,14.864,14.8643,14.8632,14.8634,14.8642,14.8641,14.8635,14.8638,14.8635,14.8635,14.8637,14.8633,14.8629,14.8623,
Sun Apr 19 2020 05:05:59 GMT-0400 (Eastern Daylight Time)
14.8631,14.8628,14.8628,14.8631,14.8643,14.8643,14.8647,14.8636,14.8639,14.8635,14.8635,14.8635,14.8642,14.8642,14.8644,14.864,14.8642,14.8651,14.8651,14.8656,14.8659,14.8655,14.866,14.8661,14.8661,14.8667,14.8664,14.8669,14.8675,14.8675,14.8675,14.8677,14.868,14.868,14.8677,14.8678,14.8672,14.8664,14.8672,14.868,14.8676,14.8673,14.8671,14.8669,14.8669,14.8665,14.866,14.8655,14.8653,14.8631,14.8626,14.8626,14.864,14.8647,14.8647,14.865,14.8655,14.8652,14.8655,14.8655,
Sun Apr 19 2020 05:06:59 GMT-0400 (Eastern Daylight Time)
14.8649,14.8648,14.8648,14.8643,14.8631,14.8631,14.8622,14.8637,14.8639,14.8639,14.8651,14.8654,14.865,14.8647,14.8647,14.865,14.8666,14.8659,14.8653,14.8651,14.8654,14.8654,14.8651,14.8654,14.8651,14.8651,14.8658,14.8654,14.8649,14.8652,14.8657,14.8659,14.8659,14.8672,14.8668,14.8668,14.8671,14.8666,14.867,14.867,14.867,14.867,14.867,14.8667,14.865,14.8646,14.8646,14.8646,14.8644,14.8647,14.865,14.865,14.865,14.8658,14.8655,14.8648,14.8643,14.8639,14.8639,14.8637,
Sun Apr 19 2020 05:07:59 GMT-0400 (Eastern Daylight Time)
14.8641,14.8637,14.8635,14.8635,14.8625,14.8619,14.8614,14.8609,14.8604,14.8607,14.8616,14.8616,14.8658,14.8658,14.8672,14.8672,14.867,14.8673,14.8661,14.8658,14.8679,14.8679,14.8681,14.8672,14.8675,14.8687,14.8684,14.8682,14.8669,14.8665,14.8665,14.8665,14.867,14.8644,14.8643,14.8643,14.8648,14.8652,14.8658,14.8685,14.868,14.8678,14.8678,14.868,14.8692,14.8692,14.8688,14.8683,14.8679,14.8676,14.8681,14.8681,14.8687,14.8687,14.8687,14.8686,14.8662,14.8658,14.8664,14.8663,
Sun Apr 19 2020 05:09:00 GMT-0400 (Eastern Daylight Time)
14.8663,14.866,14.866,14.866,14.8665,14.8641,14.8641,14.8641,14.8649,14.8652,14.8652,14.8652,14.8647,14.8647,14.8656,14.8659,14.8668,14.8676,14.8666,14.8669,14.8665,14.8668,14.8669,14.8676,14.8676,14.8697,14.8692,14.871,14.8712,14.8712,14.8724,14.8724,14.8727,14.873,14.873,14.873,14.8733,14.8733,14.8738,14.8738,14.8731,14.8738,14.8742,14.8739,14.8739,14.8742,14.8746,14.8738,14.8742,14.8731,14.8734,14.873,14.8732,14.873,14.8755,14.8758,14.8749,14.8732,14.8728,14.8728,
Sun Apr 19 2020 05:09:59 GMT-0400 (Eastern Daylight Time)
14.8725,14.8716,14.8716,14.8716,14.8716,14.8718,14.8718,14.8715,14.8714,14.8714,14.8718,14.8718,14.8718,14.8724,14.8721,14.8718,14.8721,14.8729,14.8729,14.8741,14.8738,14.8737,14.8739,14.8742,14.8742,14.875,14.875,14.8745,14.8721,14.8724,14.8727,14.8727,14.8727,14.8724,14.8722,14.8725,14.8725,14.873,14.8724,14.8727,14.8726,14.8724,14.8724,14.8735,14.874,14.8735,14.8735,14.8737,14.8729,14.8726,14.8701,14.8713,14.8708,14.8699,14.8694,14.8694,14.8694,14.8693,14.869,14.8687,
Sun Apr 19 2020 05:10:59 GMT-0400 (Eastern Daylight Time)
14.8683,14.8683,14.8683,14.8691,14.8688,14.8688,14.8691,14.8698,14.8693,14.8696,14.8698,14.872,14.872,14.8714,14.8709,14.8709,14.8699,14.8704,14.8702,14.8704,14.87,14.8704,14.8701,14.8701,14.8696,14.8696,14.8699,14.8699,14.8706,14.8702,14.8708,14.87,14.8705,14.8708,14.8708,14.8705,14.8702,14.8708,14.8712,14.8716,14.8719,14.8725,14.8725,14.8727,14.8724,14.8724,14.8728,14.8728,14.8724,14.8729,14.8735,14.8733,14.8738,14.8736,14.8734,14.8734,14.8738,14.8738,14.8736,14.8729,
Sun Apr 19 2020 05:11:59 GMT-0400 (Eastern Daylight Time)
14.8727,14.8719,14.8727,14.8727,14.8724,14.8724,14.8724,14.8724,14.8727,14.8726,14.8726,14.8729,14.8732,14.8743,14.8744,14.8747,14.8738,14.8748,14.8735,14.872,14.8718,14.8723,14.8732,14.8732,14.8728,14.8728,14.8753,14.8749,14.8746,14.8738,14.8738,14.8738,14.8741,14.8739,14.8745,14.8745,14.8732,14.874,14.874,14.8745,14.872,14.8723,14.8713,14.8724,14.8719,14.8723,14.8723,14.8725,14.8725,14.8728,14.8735,14.8729,14.8733,14.873,14.8734,14.8734,14.8732,14.8728,14.8732,14.8735,
Sun Apr 19 2020 05:12:59 GMT-0400 (Eastern Daylight Time)
14.8755,14.8752,14.8752,14.8765,14.8765,14.8766,14.876,14.877,14.8762,14.8762,14.8762,14.8762,14.8758,14.8753,14.8751,14.8743,14.874,14.874,14.874,14.8753,14.8747,14.8745,14.8735,14.8733,14.8733,14.8731,14.8731,14.8731,14.8734,14.8726,14.8718,14.8718,14.8723,14.8719,14.8716,14.8689,14.8691,14.8698,14.8683,14.8681,14.8681,14.8685,14.8683,14.8676,14.8673,14.8662,14.8659,14.8663,14.8665,14.8661,14.8663,14.866,14.866,14.8664,14.8664,14.8666,14.8681,14.8676,14.8676,14.8673,
Sun Apr 19 2020 05:13:59 GMT-0400 (Eastern Daylight Time)
14.8673,14.8694,14.8694,14.8694,14.87,14.87,14.87,14.8698,14.8698,14.8689,14.8692,14.8687,14.8685,14.8684,14.8687,14.8688,14.8688,14.8695,14.8694,14.8694,14.8697,14.8693,14.8695,14.8686,14.8683,14.8701,14.8704,14.8704,14.8706,14.8716,14.8716,14.8713,14.8709,14.8702,14.8699,14.8703,14.8703,14.8713,14.8721,14.8734,14.8737,14.8738,14.8746,14.8746,14.8748,14.8746,14.8748,14.8745,14.8749,14.8753,14.8753,14.8746,14.8752,14.8752,14.8752,14.8756,14.8756,14.875,14.8754,14.8756,
Sun Apr 19 2020 05:14:59 GMT-0400 (Eastern Daylight Time)
14.875,14.8747,14.8744,14.8744,14.8751,14.874,14.8744,14.8744,14.8744,14.8744,14.8738,14.8738,14.8728,14.8728,14.8733,14.874,14.8745,14.8741,14.8739,14.8739,14.8734,14.874,14.874,14.874,14.8737,14.8736,14.873,14.8733,14.8738,14.8738,14.8738,14.8735,14.8741,14.873,14.8736,14.874,14.874,14.8749,14.8746,14.8741,14.8743,14.874,14.8747,14.8747,14.8748,14.875,14.8754,14.8736,14.8736,14.8744,14.8749,14.8742,14.8739,14.8734,14.8731,14.8729,14.8729,14.8736,14.8738,14.874,
Sun Apr 19 2020 05:15:59 GMT-0400 (Eastern Daylight Time)
14.8735,14.8732,14.8732,14.8732,14.8721,14.8721,14.8721,14.8719,14.8719,14.8723,14.8717,14.8717,14.8717,14.8706,14.8706,14.8712,14.8709,14.8709,14.8707,14.871,14.8713,14.8716,14.8713,14.8723,14.8725,14.8725,14.8725,14.8727,14.871,14.8703,14.8704,14.8709,14.8712,14.8711,14.8707,14.8709,14.8706,14.8706,14.8696,14.871,14.871,14.871,14.8718,14.8718,14.8718,14.8725,14.8727,14.8724,14.8727,14.8729,14.8729,14.8724,14.8724,14.8719,14.8724,14.8726,14.8726,14.8729,14.8731,14.8751,
Sun Apr 19 2020 05:16:59 GMT-0400 (Eastern Daylight Time)
14.8751,14.8747,14.8747,14.8747,14.8743,14.8743,14.8737,14.8737,14.8731,14.8737,14.8733,14.8733,14.8734,14.8731,14.8741,14.8741,14.8748,14.874,14.8757,14.8764,14.8759,14.8763,14.8775,14.8771,14.8773,14.8764,14.8758,14.8758,14.8761,14.8764,14.8764,14.8762,14.8749,14.8746,14.8754,14.8744,14.8717,14.8726,14.8723,14.8723,14.8718,14.8699,14.8697,14.8705,14.8708,14.8723,14.8719,14.8723,14.8723,14.8714,14.8718,14.8722,14.8733,14.8733,14.8731,14.8713,14.8726,14.8726,14.8722,14.872,
Sun Apr 19 2020 05:17:59 GMT-0400 (Eastern Daylight Time)
14.872,14.872,14.8717,14.8717,14.8724,14.873,14.8726,14.873,14.873,14.8716,14.871,14.871,14.871,14.8724,14.8729,14.8733,14.8737,14.8734,14.8726,14.8726,14.8738,14.8725,14.8716,14.8716,14.8716,14.8719,14.8691,14.8695,14.8702,14.8693,14.8695,14.8693,14.8703,14.8704,14.8699,14.8684,14.8677,14.8673,14.8677,14.8677,14.8661,14.8662,14.8662,14.8662,14.8665,14.8663,14.8663,14.8658,14.8645,14.8651,14.8657,14.8653,14.8649,14.8653,14.8649,14.8655,14.8658,14.8658,14.8659,14.8661,
Sun Apr 19 2020 05:20:00 GMT-0400 (Eastern Daylight Time)
14.8661,14.8661,14.8676,14.8676,14.8681,14.8672,14.8681,14.8686,14.8691,14.8702,14.8707,14.8707,14.8703,14.8703,14.8679,14.8679,14.8686,14.8686,14.8686,14.8686,14.8693,14.8691,14.8687,14.8695,14.8699,14.8697,14.8681,14.8678,14.8678,14.8678,14.868,14.8683,14.8683,14.8682,14.869,14.8678,14.8678,14.8686,14.8688,14.8684,14.8687,14.8684,14.8678,14.8674,14.8677,14.8681,14.8696,14.8698,14.8694,14.8694,14.8687,14.8687,14.8685,14.8694,14.8696,14.8696,14.87,14.8698,14.8693,14.8693,
Sun Apr 19 2020 05:20:59 GMT-0400 (Eastern Daylight Time)
14.8693,14.8691,14.8691,14.8691,14.8704,14.8708,14.8699,14.8693,14.8689,14.8692,14.8693,14.8683,14.868,14.8673,14.8678,14.8678,14.868,14.8668,14.8665,14.8672,14.8678,14.8678,14.8677,14.8669,14.8671,14.8671,14.8681,14.8689,14.8689,14.8693,14.8694,14.8694,14.8697,14.869,14.8699,14.8702,14.8702,14.8699,14.8687,14.8683,14.868,14.8675,14.8685,14.8649,14.8649,14.8652,14.8656,14.8658,14.866,14.8663,14.8663,14.8652,14.8652,14.8656,14.8638,14.8638,14.8645,14.8645,14.8639,14.8637,
Sun Apr 19 2020 05:22:00 GMT-0400 (Eastern Daylight Time)
14.8637,14.8633,14.8633,14.8633,14.863,14.8628,14.8624,14.8631,14.8638,14.8634,14.8629,14.8625,14.8633,14.8633,14.8633,14.8624,14.8624,14.8628,14.8625,14.8625,14.8625,14.8623,14.8619,14.8622,14.8622,14.8619,14.8614,14.8614,14.861,14.8618,14.8621,14.863,14.8633,14.8642,14.8676,14.8669,14.8669,14.8664,14.8686,14.8682,14.8682,14.8682,14.8683,14.8683,14.868,14.8674,14.8679,14.8701,14.8699,14.8699,14.8711,14.8714,14.872,14.8716,14.8716,14.8713,14.8701,14.8701,14.87,14.8696,
Sun Apr 19 2020 05:22:59 GMT-0400 (Eastern Daylight Time)
14.8696,14.8696,14.8701,14.8709,14.8701,14.8704,14.8711,14.8713,14.8713,14.8713,14.8719,14.8723,14.872,14.8719,14.8724,14.872,14.8695,14.8694,14.8692,14.8692,14.869,14.8694,14.8699,14.8699,14.8699,14.8699,14.8698,14.8701,14.8701,14.8701,14.8698,14.8698,14.8698,14.8702,14.8693,14.869,14.8688,14.8693,14.8678,14.8681,14.8684,14.868,14.868,14.8675,14.8678,14.8678,14.8678,14.8678,14.8676,14.8676,14.8685,14.8679,14.8683,14.8683,14.8681,14.8678,14.8678,14.8678,14.8683,14.8699,
Sun Apr 19 2020 05:24:00 GMT-0400 (Eastern Daylight Time)
14.8696,14.8701,14.87,14.8717,14.872,14.8722,14.8729,14.8732,14.8738,14.8745,14.8742,14.8738,14.8751,14.8751,14.875,14.8746,14.8746,14.874,14.8746,14.8738,14.8732,14.8732,14.8732,14.8736,14.873,14.8726,14.8735,14.8727,14.8723,14.8723,14.8723,14.872,14.8719,14.8709,14.872,14.872,14.8718,14.8712,14.8707,14.8708,14.8682,14.8682,14.8694,14.8691,14.8693,14.8695,14.8699,14.8701,14.8708,14.8716,14.8713,14.8708,14.8708,14.8719,14.8715,14.8715,14.8729,14.8737,14.8737,14.8732,
Sun Apr 19 2020 05:25:00 GMT-0400 (Eastern Daylight Time)
14.8732,14.8732,14.8734,14.8734,14.8734,14.8735,14.8733,14.873,14.8745,14.8753,14.8761,14.8758,14.8767,14.8767,14.8769,14.8774,14.8774,14.8768,14.8761,14.8718,14.8718,14.8725,14.872,14.8714,14.8712,14.8717,14.8709,14.872,14.8724,14.8727,14.8727,14.8727,14.8726,14.8724,14.8727,14.8727,14.8727,14.8732,14.8739,14.8745,14.8748,14.8765,14.8766,14.8768,14.8771,14.8771,14.8771,14.8777,14.878,14.878,14.8789,14.8783,14.8812,14.8812,14.8815,14.8813,14.881,14.8814,14.8814,14.881,
Sun Apr 19 2020 05:26:00 GMT-0400 (Eastern Daylight Time)
14.8812,14.8809,14.8809,14.8809,14.8807,14.8804,14.8807,14.8806,14.881,14.881,14.881,14.8804,14.8801,14.8807,14.8798,14.8796,14.8794,14.8794,14.8794,14.8821,14.882,14.8822,14.8825,14.8834,14.8825,14.8825,14.8825,14.8825,14.8825,14.8828,14.8831,14.8829,14.8828,14.8824,14.8824,14.883,14.8833,14.8835,14.8835,14.8842,14.8842,14.8848,14.8852,14.8855,14.885,14.8853,14.8853,14.8847,14.8847,14.8851,14.8878,14.8902,14.8899,14.8908,14.8908,14.891,14.891,14.891,14.891,14.891,
Sun Apr 19 2020 05:27:00 GMT-0400 (Eastern Daylight Time)
14.891,14.8907,14.8907,14.8907,14.8904,14.8908,14.8904,14.89,14.8896,14.8891,14.8856,14.8856,14.883,14.8823,14.8823,14.8821,14.8821,14.8831,14.8824,14.8824,14.8828,14.8826,14.8822,14.8833,14.8836,14.8836,14.8833,14.8835,14.884,14.8836,14.8851,14.8845,14.8846,14.8846,14.8846,14.8843,14.8848,14.8844,14.8851,14.8845,14.8845,14.8834,14.8834,14.884,14.8857,14.8849,14.8849,14.885,14.8851,14.8848,14.8848,14.8851,14.8855,14.8855,14.8857,14.8845,14.884,14.8841,14.883,14.883,
Sun Apr 19 2020 05:28:00 GMT-0400 (Eastern Daylight Time)
14.883,14.8835,14.8835,14.8835,14.8829,14.8833,14.8839,14.8827,14.883,14.883,14.8832,14.8832,14.8817,14.8813,14.8816,14.8812,14.881,14.8813,14.8815,14.8823,14.8831,14.8841,14.8837,14.8837,14.8846,14.8848,14.8852,14.8845,14.8845,14.8842,14.8829,14.8832,14.8838,14.8838,14.8838,14.8831,14.883,14.8836,14.8824,14.8827,14.883,14.883,14.8843,14.8843,14.8843,14.8843,14.8843,14.8845,14.8845,14.884,14.8843,14.8841,14.8833,14.8835,14.8842,14.8846,14.8846,14.8846,14.8843,14.8844,
Sun Apr 19 2020 05:28:59 GMT-0400 (Eastern Daylight Time)
14.8844,14.8848,14.8846,14.8848,14.8848,14.8859,14.8854,14.8857,14.8861,14.8852,14.8855,14.8852,14.8849,14.8852,14.8862,14.8873,14.8875,14.8875,14.8891,14.8888,14.8891,14.8905,14.8907,14.8902,14.8895,14.8895,14.8895,14.8907,14.8908,14.8904,14.89,14.8906,14.8909,14.8907,14.8907,14.8885,14.8886,14.8883,14.8879,14.8879,14.8879,14.8879,14.889,14.8888,14.8872,14.8869,14.8873,14.8859,14.8864,14.8864,14.886,14.8854,14.8863,14.8863,14.8865,14.8865,14.8856,14.8851,14.8862,14.8862,
