Thu Apr 23 2020 07:37:53 GMT-0400 (Eastern Daylight Time)
14.6945,14.6945,14.6942,14.6942,14.695,14.695,14.6963,14.6964,14.6967,14.6964,14.6958,14.6959,14.6959,14.6959,14.6954,14.6953,14.6951,14.6951,14.6922,14.6925,14.6918,14.6939,14.6947,14.6958,14.6963,14.6963,14.696,14.6945,14.6952,14.6946,14.6946,14.6946,14.6946,14.6946,14.6943,14.6941,14.6941,14.6947,14.6945,14.6951,14.6954,14.6945,14.6945,14.6921,14.6917,14.6917,14.6917,14.6914,14.6914,14.6918,14.6915,14.6919,14.6917,14.6914,14.6912,14.6912,14.6912,14.6906,14.6906,14.6898,
Thu Apr 23 2020 07:38:54 GMT-0400 (Eastern Daylight Time)
14.6901,14.6928,14.6928,14.6928,14.6926,14.693,14.6919,14.6926,14.6923,14.6923,14.6921,14.6926,14.6923,14.6921,14.6921,14.6927,14.6932,14.6932,14.6932,14.6916,14.6929,14.6927,14.6942,14.6945,14.6948,14.6948,14.6942,14.6935,14.6935,14.6935,14.6932,14.6932,14.6915,14.6915,14.6919,14.6916,14.6908,14.6906,14.6905,14.6908,14.6908,14.6914,14.6915,14.6915,14.6923,14.6926,14.6923,14.6933,14.6928,14.6928,14.6935,14.6942,14.6939,14.6954,14.6951,14.6948,14.6948,14.6946,14.6949,14.6955,
Thu Apr 23 2020 07:39:54 GMT-0400 (Eastern Daylight Time)
14.6959,14.6959,14.6959,14.6959,14.6959,14.6959,14.6975,14.6975,14.6975,14.6975,14.6996,14.6996,14.7006,14.7009,14.7009,14.7012,14.7021,14.7024,14.7019,14.7013,14.702,14.7005,14.7022,14.7022,14.7025,14.7025,14.7022,14.7008,14.7011,14.7018,14.7018,14.7018,14.7047,14.7047,14.7044,14.7046,14.7042,14.7041,14.7041,14.7041,14.7035,14.7035,14.7037,14.7037,14.7035,14.7021,14.7021,14.7024,14.7016,14.7005,14.7005,14.7001,14.7004,14.7004,14.7015,14.7022,14.7031,14.7025,14.7022,14.7019,
Thu Apr 23 2020 07:41:54 GMT-0400 (Eastern Daylight Time)
14.6939,14.6929,14.6926,14.6921,14.6921,14.6924,14.6924,14.6929,14.6919,14.6905,14.6909,14.6914,14.691,14.6915,14.6915,14.691,14.6911,14.6911,14.6911,14.6909,14.6909,14.6906,14.6899,14.6892,14.6912,14.6914,14.6914,14.6923,14.6923,14.6927,14.6927,14.6931,14.6934,14.6937,14.6944,14.6929,14.6934,14.6931,14.6931,14.6939,14.6936,14.6933,14.6935,14.6938,14.6939,14.6946,14.6946,14.6942,14.6936,14.6936,14.6936,14.6944,14.6953,14.6958,14.6964,14.6964,14.6956,14.6937,14.6953,14.6965,
Thu Apr 23 2020 07:42:54 GMT-0400 (Eastern Daylight Time)
14.6968,14.6968,14.6968,14.6968,14.6968,14.6968,14.6968,14.6968,14.6947,14.6952,14.6957,14.6957,14.6957,14.6957,14.6973,14.6973,14.6976,14.6972,14.6983,14.6981,14.6994,14.7002,14.6995,14.6999,14.699,14.6994,14.6991,14.6988,14.698,14.6983,14.6983,14.6981,14.6978,14.6966,14.6966,14.6956,14.696,14.696,14.6962,14.6957,14.696,14.696,14.6963,14.6963,14.6959,14.6959,14.6945,14.6945,14.6945,14.6942,14.696,14.696,14.695,14.6953,14.6967,14.6967,14.6965,14.6962,14.6962,14.697,
Thu Apr 23 2020 07:43:54 GMT-0400 (Eastern Daylight Time)
14.6977,14.6969,14.6969,14.697,14.6973,14.6983,14.6978,14.6974,14.6967,14.6961,14.6961,14.6962,14.6967,14.6966,14.6966,14.6966,14.6957,14.696,14.6973,14.697,14.697,14.6974,14.6974,14.6969,14.6958,14.6962,14.6962,14.6974,14.6971,14.6967,14.6967,14.6975,14.6978,14.698,14.6978,14.6958,14.6958,14.6961,14.6958,14.6968,14.6971,14.6972,14.6975,14.6978,14.6981,14.6984,14.6984,14.698,14.698,14.6972,14.6972,14.6978,14.6978,14.6982,14.6978,14.6978,14.6982,14.6981,14.6977,14.6976,
Thu Apr 23 2020 07:44:53 GMT-0400 (Eastern Daylight Time)
14.6976,14.7001,14.7001,14.6994,14.6966,14.6966,14.6966,14.6976,14.6977,14.6981,14.6985,14.6991,14.7003,14.7003,14.7003,14.7003,14.7012,14.7012,14.7004,14.7011,14.7011,14.7013,14.7013,14.7015,14.7015,14.7022,14.7034,14.7036,14.704,14.7046,14.7042,14.7042,14.7042,14.7043,14.7043,14.7015,14.703,14.703,14.7036,14.7031,14.7035,14.7036,14.7039,14.7021,14.7027,14.7033,14.7043,14.704,14.7035,14.7032,14.703,14.7038,14.7042,14.7037,14.7034,14.7034,14.7049,14.7045,14.7053,14.7047,
Thu Apr 23 2020 07:45:54 GMT-0400 (Eastern Daylight Time)
14.7047,14.7054,14.705,14.705,14.705,14.705,14.705,14.705,14.705,14.7056,14.7059,14.7059,14.7058,14.7061,14.7061,14.7061,14.7074,14.707,14.7067,14.7078,14.7078,14.7078,14.7078,14.7082,14.7059,14.7054,14.7049,14.7044,14.7063,14.7063,14.7063,14.7056,14.7052,14.7046,14.7049,14.7055,14.7051,14.7071,14.7071,14.7071,14.7068,14.7067,14.7067,14.7064,14.7064,14.7059,14.7059,14.7059,14.706,14.7055,14.7047,14.7045,14.7048,14.7048,14.7051,14.7054,14.7047,14.7047,14.7056,14.7053,
Thu Apr 23 2020 07:46:54 GMT-0400 (Eastern Daylight Time)
14.7047,14.7043,14.7063,14.7063,14.7055,14.7055,14.7055,14.7057,14.7055,14.7052,14.7049,14.704,14.704,14.7036,14.7032,14.7032,14.7037,14.704,14.704,14.7047,14.7064,14.7068,14.7065,14.7065,14.7071,14.7054,14.7042,14.7039,14.7033,14.7038,14.7025,14.7025,14.7025,14.7022,14.7018,14.702,14.7028,14.7032,14.704,14.7035,14.705,14.705,14.7057,14.7062,14.7055,14.705,14.705,14.7042,14.7048,14.7031,14.7034,14.7028,14.7022,14.7031,14.7034,14.7031,14.7031,14.7031,14.7031,14.7033,
Thu Apr 23 2020 07:47:53 GMT-0400 (Eastern Daylight Time)
14.7025,14.7003,14.7,14.7,14.7,14.7005,14.7002,14.6996,14.6991,14.6996,14.6993,14.699,14.699,14.7,14.6997,14.6996,14.6997,14.6994,14.6992,14.6992,14.6995,14.6989,14.6992,14.6995,14.6991,14.6992,14.6994,14.7003,14.6998,14.6998,14.6995,14.6995,14.6984,14.6988,14.6992,14.7001,14.7001,14.7001,14.7006,14.7006,14.7006,14.7014,14.7014,14.7014,14.7009,14.7012,14.7012,14.7012,14.7012,14.7015,14.7018,14.7018,14.7021,14.7027,14.7027,14.7037,14.7035,14.7042,14.7042,14.704,
Thu Apr 23 2020 07:48:53 GMT-0400 (Eastern Daylight Time)
14.704,14.705,14.705,14.705,14.705,14.705,14.705,14.705,14.705,14.705,14.7036,14.7036,14.7036,14.7036,14.7036,14.7036,14.7061,14.7066,14.7066,14.7064,14.7064,14.7058,14.7054,14.7057,14.7048,14.7048,14.7048,14.7045,14.7034,14.704,14.7045,14.7045,14.7049,14.7041,14.7041,14.7035,14.7038,14.7047,14.7043,14.7043,14.704,14.7047,14.7043,14.7043,14.7045,14.7048,14.7045,14.7051,14.7056,14.7062,14.7067,14.7067,14.7067,14.7065,14.7065,14.7061,14.7072,14.7068,14.7071,14.7068,
Thu Apr 23 2020 07:49:53 GMT-0400 (Eastern Daylight Time)
14.7068,14.7068,14.7068,14.7068,14.7082,14.7079,14.7075,14.7075,14.7075,14.7088,14.7088,14.709,14.7093,14.7087,14.7087,14.7091,14.7095,14.7095,14.7095,14.7095,14.7095,14.7095,14.7101,14.7101,14.7091,14.7078,14.7077,14.708,14.7088,14.7088,14.7088,14.7096,14.7089,14.7075,14.7077,14.7077,14.7077,14.708,14.7077,14.7073,14.7069,14.7067,14.7076,14.7076,14.7084,14.7084,14.7082,14.708,14.7071,14.706,14.7064,14.7065,14.7064,14.7064,14.7074,14.7074,14.7078,14.7076,14.7076,14.7079,
Thu Apr 23 2020 07:50:53 GMT-0400 (Eastern Daylight Time)
14.7079,14.707,14.7075,14.7075,14.7075,14.7075,14.7075,14.7075,14.7075,14.7075,14.7074,14.7074,14.7074,14.7074,14.7062,14.7062,14.7062,14.7059,14.7056,14.7056,14.7056,14.706,14.706,14.7064,14.7064,14.7062,14.7065,14.7076,14.7076,14.7088,14.7084,14.7087,14.7083,14.7083,14.7092,14.7093,14.7093,14.7097,14.71,14.71,14.71,14.7102,14.7102,14.7097,14.7092,14.7082,14.7079,14.7076,14.7076,14.7066,14.7066,14.7069,14.7066,14.7046,14.7055,14.7052,14.7052,14.7046,14.7046,14.7043,
Thu Apr 23 2020 07:52:53 GMT-0400 (Eastern Daylight Time)
14.6984,14.6981,14.6981,14.6981,14.6973,14.6967,14.6969,14.6966,14.6962,14.6968,14.6971,14.6967,14.6967,14.6978,14.6978,14.6975,14.698,14.6977,14.6992,14.6992,14.6987,14.699,14.6987,14.6987,14.6987,14.699,14.6993,14.6997,14.6998,14.6994,14.7,14.7003,14.6999,14.6997,14.6997,14.6997,14.6997,14.6997,14.6996,14.6972,14.6975,14.6978,14.6981,14.6986,14.6983,14.6986,14.6986,14.6989,14.6991,14.6987,14.6987,14.6991,14.6995,14.699,14.6994,14.6991,14.6988,14.699,14.699,14.6974,
Thu Apr 23 2020 07:53:53 GMT-0400 (Eastern Daylight Time)
14.6969,14.6971,14.6971,14.6971,14.6971,14.6972,14.6972,14.6975,14.697,14.6972,14.6975,14.6961,14.6961,14.6975,14.6973,14.6978,14.6978,14.6984,14.7,14.6998,14.6998,14.6998,14.6993,14.6993,14.6999,14.6999,14.699,14.699,14.699,14.6989,14.6989,14.6992,14.6987,14.6995,14.6998,14.6998,14.7002,14.7007,14.7007,14.701,14.7008,14.7005,14.7005,14.7002,14.7002,14.7015,14.7015,14.7015,14.7015,14.7018,14.701,14.701,14.7008,14.7011,14.7011,14.7009,14.7009,14.7008,14.7008,14.7008,
Thu Apr 23 2020 07:54:53 GMT-0400 (Eastern Daylight Time)
14.7008,14.7004,14.7004,14.7004,14.7004,14.7004,14.7004,14.7004,14.7004,14.7004,14.6965,14.6965,14.6952,14.6952,14.6955,14.6955,14.6955,14.6952,14.6952,14.6952,14.6971,14.698,14.6992,14.6987,14.6987,14.6995,14.6995,14.6972,14.6958,14.6958,14.6958,14.6962,14.6963,14.696,14.6953,14.6935,14.6935,14.695,14.6942,14.6946,14.6949,14.6958,14.6942,14.6944,14.695,14.6957,14.6946,14.6946,14.6949,14.694,14.6948,14.6948,14.6948,14.6949,14.6949,14.6943,14.694,14.6942,14.694,14.6943,
Thu Apr 23 2020 07:56:53 GMT-0400 (Eastern Daylight Time)
14.6872,14.6867,14.6877,14.6877,14.6872,14.6875,14.6882,14.6871,14.6871,14.6871,14.6869,14.686,14.6863,14.6861,14.6864,14.6841,14.6836,14.6849,14.684,14.6838,14.6838,14.6833,14.6833,14.6835,14.6837,14.6829,14.6826,14.6824,14.6828,14.6828,14.6823,14.6829,14.6829,14.6835,14.683,14.683,14.6832,14.6832,14.6835,14.683,14.683,14.683,14.6827,14.6818,14.6818,14.682,14.6818,14.6821,14.6817,14.6819,14.6817,14.6819,14.6822,14.6842,14.6839,14.6839,14.6843,14.6832,14.683,14.6833,
Thu Apr 23 2020 07:57:53 GMT-0400 (Eastern Daylight Time)
14.6833,14.684,14.6823,14.6823,14.6823,14.6823,14.6823,14.6823,14.682,14.6827,14.6821,14.6821,14.6826,14.6821,14.6821,14.6826,14.6834,14.6839,14.6847,14.6855,14.6855,14.6851,14.6849,14.6845,14.6845,14.6845,14.6847,14.685,14.6844,14.6862,14.6856,14.6843,14.6813,14.6816,14.6811,14.6832,14.6832,14.6832,14.6829,14.6831,14.6831,14.6836,14.6832,14.6834,14.6848,14.6836,14.6839,14.6839,14.6839,14.6835,14.6835,14.6831,14.6825,14.6831,14.6834,14.683,14.6832,14.6835,14.6849,14.6847,
Thu Apr 23 2020 07:58:53 GMT-0400 (Eastern Daylight Time)
14.684,14.6844,14.6844,14.6844,14.6818,14.6814,14.6814,14.6818,14.6818,14.6823,14.6828,14.6825,14.682,14.6831,14.6831,14.6818,14.6818,14.6813,14.6816,14.6812,14.6815,14.684,14.6843,14.6847,14.6847,14.6847,14.6853,14.685,14.6854,14.6847,14.6859,14.6859,14.6857,14.6855,14.6855,14.6855,14.6851,14.6852,14.6854,14.6854,14.6866,14.6864,14.686,14.686,14.6848,14.6845,14.684,14.684,14.6829,14.6833,14.6833,14.6844,14.6847,14.6845,14.685,14.6855,14.685,14.6847,14.685,14.685,
Thu Apr 23 2020 07:59:53 GMT-0400 (Eastern Daylight Time)
14.6843,14.6855,14.6855,14.6855,14.6852,14.686,14.6868,14.6871,14.6877,14.6877,14.6874,14.6874,14.6881,14.6877,14.6877,14.6877,14.6886,14.6894,14.6898,14.6898,14.6895,14.6895,14.6896,14.6896,14.6896,14.6893,14.6893,14.6907,14.6917,14.6917,14.6914,14.6914,14.6911,14.6916,14.6919,14.6919,14.6922,14.6919,14.6918,14.6924,14.6927,14.6931,14.6934,14.6931,14.6931,14.6935,14.6924,14.6913,14.6915,14.6927,14.6923,14.6919,14.6924,14.6926,14.6925,14.69,14.69,14.6888,14.6888,14.6884,
Thu Apr 23 2020 08:00:53 GMT-0400 (Eastern Daylight Time)
14.6884,14.6884,14.6888,14.6888,14.6888,14.6888,14.6888,14.6888,14.6888,14.6888,14.6894,14.6894,14.6894,14.6895,14.6895,14.6892,14.6892,14.6892,14.6892,14.6892,14.6882,14.6882,14.6884,14.6881,14.6881,14.6881,14.6873,14.6873,14.6885,14.6892,14.6893,14.687,14.6863,14.6859,14.6859,14.6861,14.6861,14.6861,14.6853,14.6841,14.6841,14.6841,14.6838,14.6836,14.6832,14.6818,14.6807,14.6802,14.6802,14.6804,14.6797,14.6801,14.6804,14.68,14.68,14.6782,14.6782,14.6785,14.6787,14.6783,
Thu Apr 23 2020 08:01:54 GMT-0400 (Eastern Daylight Time)
14.6786,14.6783,14.6783,14.6787,14.6785,14.6788,14.6784,14.679,14.6785,14.6788,14.6778,14.6778,14.6778,14.6774,14.6779,14.6773,14.6773,14.6775,14.678,14.6783,14.6778,14.6775,14.6768,14.6768,14.6765,14.6765,14.6771,14.6774,14.6774,14.6774,14.6769,14.6769,14.6769,14.6743,14.675,14.675,14.6747,14.6744,14.6718,14.6716,14.6719,14.6722,14.6722,14.6701,14.6706,14.6709,14.6701,14.6701,14.6704,14.6704,14.6698,14.6697,14.6697,14.6715,14.6718,14.6709,14.6701,14.6695,14.6698,14.6694,
Thu Apr 23 2020 08:02:53 GMT-0400 (Eastern Daylight Time)
14.6697,14.6697,14.6701,14.6701,14.6708,14.6708,14.6711,14.6714,14.6722,14.6722,14.6736,14.6736,14.6732,14.672,14.672,14.6726,14.6713,14.6716,14.6712,14.6709,14.6712,14.6715,14.6713,14.6709,14.6712,14.6696,14.6703,14.6701,14.6701,14.6698,14.6711,14.6697,14.6694,14.6691,14.6689,14.6692,14.6682,14.6678,14.6683,14.6692,14.6689,14.6689,14.67,14.6704,14.6702,14.6698,14.6701,14.6704,14.6704,14.6704,14.6708,14.6703,14.6692,14.6692,14.6699,14.6695,14.6692,14.6692,14.669,14.6725,
Thu Apr 23 2020 08:03:53 GMT-0400 (Eastern Daylight Time)
14.6725,14.6727,14.6727,14.6727,14.6727,14.6727,14.6727,14.6727,14.6727,14.6758,14.6758,14.6758,14.6758,14.6758,14.6756,14.6758,14.6767,14.6769,14.6769,14.6772,14.6762,14.6759,14.6764,14.6764,14.6764,14.6764,14.6764,14.6758,14.6758,14.6758,14.6754,14.6758,14.6758,14.6731,14.673,14.6727,14.6727,14.6727,14.6717,14.6714,14.6741,14.6741,14.6752,14.6752,14.6752,14.6755,14.6762,14.6765,14.6769,14.6763,14.6772,14.6778,14.6774,14.6779,14.678,14.6781,14.6777,14.6779,14.6782,14.6779,
Thu Apr 23 2020 08:04:54 GMT-0400 (Eastern Daylight Time)
14.6782,14.6779,14.6791,14.6791,14.6791,14.679,14.6782,14.6778,14.6781,14.6781,14.678,14.6786,14.6779,14.6782,14.6782,14.6775,14.6777,14.6776,14.6782,14.6786,14.6779,14.6775,14.6778,14.6778,14.6778,14.6785,14.6769,14.6767,14.6762,14.6765,14.6761,14.6761,14.6765,14.6762,14.677,14.6773,14.678,14.678,14.6783,14.6789,14.6787,14.6783,14.6786,14.6789,14.6795,14.6788,14.6786,14.6792,14.6792,14.6778,14.6778,14.6766,14.6766,14.6764,14.6757,14.6759,14.6756,14.6754,14.6758,14.6762,
Thu Apr 23 2020 08:06:53 GMT-0400 (Eastern Daylight Time)
14.6725,14.6728,14.6728,14.6728,14.6728,14.6728,14.6728,14.6728,14.6728,14.6728,14.6721,14.6721,14.6721,14.6715,14.6713,14.6707,14.6706,14.6701,14.6701,14.6699,14.6682,14.6682,14.6682,14.6672,14.6672,14.6672,14.6675,14.6671,14.6666,14.6668,14.6683,14.6679,14.6687,14.6683,14.6676,14.6666,14.6666,14.6673,14.6673,14.6682,14.6682,14.6663,14.6659,14.667,14.6662,14.6668,14.668,14.6672,14.6677,14.6677,14.6681,14.6687,14.6685,14.669,14.6697,14.6689,14.6676,14.6695,14.6692,14.6697,
Thu Apr 23 2020 08:07:53 GMT-0400 (Eastern Daylight Time)
14.6687,14.669,14.669,14.6719,14.6719,14.6743,14.6748,14.6751,14.6751,14.674,14.6744,14.6744,14.6744,14.6741,14.6737,14.6741,14.6741,14.6745,14.6747,14.6756,14.6758,14.6746,14.6746,14.673,14.673,14.673,14.672,14.6724,14.6724,14.6745,14.6749,14.6746,14.6743,14.6755,14.6757,14.6753,14.6753,14.6751,14.6748,14.6745,14.6741,14.6757,14.675,14.675,14.6741,14.6734,14.6734,14.6735,14.6735,14.6737,14.6737,14.6734,14.673,14.672,14.672,14.6726,14.6712,14.6712,14.6712,14.6718,
Thu Apr 23 2020 08:08:53 GMT-0400 (Eastern Daylight Time)
14.6718,14.6718,14.6718,14.6718,14.6702,14.6699,14.6696,14.6698,14.6695,14.6695,14.6697,14.6705,14.6703,14.6703,14.6703,14.6703,14.6708,14.6711,14.6708,14.6705,14.6705,14.6705,14.6713,14.6712,14.6709,14.6709,14.6709,14.6709,14.6707,14.671,14.6708,14.6708,14.6706,14.6704,14.6704,14.6716,14.6716,14.6709,14.6709,14.6714,14.671,14.6713,14.6713,14.6711,14.6713,14.6713,14.6713,14.6737,14.674,14.674,14.6737,14.6737,14.6737,14.6739,14.6732,14.6728,14.6741,14.6744,14.6744,14.6747,
Thu Apr 23 2020 08:09:53 GMT-0400 (Eastern Daylight Time)
14.6758,14.6758,14.6767,14.6767,14.6767,14.6767,14.6779,14.6779,14.6764,14.6774,14.6773,14.6773,14.6773,14.6774,14.6774,14.6768,14.6798,14.6802,14.6808,14.6805,14.6805,14.6803,14.6803,14.6803,14.6799,14.6805,14.6809,14.6813,14.6818,14.6821,14.6815,14.6813,14.681,14.681,14.681,14.6806,14.6806,14.6803,14.6805,14.6837,14.6837,14.6837,14.6833,14.6833,14.6836,14.6832,14.6828,14.6831,14.6831,14.6833,14.6836,14.6838,14.6835,14.6842,14.684,14.6836,14.6835,14.6835,14.6841,14.6848,
Thu Apr 23 2020 08:10:53 GMT-0400 (Eastern Daylight Time)
14.6849,14.6844,14.6844,14.6844,14.6844,14.6844,14.6844,14.6844,14.6844,14.6844,14.6834,14.6834,14.6834,14.6834,14.6834,14.6832,14.6832,14.6832,14.6828,14.6834,14.6834,14.6836,14.6836,14.6833,14.6831,14.6827,14.6827,14.6811,14.6814,14.6807,14.6797,14.6805,14.68,14.6797,14.68,14.6811,14.6814,14.6809,14.6781,14.6766,14.6751,14.675,14.675,14.6753,14.6748,14.6748,14.6744,14.6746,14.6755,14.6745,14.6739,14.6739,14.6746,14.6746,14.6752,14.6746,14.6746,14.6749,14.6745,14.6748,
Thu Apr 23 2020 08:11:53 GMT-0400 (Eastern Daylight Time)
14.6744,14.6746,14.6741,14.6736,14.6736,14.6736,14.6732,14.674,14.674,14.6742,14.6739,14.6732,14.6722,14.6722,14.6726,14.6726,14.6723,14.6726,14.6726,14.6722,14.6725,14.6725,14.6731,14.6729,14.6731,14.6731,14.6731,14.6738,14.6743,14.6758,14.6765,14.6761,14.6757,14.6753,14.6753,14.6757,14.675,14.675,14.6761,14.6761,14.6748,14.6766,14.676,14.6763,14.6758,14.6758,14.6762,14.6752,14.6746,14.6742,14.6736,14.6742,14.6745,14.6742,14.6742,14.6735,14.6738,14.6735,14.6735,14.6732,
Thu Apr 23 2020 08:12:53 GMT-0400 (Eastern Daylight Time)
14.6727,14.6728,14.6726,14.6726,14.6726,14.6726,14.6726,14.6726,14.6726,14.6726,14.672,14.672,14.6722,14.6719,14.6713,14.6715,14.672,14.6716,14.6726,14.6728,14.6728,14.6724,14.6724,14.6728,14.6729,14.6735,14.6735,14.6736,14.6739,14.6751,14.6751,14.6739,14.6744,14.6744,14.6747,14.6728,14.6725,14.6712,14.6706,14.6709,14.6709,14.6709,14.6719,14.6719,14.6722,14.6713,14.6709,14.6698,14.6703,14.67,14.6697,14.67,14.6699,14.6696,14.6696,14.6704,14.6704,14.6702,14.6707,14.6704,
Thu Apr 23 2020 08:13:53 GMT-0400 (Eastern Daylight Time)
14.6702,14.6702,14.6702,14.6702,14.6705,14.6705,14.6699,14.6694,14.6686,14.6683,14.6683,14.6686,14.6686,14.6679,14.6677,14.6669,14.6669,14.6657,14.6657,14.663,14.6627,14.6622,14.6625,14.6625,14.6613,14.662,14.662,14.6624,14.6624,14.6619,14.6611,14.6611,14.661,14.6613,14.6616,14.661,14.6607,14.6607,14.6604,14.6602,14.661,14.6607,14.6597,14.6597,14.6609,14.66,14.6598,14.6601,14.6609,14.6598,14.6594,14.6591,14.6594,14.6591,14.6589,14.6594,14.6601,14.6605,14.6608,14.6605,
Thu Apr 23 2020 08:14:53 GMT-0400 (Eastern Daylight Time)
14.66,14.659,14.6614,14.6618,14.6616,14.6612,14.6605,14.6608,14.6608,14.6608,14.6602,14.6604,14.6607,14.6607,14.6616,14.6619,14.6619,14.6619,14.6617,14.6611,14.6607,14.6598,14.6595,14.6598,14.6606,14.6602,14.6595,14.6588,14.658,14.6583,14.6581,14.6589,14.6594,14.6598,14.6592,14.6595,14.6598,14.659,14.659,14.6602,14.6607,14.6607,14.6607,14.6611,14.6608,14.6608,14.6601,14.6586,14.6586,14.6586,14.6585,14.658,14.6582,14.6585,14.6585,14.6569,14.6569,14.6569,14.6569,14.6588,
Thu Apr 23 2020 08:16:53 GMT-0400 (Eastern Daylight Time)
14.659,14.6587,14.6583,14.6583,14.6583,14.6588,14.6588,14.6588,14.6586,14.6592,14.6592,14.6591,14.6591,14.6591,14.6591,14.6592,14.6592,14.6592,14.6592,14.6592,14.6591,14.6592,14.6592,14.6592,14.6591,14.6583,14.6583,14.6588,14.6588,14.6591,14.6595,14.6595,14.6598,14.6603,14.6603,14.6603,14.6606,14.6602,14.66,14.6593,14.6597,14.6591,14.6576,14.6575,14.6571,14.6571,14.6571,14.6571,14.6574,14.6571,14.6566,14.6557,14.6545,14.6545,14.6542,14.6542,14.6535,14.6535,14.6535,14.6535,
Thu Apr 23 2020 08:17:54 GMT-0400 (Eastern Daylight Time)
14.6514,14.6506,14.6506,14.6506,14.6519,14.6516,14.6516,14.6516,14.6516,14.6505,14.6505,14.6516,14.6509,14.65,14.6498,14.6491,14.6496,14.6498,14.6498,14.6492,14.6484,14.6484,14.6487,14.649,14.6495,14.651,14.6492,14.6492,14.6492,14.6492,14.6495,14.6495,14.651,14.6514,14.6517,14.6515,14.6505,14.6505,14.6508,14.6521,14.6521,14.6528,14.6526,14.6529,14.6539,14.6539,14.655,14.6552,14.6545,14.6545,14.6545,14.6545,14.6551,14.6554,14.6523,14.6528,14.6517,14.6504,14.6508,14.6511,
Thu Apr 23 2020 08:18:53 GMT-0400 (Eastern Daylight Time)
14.6511,14.6511,14.6511,14.6511,14.6511,14.6511,14.6511,14.6511,14.6517,14.6517,14.654,14.654,14.654,14.6511,14.652,14.652,14.6529,14.6524,14.6529,14.6526,14.6532,14.6536,14.6536,14.6532,14.6554,14.655,14.655,14.6548,14.6547,14.6544,14.6544,14.6548,14.6548,14.6556,14.6566,14.6562,14.656,14.656,14.6555,14.6555,14.6551,14.6551,14.6567,14.6569,14.6573,14.6573,14.6566,14.6576,14.6577,14.6582,14.6582,14.6579,14.6582,14.6586,14.6592,14.6602,14.6608,14.6611,14.6615,14.6621,
Thu Apr 23 2020 08:19:54 GMT-0400 (Eastern Daylight Time)
14.6618,14.6622,14.6625,14.6625,14.6627,14.6623,14.6623,14.6623,14.6608,14.6608,14.6611,14.6611,14.6617,14.6613,14.6609,14.6609,14.6609,14.6609,14.6605,14.6607,14.6592,14.6584,14.659,14.659,14.659,14.6593,14.6593,14.6589,14.6589,14.6592,14.6593,14.6591,14.6583,14.6583,14.6588,14.659,14.6589,14.6592,14.659,14.6596,14.6608,14.6603,14.6619,14.6628,14.6634,14.6634,14.6634,14.6637,14.6626,14.6626,14.6623,14.6623,14.6619,14.6615,14.6608,14.661,14.6601,14.6601,14.6603,14.66,
Thu Apr 23 2020 08:20:53 GMT-0400 (Eastern Daylight Time)
14.6604,14.6601,14.6601,14.6601,14.6601,14.6601,14.6601,14.6601,14.6601,14.6601,14.6621,14.6621,14.6621,14.6621,14.6621,14.6621,14.6617,14.662,14.6623,14.6623,14.6627,14.6631,14.6631,14.6627,14.6627,14.6612,14.6615,14.6622,14.6619,14.6612,14.6612,14.6606,14.6602,14.6594,14.659,14.6596,14.6592,14.6592,14.6594,14.6594,14.6585,14.6584,14.6601,14.6601,14.6589,14.6585,14.6594,14.6594,14.6591,14.6591,14.6593,14.6593,14.6587,14.6587,14.6564,14.6564,14.6576,14.6579,14.6583,14.6577,
Thu Apr 23 2020 08:22:54 GMT-0400 (Eastern Daylight Time)
14.6559,14.6559,14.6555,14.6545,14.6539,14.6547,14.6547,14.6543,14.6545,14.6549,14.6549,14.6549,14.6535,14.6535,14.652,14.6512,14.6508,14.6508,14.6511,14.6508,14.6508,14.6495,14.6495,14.6497,14.6493,14.649,14.649,14.6493,14.6493,14.648,14.648,14.648,14.648,14.6477,14.6477,14.649,14.6494,14.6489,14.6479,14.6479,14.6482,14.648,14.648,14.6477,14.6474,14.6474,14.6492,14.6492,14.6487,14.6487,14.6484,14.6515,14.6515,14.6515,14.651,14.651,14.6505,14.6505,14.6512,14.6496,
Thu Apr 23 2020 08:23:53 GMT-0400 (Eastern Daylight Time)
14.651,14.6512,14.6512,14.6512,14.652,14.6517,14.6514,14.6526,14.6526,14.6526,14.6523,14.652,14.6523,14.6525,14.6529,14.6527,14.6533,14.6533,14.6529,14.6525,14.6532,14.6536,14.654,14.6538,14.6534,14.6534,14.6531,14.6535,14.6543,14.6543,14.6549,14.6541,14.6541,14.6541,14.6544,14.6541,14.6541,14.6541,14.6535,14.654,14.6527,14.6531,14.6531,14.6534,14.6534,14.6547,14.6538,14.655,14.6555,14.6555,14.6552,14.6554,14.6554,14.6551,14.6553,14.6553,14.6553,14.655,14.655,14.655,
Thu Apr 23 2020 08:24:53 GMT-0400 (Eastern Daylight Time)
14.655,14.6543,14.6545,14.6545,14.6545,14.6545,14.6538,14.6538,14.6535,14.6535,14.6535,14.6539,14.6539,14.6545,14.6542,14.6544,14.6544,14.6542,14.6531,14.6533,14.6547,14.6547,14.6543,14.654,14.6527,14.6523,14.6523,14.6525,14.6517,14.652,14.6512,14.6526,14.6523,14.6523,14.6525,14.6525,14.6519,14.6526,14.6528,14.6534,14.6534,14.6517,14.6518,14.6528,14.6528,14.6528,14.6522,14.6518,14.6524,14.6523,14.6523,14.6519,14.6525,14.653,14.653,14.653,14.653,14.6531,14.6534,14.6531,
Thu Apr 23 2020 08:25:53 GMT-0400 (Eastern Daylight Time)
14.6528,14.6528,14.6528,14.6528,14.6527,14.6527,14.6527,14.6527,14.6527,14.6529,14.6529,14.6529,14.6529,14.6522,14.6522,14.6522,14.6526,14.6524,14.6518,14.6515,14.6515,14.6515,14.6519,14.6519,14.6519,14.6525,14.6525,14.6527,14.6527,14.6542,14.6544,14.6544,14.6544,14.655,14.655,14.6536,14.6536,14.6539,14.6542,14.6545,14.6555,14.6555,14.6562,14.6562,14.6564,14.6561,14.6571,14.6568,14.6568,14.6566,14.6577,14.6579,14.656,14.6561,14.6563,14.6559,14.6562,14.657,14.6574,14.6583,
Thu Apr 23 2020 08:26:53 GMT-0400 (Eastern Daylight Time)
14.6583,14.6592,14.6592,14.6596,14.6596,14.6594,14.6598,14.6602,14.6612,14.6604,14.6604,14.6609,14.6609,14.6606,14.6613,14.6616,14.662,14.6617,14.662,14.6626,14.6614,14.6617,14.6623,14.6623,14.663,14.6616,14.6618,14.6626,14.6623,14.6623,14.6638,14.6638,14.663,14.6632,14.6632,14.6624,14.6628,14.6632,14.6661,14.6661,14.6661,14.666,14.6679,14.6667,14.6662,14.6662,14.6666,14.6666,14.6659,14.666,14.6663,14.665,14.665,14.6661,14.6661,14.6661,14.6646,14.6659,14.6659,14.6665,
Thu Apr 23 2020 08:27:53 GMT-0400 (Eastern Daylight Time)
14.6668,14.667,14.667,14.667,14.667,14.667,14.6678,14.6678,14.6678,14.669,14.669,14.669,14.6687,14.6679,14.6668,14.6668,14.6668,14.6668,14.6668,14.6662,14.6662,14.6682,14.6683,14.6688,14.6686,14.6691,14.6688,14.6691,14.6687,14.6687,14.6687,14.6711,14.6711,14.6706,14.6704,14.6708,14.6722,14.6713,14.6718,14.672,14.672,14.6713,14.6716,14.6716,14.672,14.6713,14.6708,14.6697,14.6686,14.6709,14.6709,14.6712,14.6717,14.6709,14.6701,14.6701,14.6704,14.6695,14.6694,14.669,
Thu Apr 23 2020 08:28:53 GMT-0400 (Eastern Daylight Time)
14.6694,14.67,14.67,14.67,14.6688,14.6682,14.6682,14.6692,14.6682,14.6687,14.6687,14.6691,14.6691,14.668,14.6676,14.6671,14.6685,14.6682,14.6691,14.6694,14.6698,14.6685,14.6694,14.6694,14.6694,14.6702,14.6699,14.6702,14.6709,14.671,14.6712,14.6712,14.6712,14.6705,14.6705,14.6712,14.6703,14.67,14.6688,14.6688,14.6691,14.6693,14.6688,14.6691,14.6701,14.6702,14.6699,14.6696,14.67,14.6703,14.67,14.6703,14.6709,14.6702,14.6699,14.6699,14.6703,14.6707,14.6703,14.6699,
Thu Apr 23 2020 08:29:53 GMT-0400 (Eastern Daylight Time)
14.6699,14.6698,14.6698,14.6698,14.6707,14.6711,14.6716,14.672,14.672,14.6718,14.6721,14.672,14.672,14.6719,14.6722,14.6724,14.6724,14.6726,14.6729,14.6726,14.672,14.6729,14.6725,14.6719,14.6715,14.6713,14.6716,14.6719,14.6714,14.6719,14.6725,14.6725,14.6729,14.6732,14.6732,14.6737,14.6737,14.6743,14.6746,14.6743,14.6749,14.6749,14.6749,14.6749,14.6749,14.6735,14.6738,14.6738,14.6746,14.6749,14.6746,14.6741,14.6734,14.6745,14.6756,14.676,14.6763,14.676,14.6756,14.6758,
Thu Apr 23 2020 08:30:53 GMT-0400 (Eastern Daylight Time)
14.6753,14.6765,14.6768,14.6768,14.6768,14.6768,14.6768,14.6768,14.6772,14.6765,14.6768,14.6768,14.6768,14.6768,14.6755,14.6755,14.6753,14.6753,14.6753,14.676,14.6758,14.6763,14.6763,14.6763,14.676,14.6752,14.6752,14.6762,14.6759,14.6759,14.6759,14.6755,14.6753,14.676,14.6753,14.6753,14.6756,14.6751,14.6747,14.6747,14.6743,14.674,14.6733,14.6733,14.6737,14.6748,14.6751,14.6751,14.6748,14.6748,14.6754,14.6752,14.6755,14.6758,14.6756,14.6757,14.676,14.676,14.6767,14.6765,
Thu Apr 23 2020 08:31:53 GMT-0400 (Eastern Daylight Time)
14.6771,14.6743,14.6743,14.6743,14.6743,14.6743,14.6751,14.6754,14.6746,14.6726,14.6726,14.6726,14.673,14.6733,14.673,14.6706,14.6678,14.6672,14.6676,14.6676,14.6686,14.6686,14.6686,14.6683,14.6683,14.6685,14.6682,14.6662,14.6653,14.6651,14.6651,14.6651,14.6655,14.666,14.666,14.6648,14.6641,14.6649,14.6649,14.6656,14.6652,14.6652,14.6649,14.6651,14.6641,14.6644,14.6646,14.6644,14.6644,14.6648,14.6651,14.6654,14.6652,14.6651,14.6648,14.6653,14.6659,14.6661,14.6659,14.6655,
Thu Apr 23 2020 08:32:53 GMT-0400 (Eastern Daylight Time)
14.6661,14.6658,14.6658,14.6658,14.6657,14.6657,14.666,14.666,14.6664,14.6666,14.6666,14.6667,14.6667,14.667,14.6667,14.6671,14.6667,14.6665,14.6669,14.6669,14.6669,14.6673,14.6675,14.6675,14.6675,14.6678,14.6678,14.6682,14.6682,14.6671,14.6666,14.6666,14.6669,14.6689,14.6692,14.6696,14.6709,14.6714,14.6711,14.6714,14.6714,14.6719,14.6719,14.6715,14.6715,14.6721,14.6718,14.6712,14.6712,14.6714,14.6711,14.6709,14.6711,14.6712,14.6705,14.6713,14.671,14.6712,14.6709,14.6699,
Thu Apr 23 2020 08:34:54 GMT-0400 (Eastern Daylight Time)
14.669,14.6698,14.6693,14.6693,14.6693,14.6693,14.6697,14.6695,14.6695,14.6693,14.669,14.6688,14.6688,14.6688,14.6697,14.6703,14.6701,14.6701,14.6699,14.6702,14.6705,14.6698,14.6688,14.6688,14.6688,14.6699,14.6699,14.6699,14.6704,14.6701,14.6701,14.6717,14.6717,14.6717,14.6719,14.6716,14.6718,14.6718,14.6716,14.6706,14.6706,14.6696,14.6693,14.6696,14.6699,14.6699,14.6695,14.6698,14.6702,14.6712,14.6707,14.671,14.6706,14.6685,14.6688,14.669,14.6693,14.669,14.6691,14.6683,
Thu Apr 23 2020 08:36:53 GMT-0400 (Eastern Daylight Time)
14.6711,14.6709,14.6709,14.6709,14.6709,14.6698,14.6698,14.6701,14.6701,14.6703,14.6686,14.6686,14.6686,14.6692,14.6692,14.6692,14.6692,14.6694,14.6696,14.6693,14.6693,14.6688,14.6683,14.6678,14.6672,14.6668,14.667,14.667,14.6661,14.6654,14.665,14.665,14.6645,14.6645,14.6648,14.6648,14.6655,14.6658,14.6658,14.666,14.6663,14.666,14.664,14.6645,14.6645,14.6646,14.6644,14.6644,14.6637,14.6637,14.6636,14.663,14.663,14.663,14.6631,14.6629,14.6631,14.6634,14.6639,14.6647,
Thu Apr 23 2020 08:37:54 GMT-0400 (Eastern Daylight Time)
14.6654,14.6654,14.666,14.6662,14.6665,14.6665,14.6669,14.6669,14.6665,14.6655,14.666,14.6663,14.6663,14.6659,14.6659,14.6659,14.6661,14.6664,14.6644,14.6648,14.6648,14.6646,14.6646,14.6643,14.6643,14.6643,14.6648,14.6639,14.6631,14.6631,14.6633,14.6638,14.6632,14.6634,14.6641,14.6644,14.6644,14.6652,14.6661,14.6657,14.6649,14.6653,14.6658,14.6652,14.6652,14.6652,14.6636,14.6638,14.6641,14.6645,14.6655,14.665,14.665,14.6657,14.6653,14.6653,14.6653,14.665,14.6654,14.6654,
Thu Apr 23 2020 08:38:53 GMT-0400 (Eastern Daylight Time)
14.6654,14.6654,14.6663,14.6663,14.6666,14.6674,14.6673,14.6675,14.6675,14.6675,14.6677,14.6677,14.6677,14.6674,14.668,14.6684,14.6682,14.6677,14.6655,14.6655,14.6655,14.6661,14.6682,14.6687,14.6685,14.6683,14.6689,14.6691,14.6696,14.6696,14.6703,14.6706,14.6709,14.6707,14.6702,14.6708,14.6708,14.671,14.6717,14.6717,14.6713,14.6716,14.6711,14.6711,14.6706,14.6702,14.6707,14.671,14.6717,14.672,14.6725,14.6729,14.6734,14.6734,14.6732,14.6732,14.6732,14.6742,14.6734,14.6744,
Thu Apr 23 2020 08:39:53 GMT-0400 (Eastern Daylight Time)
14.6741,14.6741,14.6741,14.6741,14.6741,14.6744,14.6744,14.674,14.6744,14.6741,14.6724,14.6731,14.6731,14.6739,14.6741,14.6739,14.6735,14.6734,14.673,14.673,14.6727,14.6727,14.6739,14.6736,14.6736,14.6736,14.6725,14.6729,14.6731,14.6725,14.672,14.6725,14.6731,14.6706,14.6693,14.6698,14.6698,14.67,14.6705,14.6707,14.6707,14.6707,14.6705,14.6707,14.6707,14.6732,14.6742,14.6742,14.674,14.6736,14.6744,14.6741,14.6744,14.6734,14.6732,14.6729,14.6729,14.6732,14.6733,14.6733,
Thu Apr 23 2020 08:40:54 GMT-0400 (Eastern Daylight Time)
14.673,14.673,14.6734,14.6734,14.6734,14.6734,14.6734,14.6734,14.6734,14.6734,14.6744,14.6744,14.6744,14.6741,14.6741,14.6738,14.6741,14.6741,14.6741,14.6733,14.674,14.674,14.6732,14.6719,14.6721,14.6721,14.6716,14.6694,14.6702,14.6705,14.6705,14.67,14.6729,14.6731,14.6727,14.6732,14.6732,14.6732,14.6733,14.6726,14.6714,14.6706,14.6703,14.6691,14.6702,14.6702,14.6704,14.671,14.6716,14.6716,14.6719,14.6706,14.6713,14.6708,14.6713,14.67,14.67,14.6702,14.6679,14.6682,
Thu Apr 23 2020 08:41:54 GMT-0400 (Eastern Daylight Time)
14.6678,14.6678,14.6662,14.6662,14.6662,14.6662,14.6647,14.665,14.6647,14.6639,14.664,14.664,14.6634,14.663,14.6627,14.6627,14.6627,14.6627,14.6627,14.6638,14.6635,14.6632,14.6626,14.6629,14.6655,14.6655,14.665,14.6645,14.6643,14.6645,14.6656,14.6652,14.6653,14.6653,14.6655,14.6648,14.6651,14.6647,14.6655,14.6658,14.6658,14.6661,14.6664,14.666,14.6663,14.6659,14.6655,14.6655,14.6641,14.6645,14.6648,14.6652,14.6668,14.6672,14.6665,14.6665,14.6665,14.666,14.6656,14.6656,
Thu Apr 23 2020 08:42:53 GMT-0400 (Eastern Daylight Time)
14.666,14.6661,14.6661,14.6661,14.666,14.666,14.6661,14.6668,14.6665,14.666,14.6671,14.6671,14.6687,14.6687,14.6682,14.6674,14.6671,14.6666,14.6663,14.6657,14.6657,14.6654,14.6651,14.6655,14.6662,14.6658,14.6665,14.6672,14.6675,14.6672,14.6669,14.6672,14.6665,14.6665,14.6658,14.6658,14.6655,14.6652,14.6649,14.6648,14.6636,14.6637,14.6637,14.6636,14.6629,14.6631,14.6636,14.6639,14.6639,14.6639,14.6639,14.6636,14.6633,14.6637,14.6639,14.663,14.6627,14.6627,14.6632,14.6632,
Thu Apr 23 2020 08:43:54 GMT-0400 (Eastern Daylight Time)
14.6635,14.665,14.665,14.6643,14.6647,14.6643,14.6636,14.663,14.663,14.663,14.6635,14.6643,14.6643,14.6638,14.6662,14.6662,14.6659,14.6669,14.6671,14.6674,14.6674,14.6669,14.6664,14.6667,14.6664,14.6667,14.6673,14.6667,14.6665,14.6663,14.6666,14.6662,14.6662,14.6662,14.6627,14.6627,14.6624,14.6624,14.6624,14.6634,14.6634,14.6626,14.6633,14.6626,14.6624,14.66,14.6604,14.6605,14.6601,14.6601,14.6604,14.6599,14.6603,14.6603,14.6603,14.66,14.6597,14.6605,14.6608,14.6618,
Thu Apr 23 2020 08:44:53 GMT-0400 (Eastern Daylight Time)
14.6615,14.6616,14.6616,14.6613,14.6608,14.661,14.661,14.6602,14.6608,14.6608,14.6608,14.6611,14.6615,14.6612,14.6609,14.6594,14.6603,14.6596,14.6596,14.6596,14.6601,14.6601,14.6607,14.6617,14.6619,14.6615,14.6617,14.6623,14.6625,14.6625,14.6625,14.6624,14.6626,14.6624,14.6624,14.6631,14.6631,14.6631,14.6631,14.6631,14.6631,14.6635,14.6638,14.662,14.6622,14.6614,14.6614,14.6617,14.662,14.6623,14.6619,14.6626,14.6617,14.662,14.6617,14.6609,14.6609,14.6614,14.6608,14.6605,
Thu Apr 23 2020 08:46:54 GMT-0400 (Eastern Daylight Time)
14.6563,14.6563,14.657,14.657,14.6575,14.6575,14.658,14.6582,14.6582,14.6575,14.6586,14.6583,14.6581,14.6578,14.6581,14.6586,14.6586,14.6586,14.6586,14.6581,14.6598,14.6598,14.6597,14.6606,14.66,14.6613,14.6605,14.6626,14.6619,14.6614,14.6612,14.6612,14.6615,14.6615,14.6603,14.6604,14.6608,14.6608,14.6611,14.6607,14.6601,14.6595,14.6599,14.6597,14.6591,14.6589,14.6602,14.6613,14.6613,14.6613,14.6613,14.66,14.66,14.6593,14.6593,14.6593,14.6596,14.6599,14.6599,14.6601,
Thu Apr 23 2020 08:48:54 GMT-0400 (Eastern Daylight Time)
14.6653,14.6653,14.6653,14.6653,14.6653,14.6653,14.6653,14.6666,14.6666,14.6661,14.6658,14.6658,14.6658,14.6648,14.6643,14.6643,14.6645,14.6637,14.6633,14.6642,14.6642,14.6645,14.6645,14.664,14.6654,14.6656,14.6635,14.6648,14.6648,14.6642,14.6633,14.6597,14.6594,14.6597,14.6597,14.6599,14.6592,14.6592,14.6598,14.6598,14.6601,14.6601,14.6601,14.6616,14.6618,14.6618,14.6618,14.6623,14.6609,14.6609,14.6605,14.6614,14.6607,14.6607,14.6607,14.66,14.6603,14.6627,14.6632,14.6626,
Thu Apr 23 2020 08:49:54 GMT-0400 (Eastern Daylight Time)
14.6629,14.6629,14.6625,14.6627,14.6629,14.6633,14.6633,14.6625,14.6625,14.6634,14.6636,14.6636,14.6635,14.6635,14.6635,14.6649,14.6656,14.6662,14.6659,14.6658,14.6653,14.6653,14.6653,14.6658,14.666,14.6664,14.6661,14.6651,14.6649,14.6649,14.6639,14.6642,14.6642,14.6646,14.6644,14.6641,14.6637,14.6637,14.6635,14.6644,14.6657,14.6665,14.6671,14.6671,14.6667,14.6667,14.6667,14.6666,14.6663,14.6661,14.6664,14.667,14.6675,14.6682,14.6682,14.668,14.6686,14.668,14.6682,14.6684,
Thu Apr 23 2020 08:50:53 GMT-0400 (Eastern Daylight Time)
14.6677,14.6674,14.6678,14.6678,14.6678,14.6686,14.6686,14.6686,14.6686,14.6685,14.6685,14.6688,14.6695,14.6688,14.6697,14.6694,14.6694,14.6697,14.6694,14.6695,14.6692,14.6692,14.6703,14.6706,14.6706,14.6704,14.6702,14.6704,14.6716,14.6708,14.6708,14.6702,14.6702,14.6701,14.6701,14.6708,14.6696,14.6699,14.6686,14.6693,14.669,14.6687,14.6687,14.6663,14.6665,14.6668,14.6668,14.6668,14.6668,14.6665,14.6668,14.6676,14.6676,14.6669,14.6669,14.6674,14.6671,14.6663,14.6663,14.6631,
Thu Apr 23 2020 08:51:53 GMT-0400 (Eastern Daylight Time)
14.664,14.664,14.664,14.664,14.664,14.664,14.6634,14.6648,14.6649,14.6641,14.6641,14.6641,14.6638,14.6638,14.6638,14.6637,14.661,14.6612,14.6607,14.6612,14.6619,14.6619,14.6617,14.662,14.6623,14.6625,14.6628,14.6622,14.6622,14.6621,14.6623,14.6635,14.6639,14.6633,14.665,14.6657,14.6659,14.6661,14.6657,14.666,14.6667,14.6666,14.6676,14.6676,14.6676,14.6665,14.6678,14.6662,14.6684,14.669,14.669,14.669,14.6699,14.6699,14.6699,14.6699,14.6704,14.6704,14.6704,14.6706,
Thu Apr 23 2020 08:52:54 GMT-0400 (Eastern Daylight Time)
14.67,14.6706,14.6706,14.6706,14.671,14.671,14.671,14.671,14.671,14.6712,14.6712,14.6715,14.6707,14.6707,14.6707,14.6699,14.6699,14.6699,14.6702,14.6693,14.6693,14.6693,14.6697,14.6697,14.669,14.6696,14.6699,14.6704,14.6704,14.6707,14.6707,14.6706,14.6709,14.6712,14.6712,14.6714,14.6714,14.672,14.6726,14.674,14.673,14.6727,14.6722,14.6725,14.6722,14.6714,14.6714,14.6709,14.6707,14.6704,14.6709,14.6718,14.6723,14.6741,14.6727,14.6724,14.6721,14.6724,14.6724,14.6721,
Thu Apr 23 2020 08:53:54 GMT-0400 (Eastern Daylight Time)
14.6721,14.6721,14.6721,14.6737,14.6737,14.6742,14.6742,14.6742,14.6744,14.6739,14.6738,14.6744,14.6741,14.6741,14.6744,14.6749,14.6746,14.6756,14.6751,14.6746,14.6763,14.6763,14.6736,14.6736,14.674,14.6744,14.6729,14.6726,14.6726,14.673,14.673,14.6722,14.6725,14.6721,14.6721,14.6721,14.6717,14.6717,14.6719,14.6719,14.6717,14.6714,14.6718,14.6707,14.6711,14.6711,14.6709,14.6702,14.6699,14.6702,14.6702,14.6696,14.6691,14.6691,14.6688,14.6714,14.6711,14.6711,14.6711,14.6704,
Thu Apr 23 2020 08:54:53 GMT-0400 (Eastern Daylight Time)
14.6701,14.6701,14.6701,14.6701,14.6701,14.6701,14.6709,14.6709,14.6709,14.6709,14.6717,14.6724,14.672,14.672,14.671,14.6719,14.6716,14.6725,14.6728,14.6725,14.6728,14.6721,14.6727,14.6734,14.6729,14.6725,14.6717,14.6707,14.6701,14.6696,14.6692,14.6698,14.6702,14.6712,14.6715,14.6718,14.6715,14.6715,14.6715,14.67,14.6696,14.6693,14.669,14.6705,14.6708,14.6716,14.671,14.6729,14.6724,14.6726,14.6732,14.6732,14.6739,14.6742,14.675,14.675,14.6758,14.6755,14.6756,14.6727,
Thu Apr 23 2020 08:55:53 GMT-0400 (Eastern Daylight Time)
14.6729,14.6727,14.672,14.672,14.672,14.672,14.672,14.672,14.672,14.672,14.6734,14.6734,14.6734,14.6736,14.674,14.6734,14.673,14.6741,14.6743,14.6743,14.6743,14.6743,14.6739,14.6739,14.6744,14.6744,14.6725,14.6725,14.6725,14.6723,14.6723,14.6723,14.6724,14.6721,14.6732,14.6732,14.6732,14.6727,14.6724,14.6728,14.6744,14.6759,14.676,14.676,14.6763,14.6763,14.6768,14.6765,14.676,14.6758,14.6772,14.6772,14.6769,14.6766,14.6769,14.6779,14.6784,14.6784,14.6784,14.6784,
Thu Apr 23 2020 08:56:53 GMT-0400 (Eastern Daylight Time)
14.6806,14.6806,14.6801,14.6815,14.6821,14.6821,14.6817,14.6814,14.6816,14.682,14.6811,14.6811,14.6813,14.6825,14.679,14.679,14.6798,14.6801,14.6794,14.6794,14.6794,14.6792,14.6788,14.6785,14.6789,14.6789,14.6789,14.6779,14.6776,14.6786,14.6789,14.6782,14.6787,14.6787,14.6787,14.6794,14.6797,14.6797,14.6811,14.6811,14.68,14.6802,14.6809,14.6809,14.6812,14.6807,14.6807,14.6802,14.6803,14.6806,14.6806,14.6806,14.6815,14.6801,14.6798,14.6796,14.6803,14.6806,14.6806,14.6806,
Thu Apr 23 2020 08:57:53 GMT-0400 (Eastern Daylight Time)
14.6805,14.6805,14.6803,14.6803,14.6803,14.6803,14.6803,14.6825,14.6825,14.6825,14.6834,14.6834,14.6836,14.6836,14.6836,14.6832,14.6835,14.6837,14.6835,14.6839,14.6858,14.6858,14.6862,14.6867,14.6863,14.6866,14.687,14.687,14.6877,14.6878,14.6881,14.6884,14.6886,14.6884,14.6891,14.6893,14.6896,14.6896,14.6907,14.6903,14.6899,14.6896,14.6899,14.6908,14.6911,14.6911,14.6911,14.6911,14.6908,14.6912,14.6923,14.6895,14.6888,14.6885,14.6893,14.6899,14.6886,14.6882,14.6893,14.6893,
Thu Apr 23 2020 08:58:54 GMT-0400 (Eastern Daylight Time)
14.6893,14.6903,14.6905,14.6905,14.6913,14.6916,14.6916,14.6913,14.6916,14.6919,14.6915,14.6917,14.6913,14.6913,14.6919,14.6903,14.6893,14.6897,14.69,14.69,14.691,14.691,14.6907,14.691,14.6907,14.6903,14.6898,14.6898,14.6898,14.6898,14.6903,14.69,14.6897,14.6882,14.6885,14.6881,14.6889,14.6895,14.689,14.6897,14.692,14.6933,14.6943,14.6948,14.6947,14.6944,14.6949,14.6949,14.6957,14.6964,14.6967,14.6943,14.6935,14.6941,14.6944,14.6936,14.6943,14.6945,14.6945,14.6928,
Thu Apr 23 2020 08:59:53 GMT-0400 (Eastern Daylight Time)
14.693,14.6924,14.6924,14.6951,14.6951,14.6951,14.6951,14.694,14.694,14.6935,14.6925,14.6923,14.6931,14.6931,14.6931,14.6931,14.6928,14.6935,14.6935,14.6935,14.6956,14.6956,14.6966,14.6969,14.6972,14.6976,14.6976,14.6969,14.6968,14.6968,14.697,14.697,14.6963,14.6967,14.6964,14.6959,14.6963,14.6967,14.6984,14.6984,14.698,14.6978,14.6981,14.6981,14.6981,14.6977,14.6973,14.6971,14.697,14.6968,14.6964,14.6961,14.696,14.6956,14.6956,14.6959,14.6968,14.6963,14.696,14.696,
Thu Apr 23 2020 09:01:53 GMT-0400 (Eastern Daylight Time)
14.6938,14.6924,14.6924,14.6929,14.6929,14.6948,14.6948,14.6948,14.6948,14.6944,14.6949,14.6946,14.6936,14.694,14.6943,14.694,14.6947,14.6944,14.6939,14.6939,14.6932,14.6934,14.6934,14.6932,14.6932,14.6935,14.6933,14.6927,14.6906,14.6906,14.6909,14.6903,14.6907,14.6912,14.6909,14.6912,14.6916,14.6912,14.6904,14.6906,14.6907,14.691,14.691,14.6917,14.6921,14.692,14.6915,14.6913,14.6908,14.6916,14.6916,14.6916,14.6914,14.6911,14.6911,14.692,14.6926,14.6933,14.6935,14.6935,
Thu Apr 23 2020 09:02:54 GMT-0400 (Eastern Daylight Time)
14.6937,14.6945,14.6945,14.6945,14.694,14.6943,14.6943,14.6942,14.6942,14.6942,14.6949,14.6949,14.6944,14.6944,14.695,14.695,14.6957,14.6954,14.6963,14.696,14.6965,14.6951,14.6953,14.6958,14.6965,14.6969,14.6972,14.6979,14.697,14.6975,14.6972,14.6972,14.6978,14.6981,14.6976,14.6979,14.6978,14.6984,14.6979,14.6982,14.6967,14.6941,14.6936,14.6936,14.6923,14.6929,14.6929,14.6931,14.6931,14.6927,14.6922,14.6938,14.6922,14.6936,14.694,14.6937,14.694,14.6935,14.6931,14.6931,
Thu Apr 23 2020 09:03:54 GMT-0400 (Eastern Daylight Time)
14.6928,14.6935,14.6936,14.6936,14.6936,14.6936,14.6936,14.6936,14.6936,14.6936,14.6925,14.6925,14.6925,14.6925,14.6928,14.6928,14.6928,14.6925,14.6928,14.692,14.6922,14.692,14.6922,14.6932,14.6943,14.6946,14.6946,14.695,14.6954,14.6949,14.6952,14.6949,14.6949,14.6946,14.6945,14.6943,14.6949,14.6946,14.6946,14.6942,14.6948,14.6965,14.6965,14.6955,14.6925,14.6925,14.6922,14.6919,14.6917,14.6919,14.6923,14.6901,14.6904,14.69,14.6897,14.69,14.691,14.6914,14.6914,14.6914,
Thu Apr 23 2020 09:04:53 GMT-0400 (Eastern Daylight Time)
14.6911,14.6898,14.6901,14.6901,14.6887,14.6887,14.6882,14.6878,14.6881,14.6895,14.69,14.6899,14.6893,14.6893,14.6893,14.6893,14.6901,14.6901,14.6893,14.6893,14.6895,14.6892,14.6909,14.6912,14.6918,14.6915,14.6912,14.6919,14.6925,14.6925,14.6917,14.6926,14.6926,14.6924,14.6922,14.6925,14.6934,14.6947,14.6947,14.6952,14.6985,14.6982,14.6982,14.698,14.698,14.6987,14.6991,14.6988,14.699,14.699,14.6985,14.6985,14.6991,14.6991,14.6991,14.6987,14.6962,14.6966,14.6947,14.6947,
Thu Apr 23 2020 09:06:53 GMT-0400 (Eastern Daylight Time)
14.6922,14.6916,14.6924,14.6924,14.6924,14.6924,14.6924,14.6924,14.6932,14.6932,14.6932,14.6932,14.6932,14.6928,14.6932,14.6932,14.6932,14.6925,14.6938,14.694,14.694,14.6965,14.6969,14.6969,14.6963,14.6973,14.6956,14.6941,14.6953,14.6943,14.6937,14.6937,14.6946,14.6944,14.6941,14.6938,14.6943,14.695,14.695,14.6957,14.6955,14.6961,14.6963,14.6968,14.6966,14.6974,14.6963,14.6933,14.6944,14.6951,14.6951,14.6951,14.6941,14.6939,14.6939,14.6937,14.6937,14.6943,14.6942,14.6963,
Thu Apr 23 2020 09:07:53 GMT-0400 (Eastern Daylight Time)
14.6959,14.6954,14.6954,14.6942,14.6938,14.6948,14.6952,14.6954,14.6954,14.6944,14.6941,14.6941,14.6955,14.6964,14.6961,14.6961,14.6966,14.6975,14.6975,14.6975,14.6998,14.7009,14.7005,14.6996,14.7002,14.7015,14.7021,14.7021,14.7018,14.7028,14.7028,14.7037,14.7053,14.7061,14.7055,14.7059,14.7059,14.7066,14.7059,14.7064,14.7061,14.7069,14.7069,14.7067,14.7067,14.707,14.7068,14.7094,14.7095,14.7105,14.7103,14.7106,14.7109,14.7112,14.7114,14.7113,14.7108,14.7105,14.7108,14.7105,
Thu Apr 23 2020 09:08:54 GMT-0400 (Eastern Daylight Time)
14.711,14.7113,14.7113,14.7103,14.7097,14.7093,14.7096,14.7106,14.7106,14.7104,14.7114,14.711,14.711,14.7115,14.711,14.7094,14.7104,14.7097,14.7095,14.7092,14.7092,14.7095,14.7087,14.7087,14.7092,14.707,14.7076,14.7076,14.7079,14.7067,14.707,14.707,14.7067,14.7071,14.7095,14.7095,14.7092,14.7091,14.7088,14.7088,14.7088,14.7082,14.7082,14.7079,14.7079,14.7079,14.7079,14.7079,14.708,14.7077,14.7075,14.7082,14.7085,14.71,14.7106,14.7103,14.7117,14.715,14.7137,14.714,
Thu Apr 23 2020 09:09:53 GMT-0400 (Eastern Daylight Time)
14.7136,14.7145,14.7145,14.7145,14.7145,14.7145,14.7145,14.7145,14.7178,14.7178,14.7171,14.7171,14.7154,14.7154,14.7154,14.7154,14.7162,14.7165,14.7168,14.7168,14.716,14.7177,14.7183,14.7187,14.7187,14.7181,14.7183,14.718,14.718,14.7176,14.7171,14.7166,14.7173,14.718,14.7183,14.7188,14.7195,14.7188,14.7185,14.7184,14.7187,14.7206,14.7209,14.7209,14.7209,14.7216,14.7214,14.7214,14.7212,14.7209,14.7216,14.7216,14.7218,14.7206,14.7206,14.7198,14.7193,14.719,14.7181,14.7181,
Thu Apr 23 2020 09:10:53 GMT-0400 (Eastern Daylight Time)
14.7184,14.7191,14.7191,14.7191,14.7191,14.7191,14.7149,14.7149,14.7149,14.7149,14.7138,14.7138,14.7138,14.7142,14.7118,14.7122,14.7126,14.7125,14.713,14.7134,14.7134,14.7134,14.713,14.7128,14.7128,14.7128,14.7123,14.712,14.7124,14.7122,14.7114,14.7108,14.7108,14.7084,14.7086,14.7089,14.7089,14.7098,14.7087,14.708,14.708,14.7087,14.7084,14.7084,14.7084,14.7087,14.7087,14.7084,14.7084,14.708,14.708,14.7075,14.7071,14.7082,14.7085,14.7082,14.7082,14.7082,14.7083,14.7083,
Thu Apr 23 2020 09:11:54 GMT-0400 (Eastern Daylight Time)
14.7083,14.7086,14.7086,14.7093,14.7093,14.708,14.7075,14.7077,14.708,14.7086,14.7083,14.7081,14.7081,14.7086,14.7079,14.7073,14.7073,14.7062,14.7074,14.7074,14.7085,14.7076,14.7076,14.7076,14.7071,14.7071,14.7068,14.7068,14.7068,14.7071,14.7075,14.7078,14.707,14.707,14.7066,14.7066,14.7066,14.7071,14.7065,14.7065,14.7065,14.7063,14.7061,14.7063,14.7057,14.7058,14.7067,14.7067,14.707,14.7067,14.7067,14.7067,14.7064,14.7058,14.7054,14.705,14.7021,14.7023,14.7029,14.7029,
Thu Apr 23 2020 09:12:53 GMT-0400 (Eastern Daylight Time)
14.7033,14.7028,14.7031,14.7031,14.7028,14.7028,14.7028,14.7028,14.7028,14.7018,14.7022,14.7022,14.7027,14.7027,14.7027,14.7027,14.7026,14.7031,14.7031,14.7031,14.7034,14.7036,14.7033,14.7029,14.702,14.7033,14.7041,14.7041,14.7041,14.7036,14.7036,14.7028,14.7023,14.7028,14.7036,14.704,14.7033,14.7044,14.7045,14.7045,14.7038,14.7035,14.7046,14.705,14.7053,14.705,14.705,14.705,14.7036,14.7032,14.7042,14.7045,14.7042,14.7047,14.705,14.705,14.7048,14.7052,14.7052,14.7052,
Thu Apr 23 2020 09:13:53 GMT-0400 (Eastern Daylight Time)
14.7052,14.7055,14.7055,14.7055,14.7042,14.7042,14.7042,14.7046,14.704,14.7041,14.7044,14.7054,14.7054,14.7057,14.7062,14.7065,14.7065,14.7062,14.7066,14.7069,14.7063,14.706,14.7068,14.7058,14.7061,14.7061,14.7061,14.7055,14.7061,14.7043,14.7027,14.7027,14.7019,14.7012,14.7038,14.7034,14.7048,14.7052,14.7048,14.7055,14.7055,14.7053,14.7049,14.7043,14.7039,14.7031,14.7026,14.7029,14.7029,14.7029,14.7046,14.7044,14.7048,14.7052,14.7051,14.7051,14.7053,14.7044,14.7035,14.7036,
Thu Apr 23 2020 09:14:53 GMT-0400 (Eastern Daylight Time)
14.7036,14.7039,14.7039,14.7045,14.7045,14.7053,14.7053,14.7051,14.7048,14.7051,14.7051,14.7052,14.7054,14.7055,14.7052,14.7048,14.7059,14.7059,14.7059,14.7062,14.7062,14.7046,14.7044,14.7046,14.7049,14.7058,14.7062,14.7067,14.7067,14.7069,14.7066,14.7066,14.7066,14.7057,14.7053,14.706,14.7076,14.7085,14.7085,14.7083,14.708,14.7099,14.7096,14.71,14.7097,14.7098,14.7092,14.7092,14.7095,14.7098,14.7103,14.71,14.71,14.7094,14.7099,14.7102,14.7099,14.7083,14.7081,14.7081,
Thu Apr 23 2020 09:15:53 GMT-0400 (Eastern Daylight Time)
14.7079,14.7081,14.7081,14.7081,14.7081,14.7081,14.7081,14.7081,14.7081,14.7084,14.7088,14.7088,14.7088,14.7058,14.7054,14.7051,14.7042,14.7042,14.7057,14.7057,14.7068,14.7059,14.7059,14.7059,14.7055,14.7051,14.7047,14.7051,14.7061,14.7061,14.7061,14.7061,14.7059,14.7054,14.7054,14.7056,14.7056,14.7043,14.7043,14.7048,14.7048,14.7049,14.7044,14.7051,14.7053,14.7053,14.7056,14.7051,14.7054,14.7044,14.7042,14.7039,14.7037,14.7038,14.7038,14.7038,14.7011,14.7007,14.7036,14.7029,
Thu Apr 23 2020 09:16:53 GMT-0400 (Eastern Daylight Time)
14.7026,14.7033,14.703,14.7037,14.7037,14.7053,14.7063,14.7058,14.7058,14.705,14.705,14.7045,14.7045,14.7047,14.705,14.7054,14.706,14.7063,14.7056,14.706,14.7055,14.7064,14.7058,14.7065,14.7065,14.7073,14.7063,14.7063,14.7044,14.7045,14.7028,14.7028,14.7019,14.7014,14.7011,14.7011,14.7011,14.7003,14.7007,14.7004,14.7001,14.6987,14.6982,14.6982,14.6976,14.6976,14.698,14.6977,14.6977,14.698,14.6976,14.6976,14.698,14.6977,14.6982,14.7014,14.6999,14.6999,14.7002,14.6999,
Thu Apr 23 2020 09:17:53 GMT-0400 (Eastern Daylight Time)
14.6993,14.6984,14.698,14.6971,14.6968,14.6971,14.6963,14.6963,14.6955,14.6958,14.6958,14.6958,14.6967,14.6963,14.6962,14.6957,14.6961,14.6965,14.6968,14.6965,14.6968,14.6971,14.6969,14.6966,14.6966,14.6966,14.6958,14.6961,14.6966,14.6966,14.6965,14.6954,14.6954,14.6954,14.6939,14.6933,14.695,14.695,14.6952,14.6954,14.6957,14.6959,14.6971,14.6968,14.6968,14.6968,14.6965,14.6968,14.6968,14.6968,14.6975,14.6972,14.6981,14.6987,14.6991,14.6995,14.6995,14.6992,14.6992,14.6992,
Thu Apr 23 2020 09:18:53 GMT-0400 (Eastern Daylight Time)
14.6982,14.698,14.6966,14.6966,14.6966,14.6966,14.6966,14.6966,14.6966,14.6956,14.6956,14.6956,14.6956,14.6956,14.6956,14.6956,14.6956,14.6956,14.6956,14.6956,14.6956,14.6956,14.6956,14.6956,14.6952,14.6952,14.6952,14.6952,14.6952,14.6952,14.6952,14.6952,14.6956,14.6956,14.6953,14.6959,14.6959,14.6959,14.6952,14.6945,14.6953,14.6965,14.6973,14.6973,14.6973,14.6973,14.6973,14.6973,14.698,14.698,14.6983,14.6983,14.6983,14.6983,14.699,14.699,14.699,14.699,14.699,14.699,
Thu Apr 23 2020 09:19:53 GMT-0400 (Eastern Daylight Time)
14.699,14.6998,14.6998,14.6998,14.6998,14.6998,14.6998,14.6998,14.6983,14.6983,14.6986,14.6995,14.6995,14.6998,14.6989,14.6992,14.6985,14.6985,14.7001,14.6999,14.6999,14.6995,14.6995,14.6999,14.7002,14.7002,14.7003,14.7001,14.7001,14.7009,14.7009,14.7013,14.7027,14.7027,14.702,14.702,14.702,14.702,14.7009,14.7016,14.7021,14.7021,14.7025,14.7019,14.7017,14.7014,14.7007,14.6999,14.6999,14.6999,14.6999,14.6997,14.7003,14.6998,14.6996,14.6991,14.6988,14.6986,14.7003,14.7,
Thu Apr 23 2020 09:20:53 GMT-0400 (Eastern Daylight Time)
14.7,14.6996,14.7001,14.7001,14.7001,14.7001,14.7013,14.7013,14.7013,14.7013,14.7013,14.7013,14.7013,14.7022,14.7024,14.7024,14.701,14.7017,14.702,14.7023,14.7019,14.7025,14.7018,14.7018,14.7022,14.7022,14.7011,14.7017,14.7035,14.7035,14.7055,14.706,14.7063,14.7063,14.7068,14.7064,14.7067,14.7079,14.7096,14.7093,14.7096,14.7098,14.7096,14.7101,14.7103,14.7097,14.7105,14.7109,14.7117,14.712,14.7121,14.7116,14.7127,14.7148,14.7146,14.7146,14.7144,14.7144,14.7121,14.7116,
Thu Apr 23 2020 09:21:53 GMT-0400 (Eastern Daylight Time)
14.7122,14.7122,14.7122,14.7122,14.7122,14.7122,14.7113,14.7113,14.7113,14.7113,14.7108,14.7108,14.7108,14.7108,14.7104,14.7107,14.7121,14.7115,14.7115,14.7121,14.7118,14.7128,14.711,14.7113,14.7109,14.7111,14.7108,14.7101,14.7101,14.7105,14.7101,14.7107,14.7101,14.7104,14.7099,14.7099,14.7099,14.7094,14.7075,14.7075,14.7075,14.7081,14.7079,14.7079,14.7079,14.7069,14.7084,14.7087,14.7076,14.7074,14.7068,14.7073,14.7067,14.707,14.7066,14.7075,14.7072,14.7071,14.7073,14.7076,
Thu Apr 23 2020 09:22:53 GMT-0400 (Eastern Daylight Time)
14.7073,14.707,14.7069,14.7072,14.7084,14.7089,14.7076,14.7076,14.7083,14.7083,14.7077,14.7082,14.7082,14.7071,14.7077,14.708,14.7075,14.7075,14.7102,14.7093,14.7093,14.7096,14.7083,14.7089,14.7089,14.7089,14.7094,14.7089,14.7092,14.7092,14.7094,14.7096,14.7103,14.7108,14.7103,14.709,14.7077,14.7077,14.7076,14.7065,14.7065,14.7062,14.7062,14.707,14.7075,14.7075,14.7092,14.7092,14.7097,14.7104,14.7094,14.7097,14.7093,14.709,14.709,14.7093,14.709,14.7091,14.7095,14.7095,
Thu Apr 23 2020 09:23:54 GMT-0400 (Eastern Daylight Time)
14.7098,14.7091,14.7088,14.7088,14.7088,14.7071,14.7051,14.7049,14.7049,14.706,14.7053,14.7053,14.7056,14.7053,14.7047,14.705,14.705,14.7043,14.7045,14.7045,14.7045,14.7045,14.7045,14.7045,14.7045,14.7049,14.7057,14.7057,14.7065,14.7063,14.7071,14.7069,14.7072,14.7072,14.7072,14.707,14.7073,14.7063,14.7058,14.7058,14.7061,14.7064,14.7064,14.7064,14.7075,14.7078,14.7075,14.7075,14.708,14.7078,14.7094,14.7082,14.7082,14.7087,14.7069,14.7069,14.7077,14.7084,14.7088,14.7089,
Thu Apr 23 2020 09:24:53 GMT-0400 (Eastern Daylight Time)
14.7089,14.7089,14.7091,14.7091,14.7091,14.7091,14.7101,14.7101,14.7101,14.7087,14.7087,14.7087,14.7087,14.7098,14.7095,14.7106,14.7106,14.7106,14.7118,14.7121,14.7121,14.7126,14.7121,14.7124,14.7126,14.7129,14.7137,14.7133,14.7159,14.7154,14.715,14.715,14.7156,14.7159,14.7155,14.7155,14.7161,14.7168,14.7168,14.7168,14.7165,14.7165,14.7151,14.7148,14.7148,14.7141,14.7151,14.7158,14.7156,14.7162,14.716,14.716,14.7158,14.7155,14.7158,14.7162,14.7159,14.7153,14.7156,14.7151,
Thu Apr 23 2020 09:25:53 GMT-0400 (Eastern Daylight Time)
14.7148,14.715,14.7141,14.7141,14.7141,14.7141,14.7141,14.7141,14.7141,14.7136,14.7133,14.7133,14.7133,14.7124,14.7124,14.7121,14.7116,14.7113,14.7121,14.7143,14.7154,14.7154,14.7156,14.7156,14.7159,14.7163,14.7163,14.7163,14.7171,14.7171,14.7171,14.7173,14.7166,14.716,14.7169,14.7169,14.7186,14.7183,14.7179,14.7175,14.7175,14.7171,14.7166,14.7166,14.7171,14.7174,14.7172,14.7175,14.7178,14.7178,14.7167,14.7163,14.7163,14.7163,14.7155,14.7155,14.7145,14.7147,14.715,14.7141,
Thu Apr 23 2020 09:26:54 GMT-0400 (Eastern Daylight Time)
14.7137,14.7137,14.7137,14.7137,14.7137,14.713,14.7121,14.7121,14.7126,14.7128,14.7129,14.7129,14.7127,14.713,14.7134,14.7126,14.7126,14.712,14.7123,14.7122,14.7125,14.712,14.7123,14.7123,14.7133,14.7136,14.7138,14.7128,14.7128,14.7132,14.7132,14.7129,14.7129,14.7132,14.7132,14.7135,14.7138,14.7134,14.7124,14.7124,14.7124,14.713,14.7132,14.7127,14.7126,14.7119,14.7119,14.7132,14.7134,14.7137,14.7137,14.7147,14.7131,14.7131,14.7137,14.7134,14.713,14.7114,14.714,14.7143,
Thu Apr 23 2020 09:27:53 GMT-0400 (Eastern Daylight Time)
14.7143,14.7144,14.7144,14.7144,14.7144,14.7144,14.7144,14.7131,14.7131,14.7131,14.712,14.712,14.7125,14.7127,14.7127,14.7141,14.7137,14.7137,14.7147,14.7144,14.7148,14.716,14.716,14.7158,14.7158,14.7158,14.7152,14.715,14.7153,14.715,14.7154,14.7158,14.7162,14.7165,14.7168,14.7179,14.7182,14.7184,14.719,14.7193,14.7193,14.7193,14.7197,14.7196,14.7186,14.7186,14.7169,14.7167,14.7164,14.7174,14.7179,14.718,14.718,14.718,14.718,14.718,14.718,14.7167,14.7172,14.7182,
Thu Apr 23 2020 09:28:53 GMT-0400 (Eastern Daylight Time)
14.7172,14.7172,14.7176,14.7176,14.7169,14.7169,14.7169,14.7182,14.7185,14.7216,14.7216,14.7232,14.725,14.725,14.7258,14.7261,14.7286,14.7288,14.7285,14.7282,14.7282,14.7284,14.7283,14.7284,14.7281,14.7276,14.7276,14.7271,14.7271,14.7287,14.7287,14.7286,14.7286,14.7286,14.7286,14.7264,14.727,14.7275,14.7263,14.7263,14.7267,14.7285,14.7285,14.7279,14.7308,14.7308,14.7306,14.7302,14.7302,14.7298,14.7298,14.7297,14.7295,14.7299,14.7299,14.7292,14.7294,14.7294,14.7297,14.7293,
Thu Apr 23 2020 09:29:54 GMT-0400 (Eastern Daylight Time)
14.7274,14.7274,14.7274,14.7269,14.7269,14.7269,14.7262,14.726,14.7263,14.7261,14.7264,14.7272,14.7275,14.7268,14.7268,14.7263,14.7258,14.726,14.7254,14.7254,14.726,14.726,14.7249,14.7247,14.7232,14.7229,14.7229,14.7232,14.7235,14.7224,14.7222,14.7228,14.7226,14.7228,14.7204,14.7208,14.7196,14.7191,14.7184,14.717,14.717,14.717,14.7166,14.7177,14.7179,14.7179,14.7185,14.7188,14.7183,14.7182,14.7185,14.7183,14.7186,14.7184,14.7182,14.7186,14.7186,14.7183,14.7172,14.7166,
Thu Apr 23 2020 09:30:53 GMT-0400 (Eastern Daylight Time)
14.7153,14.7157,14.7157,14.7157,14.7157,14.7157,14.7157,14.7157,14.7157,14.7168,14.7165,14.7172,14.7172,14.7178,14.7178,14.7174,14.7158,14.7158,14.7158,14.7164,14.7164,14.7167,14.7159,14.715,14.715,14.715,14.7155,14.7158,14.7158,14.7156,14.7159,14.7166,14.7169,14.7166,14.7169,14.7187,14.7193,14.7193,14.7197,14.7204,14.7202,14.7225,14.7225,14.7242,14.7246,14.7243,14.7241,14.7245,14.7242,14.7243,14.7243,14.7235,14.7235,14.7238,14.7233,14.7236,14.7229,14.7223,14.7229,14.7231,
Thu Apr 23 2020 09:31:53 GMT-0400 (Eastern Daylight Time)
14.7225,14.7239,14.7241,14.7241,14.7241,14.7241,14.7241,14.7233,14.723,14.7219,14.7222,14.7222,14.7222,14.7226,14.7226,14.7231,14.7231,14.7231,14.7225,14.7199,14.7199,14.7202,14.7198,14.7195,14.7182,14.7193,14.7188,14.7199,14.7197,14.7187,14.7187,14.7184,14.7177,14.7173,14.7173,14.717,14.7176,14.7176,14.7201,14.7201,14.7201,14.7204,14.7201,14.7201,14.7201,14.7196,14.7198,14.7196,14.7199,14.7187,14.719,14.7187,14.719,14.719,14.719,14.7182,14.7185,14.7176,14.7176,14.7176,
Thu Apr 23 2020 09:32:53 GMT-0400 (Eastern Daylight Time)
14.7176,14.717,14.7172,14.7172,14.7172,14.7154,14.7154,14.7156,14.7159,14.7159,14.716,14.7164,14.7159,14.7159,14.7159,14.7162,14.7162,14.7162,14.7159,14.7159,14.7161,14.7158,14.7155,14.7154,14.7154,14.7151,14.7151,14.7161,14.7167,14.7164,14.7158,14.7162,14.7156,14.7156,14.7161,14.7157,14.7153,14.7155,14.7155,14.7158,14.7158,14.7176,14.7176,14.7155,14.7166,14.7166,14.7154,14.7158,14.7158,14.7153,14.7146,14.7149,14.7161,14.7157,14.7159,14.7162,14.7181,14.7181,14.7179,14.7183,
Thu Apr 23 2020 09:35:53 GMT-0400 (Eastern Daylight Time)
14.7092,14.7101,14.7101,14.711,14.71,14.71,14.7097,14.7099,14.7096,14.7088,14.709,14.7082,14.7082,14.7082,14.708,14.7082,14.7084,14.7081,14.7077,14.7077,14.7073,14.7076,14.7074,14.7071,14.7062,14.7062,14.7062,14.707,14.7072,14.7069,14.7057,14.706,14.7064,14.7064,14.7064,14.7067,14.7084,14.7091,14.7091,14.707,14.7059,14.7059,14.7059,14.7063,14.7056,14.7052,14.7046,14.7044,14.7051,14.7051,14.7051,14.7055,14.7055,14.7058,14.7064,14.7061,14.7059,14.7062,14.7062,14.7067,
Thu Apr 23 2020 09:36:53 GMT-0400 (Eastern Daylight Time)
14.707,14.7063,14.706,14.706,14.706,14.7065,14.7075,14.7068,14.7074,14.7064,14.7061,14.7061,14.7059,14.7058,14.7055,14.7055,14.7058,14.7054,14.7061,14.7065,14.707,14.7074,14.7068,14.7084,14.7076,14.7079,14.7081,14.7088,14.7085,14.7085,14.7082,14.7082,14.7085,14.7087,14.7085,14.7069,14.7065,14.7061,14.7065,14.7069,14.7056,14.7056,14.7056,14.7052,14.7054,14.7063,14.7063,14.7056,14.707,14.7071,14.7066,14.7066,14.7058,14.7065,14.7058,14.7058,14.7043,14.704,14.7037,14.7037,
Thu Apr 23 2020 09:37:53 GMT-0400 (Eastern Daylight Time)
14.7028,14.7023,14.7023,14.7026,14.7029,14.7023,14.7019,14.7019,14.7035,14.7041,14.703,14.7027,14.7027,14.7033,14.7033,14.7036,14.7039,14.7041,14.7047,14.7044,14.7044,14.7044,14.7044,14.7044,14.7043,14.704,14.7038,14.7057,14.7057,14.7059,14.7062,14.7068,14.7065,14.7061,14.7057,14.7057,14.7048,14.7054,14.7054,14.7054,14.7049,14.7038,14.7038,14.704,14.7048,14.7051,14.7056,14.7059,14.7058,14.7054,14.7048,14.7036,14.7034,14.7029,14.7006,14.7006,14.7003,14.7006,14.701,14.701,
Thu Apr 23 2020 09:38:54 GMT-0400 (Eastern Daylight Time)
14.7009,14.7006,14.7003,14.6995,14.6995,14.7004,14.6999,14.6999,14.7,14.7003,14.7003,14.7004,14.6995,14.6995,14.6997,14.6997,14.698,14.698,14.6985,14.6985,14.6982,14.6979,14.6979,14.6983,14.696,14.6969,14.6973,14.6969,14.6971,14.6974,14.6982,14.6982,14.6993,14.6996,14.6998,14.6995,14.7017,14.7017,14.7015,14.7018,14.7023,14.7021,14.7024,14.7037,14.7052,14.7054,14.7057,14.7057,14.7057,14.7059,14.7069,14.7073,14.7077,14.7086,14.7091,14.7092,14.7095,14.71,14.71,14.71,
Thu Apr 23 2020 09:39:53 GMT-0400 (Eastern Daylight Time)
14.7092,14.7095,14.7095,14.7095,14.7095,14.7095,14.7106,14.7109,14.7121,14.7121,14.7124,14.7121,14.7124,14.7128,14.7123,14.7128,14.7119,14.7125,14.7117,14.7121,14.7124,14.713,14.7143,14.7143,14.7138,14.7129,14.7121,14.7112,14.7114,14.711,14.7114,14.7111,14.7113,14.7102,14.7099,14.7103,14.7099,14.7099,14.7102,14.7095,14.7093,14.7093,14.7085,14.7092,14.7097,14.71,14.71,14.7104,14.7124,14.7124,14.7124,14.7124,14.7128,14.7134,14.7124,14.7124,14.7117,14.7117,14.7117,14.7113,
Thu Apr 23 2020 09:40:54 GMT-0400 (Eastern Daylight Time)
14.7113,14.7126,14.7126,14.7126,14.7126,14.7126,14.7136,14.7139,14.7139,14.7142,14.7142,14.7145,14.7142,14.7142,14.7151,14.7151,14.7151,14.7151,14.7151,14.7157,14.7132,14.7129,14.7126,14.7126,14.7122,14.7124,14.712,14.7126,14.7108,14.711,14.711,14.711,14.711,14.7104,14.7112,14.7109,14.7106,14.7117,14.712,14.7117,14.7117,14.7121,14.7124,14.7124,14.712,14.7125,14.712,14.712,14.7119,14.7113,14.7107,14.7112,14.7108,14.7106,14.7097,14.7101,14.7091,14.7088,14.7085,14.7079,
Thu Apr 23 2020 09:41:53 GMT-0400 (Eastern Daylight Time)
14.7088,14.7086,14.7086,14.7086,14.7088,14.7086,14.7079,14.7079,14.7076,14.7079,14.7079,14.7079,14.7079,14.7082,14.7079,14.7079,14.7087,14.7087,14.7085,14.7085,14.7076,14.7079,14.7077,14.7067,14.707,14.7075,14.7079,14.7071,14.7068,14.7081,14.7086,14.7087,14.7081,14.7079,14.7075,14.7075,14.7082,14.7085,14.7092,14.7089,14.7084,14.7084,14.7084,14.709,14.7076,14.7076,14.7076,14.7076,14.708,14.7077,14.7074,14.708,14.708,14.7082,14.7076,14.7079,14.7084,14.7082,14.7093,14.708,
Thu Apr 23 2020 09:42:53 GMT-0400 (Eastern Daylight Time)
14.7078,14.7078,14.7078,14.7078,14.7078,14.7099,14.7099,14.7099,14.7095,14.7093,14.7088,14.709,14.7097,14.7093,14.7093,14.709,14.7079,14.7072,14.7072,14.7061,14.7061,14.7065,14.7068,14.7071,14.7067,14.7059,14.7073,14.7073,14.707,14.7073,14.7073,14.7073,14.7076,14.7086,14.7085,14.7085,14.7089,14.7089,14.7096,14.7096,14.7101,14.7101,14.7095,14.7092,14.7092,14.7092,14.709,14.709,14.7091,14.7091,14.7093,14.7093,14.7087,14.7087,14.7087,14.7095,14.7093,14.7093,14.7096,14.7096,
Thu Apr 23 2020 09:43:54 GMT-0400 (Eastern Daylight Time)
14.7118,14.7113,14.7113,14.7097,14.7084,14.7084,14.7084,14.7087,14.7089,14.7089,14.7096,14.7096,14.7097,14.71,14.7095,14.7092,14.7082,14.708,14.708,14.7083,14.7088,14.7085,14.7079,14.7075,14.707,14.7073,14.7075,14.7078,14.7068,14.7068,14.7068,14.7068,14.7064,14.7061,14.7061,14.7065,14.708,14.7083,14.7081,14.7078,14.7074,14.7077,14.7079,14.7074,14.7071,14.707,14.707,14.7067,14.7055,14.7053,14.7054,14.7054,14.7053,14.7053,14.7058,14.7064,14.7064,14.7064,14.7064,14.7061,
Thu Apr 23 2020 09:44:53 GMT-0400 (Eastern Daylight Time)
14.706,14.7066,14.7068,14.7062,14.7056,14.7058,14.7062,14.7058,14.7044,14.7039,14.7039,14.7043,14.7043,14.7043,14.704,14.7045,14.7041,14.7069,14.7069,14.7083,14.7097,14.7106,14.7108,14.711,14.7113,14.7107,14.7107,14.7103,14.7104,14.7096,14.7101,14.7101,14.7097,14.7094,14.7094,14.7097,14.7096,14.7101,14.7106,14.7108,14.711,14.7111,14.7116,14.7116,14.7116,14.7116,14.7115,14.7125,14.7131,14.7129,14.7137,14.7129,14.7136,14.7142,14.7144,14.7116,14.712,14.7115,14.7115,14.7113,
Thu Apr 23 2020 09:45:54 GMT-0400 (Eastern Daylight Time)
14.711,14.7113,14.7123,14.7123,14.7125,14.7125,14.7116,14.7122,14.7122,14.7119,14.7117,14.7124,14.7117,14.7112,14.711,14.7113,14.7106,14.7106,14.7116,14.7109,14.7101,14.7099,14.7095,14.7098,14.7098,14.7095,14.7099,14.7093,14.7089,14.7096,14.7096,14.7099,14.7093,14.7093,14.7093,14.7089,14.7089,14.7089,14.7089,14.7086,14.708,14.708,14.708,14.7087,14.7073,14.7076,14.7076,14.7073,14.7069,14.7077,14.7081,14.7083,14.7086,14.7088,14.7085,14.7085,14.7079,14.7076,14.708,14.7076,
Thu Apr 23 2020 09:46:53 GMT-0400 (Eastern Daylight Time)
14.7073,14.7076,14.7076,14.7074,14.7074,14.7077,14.708,14.708,14.709,14.709,14.7087,14.7084,14.7088,14.7088,14.7088,14.7088,14.7085,14.7073,14.7068,14.7073,14.7076,14.7073,14.7078,14.7083,14.7083,14.7094,14.7103,14.7098,14.7101,14.7101,14.7106,14.7102,14.7105,14.7096,14.7096,14.7096,14.7093,14.7097,14.7101,14.7084,14.7081,14.7084,14.7084,14.707,14.7073,14.7073,14.7073,14.7075,14.7075,14.7074,14.7077,14.7079,14.7081,14.7117,14.7125,14.7121,14.7124,14.7125,14.7128,14.7128,
Thu Apr 23 2020 09:47:53 GMT-0400 (Eastern Daylight Time)
14.7124,14.7123,14.7123,14.7123,14.7138,14.7139,14.7139,14.7139,14.7142,14.7143,14.7154,14.7154,14.7148,14.7145,14.7141,14.7144,14.7144,14.7146,14.7149,14.7149,14.7149,14.7157,14.716,14.716,14.7167,14.717,14.7166,14.7166,14.7161,14.7168,14.7164,14.7164,14.7162,14.7162,14.7162,14.716,14.7165,14.7168,14.7166,14.7161,14.7161,14.7168,14.7172,14.7176,14.7174,14.7178,14.7153,14.7153,14.715,14.7164,14.7159,14.7164,14.7174,14.7163,14.716,14.7157,14.7168,14.7163,14.7163,14.7172,
Thu Apr 23 2020 09:48:54 GMT-0400 (Eastern Daylight Time)
14.7179,14.7183,14.7183,14.7183,14.7183,14.7185,14.7185,14.7182,14.719,14.7196,14.7199,14.7199,14.7199,14.7195,14.7191,14.7201,14.7212,14.7215,14.7213,14.7213,14.7213,14.7213,14.7209,14.7209,14.7203,14.7204,14.7204,14.7209,14.7207,14.7217,14.7213,14.721,14.7206,14.7199,14.7196,14.7198,14.7206,14.7202,14.7202,14.7198,14.7198,14.7203,14.7201,14.7201,14.7201,14.7202,14.7205,14.7205,14.7205,14.7197,14.7194,14.7194,14.7184,14.7177,14.7177,14.7189,14.7189,14.718,14.718,14.7194,
Thu Apr 23 2020 09:49:53 GMT-0400 (Eastern Daylight Time)
14.7191,14.7181,14.7184,14.7184,14.7178,14.7146,14.7141,14.7141,14.7141,14.7133,14.7138,14.7139,14.7139,14.7149,14.7152,14.7154,14.7154,14.714,14.7143,14.714,14.7141,14.7137,14.7137,14.7137,14.7137,14.7146,14.7144,14.7141,14.7144,14.7138,14.714,14.714,14.7143,14.7143,14.7126,14.7126,14.713,14.7143,14.7143,14.7147,14.714,14.7134,14.7132,14.7116,14.7119,14.7128,14.7128,14.713,14.7135,14.7137,14.7133,14.7137,14.7132,14.7129,14.7111,14.7129,14.7126,14.7115,14.7106,14.7114,
Thu Apr 23 2020 09:50:53 GMT-0400 (Eastern Daylight Time)
14.7117,14.7117,14.7117,14.712,14.7128,14.7128,14.7129,14.713,14.7107,14.7101,14.7093,14.7093,14.7094,14.7093,14.7093,14.709,14.7084,14.7083,14.7071,14.7072,14.7072,14.7072,14.7064,14.7064,14.7064,14.7069,14.7069,14.7047,14.7054,14.705,14.7044,14.7041,14.7044,14.7052,14.7052,14.7052,14.7047,14.7038,14.7016,14.7013,14.7013,14.7013,14.7017,14.7008,14.7017,14.7024,14.702,14.7017,14.7017,14.7022,14.7016,14.7016,14.7011,14.7017,14.7014,14.7014,14.7011,14.7007,14.7003,14.7006,
Thu Apr 23 2020 09:51:53 GMT-0400 (Eastern Daylight Time)
14.7004,14.7008,14.7008,14.7009,14.7013,14.7013,14.7004,14.701,14.7005,14.6998,14.7006,14.701,14.7014,14.7001,14.7008,14.7026,14.7018,14.7015,14.7015,14.7019,14.7017,14.7022,14.7022,14.7019,14.7021,14.7044,14.7048,14.7044,14.7051,14.7047,14.7047,14.705,14.7048,14.7047,14.7045,14.7045,14.7042,14.7038,14.7035,14.7029,14.7026,14.703,14.7027,14.7019,14.7015,14.7005,14.701,14.7018,14.7027,14.7023,14.7021,14.7021,14.7024,14.7018,14.7018,14.7018,14.7032,14.7029,14.7021,14.7021,
Thu Apr 23 2020 09:52:53 GMT-0400 (Eastern Daylight Time)
14.703,14.703,14.7033,14.7033,14.7033,14.7036,14.7043,14.7034,14.7034,14.7036,14.702,14.7025,14.7025,14.7026,14.7034,14.7031,14.7032,14.7036,14.7029,14.7029,14.7049,14.7046,14.7041,14.705,14.7055,14.7043,14.7043,14.7041,14.7041,14.7041,14.7038,14.7038,14.7044,14.7052,14.7054,14.7057,14.706,14.7056,14.7059,14.7069,14.7071,14.7078,14.7073,14.7073,14.707,14.7072,14.7061,14.7059,14.7053,14.7044,14.7041,14.7036,14.704,14.7036,14.704,14.704,14.705,14.7051,14.7058,14.7058,
Thu Apr 23 2020 09:53:53 GMT-0400 (Eastern Daylight Time)
14.7063,14.7056,14.705,14.705,14.7052,14.7057,14.7061,14.7061,14.7068,14.7069,14.7064,14.7064,14.7064,14.7067,14.707,14.707,14.7062,14.706,14.7054,14.7042,14.7042,14.705,14.7056,14.7056,14.7051,14.7059,14.7067,14.7071,14.7071,14.707,14.7071,14.7074,14.7077,14.7075,14.7071,14.7071,14.7076,14.707,14.707,14.708,14.7075,14.7083,14.7097,14.7097,14.7093,14.708,14.7083,14.7081,14.7081,14.7076,14.7076,14.7079,14.7079,14.7087,14.7083,14.7083,14.7077,14.7046,14.7047,14.7047,
Thu Apr 23 2020 09:54:53 GMT-0400 (Eastern Daylight Time)
14.7047,14.705,14.705,14.705,14.7037,14.7037,14.7034,14.7028,14.7032,14.7035,14.7035,14.7035,14.7035,14.706,14.706,14.7057,14.7062,14.7052,14.7057,14.7057,14.7057,14.706,14.7056,14.706,14.7064,14.7079,14.7082,14.7079,14.7076,14.7075,14.7071,14.7066,14.7077,14.7071,14.7074,14.708,14.7078,14.708,14.7079,14.7077,14.7079,14.7082,14.7082,14.707,14.707,14.7065,14.7061,14.7061,14.7061,14.7061,14.7054,14.7054,14.7054,14.7045,14.7043,14.7039,14.7041,14.7045,14.7045,14.7043,
Thu Apr 23 2020 09:55:53 GMT-0400 (Eastern Daylight Time)
14.7046,14.7043,14.7043,14.7043,14.7041,14.7041,14.7037,14.7034,14.7034,14.7028,14.7026,14.7026,14.7026,14.7029,14.7029,14.7032,14.7035,14.7035,14.7033,14.7043,14.7039,14.7038,14.7032,14.7035,14.7031,14.7037,14.7044,14.7046,14.7046,14.7046,14.7049,14.7044,14.7047,14.7045,14.7041,14.7041,14.7048,14.7039,14.7018,14.7022,14.7025,14.7025,14.702,14.702,14.7015,14.7014,14.7014,14.7026,14.7026,14.7017,14.7017,14.7012,14.7012,14.7008,14.7002,14.7,14.7,14.701,14.7007,14.7007,
Thu Apr 23 2020 09:56:53 GMT-0400 (Eastern Daylight Time)
14.7007,14.7006,14.7002,14.7002,14.7003,14.7006,14.7006,14.7,14.7,14.6981,14.6981,14.6978,14.6988,14.6981,14.6983,14.6986,14.6986,14.698,14.6975,14.6975,14.6976,14.6981,14.6999,14.6999,14.6997,14.6989,14.6985,14.6985,14.6985,14.6978,14.6981,14.698,14.6982,14.6974,14.6971,14.6968,14.6968,14.697,14.697,14.6977,14.6981,14.6984,14.6987,14.6987,14.6984,14.6987,14.6987,14.699,14.6984,14.6978,14.6978,14.6974,14.6976,14.6976,14.6979,14.6972,14.6969,14.6974,14.6971,14.6971,
Thu Apr 23 2020 09:57:53 GMT-0400 (Eastern Daylight Time)
14.6969,14.6967,14.6965,14.6965,14.6957,14.6959,14.6962,14.6979,14.6979,14.6991,14.6991,14.6989,14.6989,14.6991,14.6982,14.6974,14.6963,14.6963,14.6963,14.6965,14.6956,14.6946,14.6958,14.6964,14.6959,14.696,14.6958,14.6958,14.6961,14.6943,14.6935,14.6932,14.6932,14.6922,14.6917,14.692,14.691,14.6908,14.6912,14.6926,14.6926,14.6932,14.6935,14.6939,14.6943,14.6951,14.6945,14.6941,14.6949,14.6939,14.6935,14.6943,14.6943,14.6943,14.6936,14.694,14.6938,14.6938,14.6942,14.6951,
Thu Apr 23 2020 09:58:53 GMT-0400 (Eastern Daylight Time)
14.6951,14.6959,14.6956,14.6956,14.6956,14.6952,14.6952,14.6942,14.6949,14.6949,14.6943,14.6947,14.6949,14.6939,14.6922,14.6919,14.6941,14.6937,14.6937,14.694,14.6936,14.6904,14.6904,14.69,14.6908,14.6908,14.6916,14.6921,14.6918,14.6918,14.6918,14.6918,14.6909,14.6909,14.6915,14.6925,14.6925,14.6923,14.6948,14.6942,14.6942,14.6946,14.6943,14.6952,14.696,14.6951,14.6948,14.6945,14.6938,14.6932,14.6978,14.6978,14.6972,14.6972,14.697,14.6976,14.6976,14.6976,14.6972,14.6979,
Thu Apr 23 2020 09:59:53 GMT-0400 (Eastern Daylight Time)
14.6972,14.6966,14.6966,14.6966,14.6971,14.6971,14.6971,14.6979,14.6974,14.697,14.6974,14.6974,14.6978,14.6972,14.6972,14.6972,14.6972,14.697,14.6965,14.6962,14.6966,14.6971,14.6968,14.6966,14.6963,14.6967,14.6967,14.6976,14.6976,14.6976,14.6971,14.6964,14.6968,14.6968,14.696,14.6962,14.6965,14.6961,14.6966,14.6971,14.6969,14.6973,14.698,14.6985,14.6985,14.6981,14.698,14.6974,14.6971,14.6971,14.6967,14.6966,14.6958,14.6958,14.6962,14.6958,14.6958,14.696,14.6962,14.6949,
Thu Apr 23 2020 10:00:54 GMT-0400 (Eastern Daylight Time)
14.6949,14.6946,14.6946,14.6946,14.6952,14.6952,14.6953,14.6956,14.6964,14.6964,14.6962,14.6962,14.6966,14.6966,14.6969,14.6993,14.6993,14.6993,14.7004,14.7004,14.7004,14.7004,14.6999,14.7004,14.7001,14.7001,14.7003,14.6995,14.6991,14.6991,14.6998,14.7004,14.7004,14.7004,14.7006,14.702,14.7027,14.7027,14.7053,14.7063,14.706,14.706,14.7064,14.7026,14.7029,14.7032,14.702,14.7023,14.7021,14.7026,14.7021,14.7021,14.7027,14.7018,14.701,14.7014,14.7011,14.7008,14.7009,14.7006,
Thu Apr 23 2020 10:01:54 GMT-0400 (Eastern Daylight Time)
14.7001,14.7004,14.7004,14.7004,14.7004,14.701,14.7007,14.7003,14.7006,14.7006,14.7004,14.7004,14.7004,14.701,14.701,14.7013,14.7013,14.7013,14.701,14.7018,14.7011,14.7015,14.7005,14.7005,14.7007,14.6996,14.6989,14.6993,14.6993,14.6993,14.6986,14.6993,14.6998,14.6995,14.6995,14.6991,14.6995,14.6995,14.7004,14.6992,14.6997,14.7,14.7004,14.701,14.7004,14.7008,14.7002,14.7006,14.7015,14.7009,14.7019,14.7023,14.702,14.702,14.7005,14.701,14.701,14.7016,14.7021,14.7016,
Thu Apr 23 2020 10:02:54 GMT-0400 (Eastern Daylight Time)
14.7019,14.7004,14.7004,14.7,14.7,14.7005,14.6997,14.6997,14.7,14.7,14.7,14.7,14.7,14.7014,14.7011,14.7011,14.7001,14.7001,14.7005,14.7013,14.7035,14.7033,14.7052,14.7054,14.7054,14.705,14.7043,14.7043,14.7048,14.7055,14.706,14.7062,14.7059,14.7059,14.7059,14.7054,14.705,14.7048,14.7043,14.7042,14.7045,14.7045,14.7036,14.7047,14.705,14.704,14.7042,14.7042,14.7055,14.7059,14.7062,14.7056,14.7056,14.7056,14.706,14.706,14.7063,14.7066,14.7075,14.7067,
Thu Apr 23 2020 10:03:53 GMT-0400 (Eastern Daylight Time)
14.7072,14.7068,14.7068,14.7068,14.7068,14.7065,14.7068,14.7068,14.7068,14.7065,14.7062,14.7066,14.7063,14.7069,14.7065,14.7065,14.7068,14.7068,14.7082,14.7089,14.7086,14.7097,14.7091,14.7088,14.7104,14.7109,14.7112,14.7112,14.7112,14.7112,14.7126,14.7123,14.7122,14.7122,14.7124,14.712,14.7122,14.7122,14.7141,14.7138,14.7138,14.7138,14.7142,14.7142,14.7145,14.7139,14.7131,14.7133,14.7133,14.7128,14.7111,14.7111,14.7107,14.7107,14.7114,14.7112,14.7114,14.7118,14.7105,14.7102,
Thu Apr 23 2020 10:04:53 GMT-0400 (Eastern Daylight Time)
14.71,14.7105,14.7108,14.7108,14.7098,14.7098,14.7117,14.7117,14.7118,14.7116,14.712,14.7123,14.7123,14.7123,14.7126,14.7123,14.7122,14.7115,14.7118,14.7109,14.7106,14.7116,14.712,14.7115,14.7115,14.7118,14.7115,14.7116,14.7114,14.7108,14.7112,14.7112,14.7112,14.7117,14.712,14.7116,14.7109,14.7085,14.7088,14.7085,14.7086,14.7091,14.7078,14.7075,14.7075,14.7078,14.7081,14.7077,14.7077,14.7074,14.7074,14.7074,14.7071,14.7073,14.7096,14.7098,14.71,14.71,14.7096,14.7094,
Thu Apr 23 2020 10:05:53 GMT-0400 (Eastern Daylight Time)
14.7083,14.7074,14.7074,14.7074,14.7067,14.706,14.7056,14.7056,14.7085,14.7078,14.7084,14.7082,14.7082,14.7086,14.7077,14.7069,14.7072,14.7079,14.7079,14.7076,14.7077,14.7083,14.7079,14.7079,14.7071,14.7073,14.7067,14.7072,14.7072,14.7072,14.707,14.7063,14.7068,14.7064,14.7067,14.7052,14.7048,14.706,14.7063,14.706,14.7061,14.7066,14.7069,14.7072,14.7072,14.7074,14.7069,14.7074,14.7071,14.7071,14.7072,14.7072,14.7062,14.7062,14.7059,14.7062,14.7067,14.706,14.7057,14.7063,
Thu Apr 23 2020 10:06:54 GMT-0400 (Eastern Daylight Time)
14.7068,14.7068,14.705,14.705,14.705,14.7054,14.7055,14.7055,14.7058,14.7058,14.7071,14.7071,14.7073,14.7073,14.7059,14.7069,14.7073,14.7068,14.7069,14.7069,14.7073,14.7063,14.7062,14.7043,14.7039,14.7033,14.7033,14.7039,14.7026,14.7026,14.703,14.7027,14.7027,14.7016,14.7017,14.7017,14.7025,14.7029,14.7029,14.7048,14.7053,14.7053,14.7053,14.7049,14.7049,14.7062,14.7065,14.7065,14.7068,14.7068,14.7064,14.7059,14.7033,14.7033,14.703,14.703,14.7022,14.7019,14.7025,14.7017,
Thu Apr 23 2020 10:07:53 GMT-0400 (Eastern Daylight Time)
14.7029,14.7019,14.7039,14.7045,14.7049,14.7051,14.7045,14.7038,14.7051,14.7051,14.7037,14.7032,14.7032,14.7025,14.7025,14.7025,14.7017,14.7014,14.7009,14.7009,14.7009,14.7006,14.701,14.701,14.7006,14.7013,14.7019,14.7025,14.7025,14.7025,14.7025,14.7018,14.7015,14.7013,14.7017,14.7015,14.7024,14.7021,14.7021,14.7026,14.7032,14.7037,14.7031,14.7029,14.7033,14.7033,14.703,14.703,14.703,14.7026,14.7037,14.7042,14.7039,14.7039,14.7039,14.7048,14.7046,14.7057,14.7039,14.7042,
Thu Apr 23 2020 10:08:53 GMT-0400 (Eastern Daylight Time)
14.7042,14.7052,14.7058,14.7061,14.7058,14.7061,14.7063,14.7063,14.7058,14.7061,14.7067,14.7067,14.7085,14.7078,14.7082,14.7077,14.7077,14.7077,14.708,14.7087,14.7107,14.7104,14.7104,14.71,14.7097,14.7097,14.709,14.709,14.709,14.7085,14.7101,14.7101,14.7101,14.7101,14.7104,14.7104,14.7104,14.7102,14.7098,14.7102,14.7102,14.7106,14.712,14.7117,14.7116,14.7116,14.7113,14.7103,14.7098,14.7098,14.7089,14.7098,14.7098,14.7105,14.7109,14.7116,14.7122,14.7122,14.7119,14.7132,
Thu Apr 23 2020 10:09:54 GMT-0400 (Eastern Daylight Time)
14.7129,14.7122,14.7122,14.7128,14.7136,14.7136,14.7135,14.7146,14.7151,14.7151,14.7145,14.7163,14.7163,14.7163,14.7159,14.7159,14.7155,14.7157,14.7162,14.7155,14.7145,14.7147,14.7144,14.7147,14.7142,14.7147,14.7147,14.7152,14.7154,14.7157,14.7159,14.7159,14.7152,14.7152,14.7156,14.7166,14.7166,14.7166,14.7161,14.7151,14.7151,14.7149,14.7154,14.7154,14.7154,14.7159,14.7169,14.7171,14.7171,14.7171,14.7168,14.7165,14.7194,14.7189,14.7189,14.7176,14.7178,14.7177,14.718,14.715,
Thu Apr 23 2020 10:10:54 GMT-0400 (Eastern Daylight Time)
14.715,14.715,14.7146,14.7146,14.7148,14.7146,14.7149,14.7145,14.7145,14.7145,14.7145,14.7143,14.7143,14.7143,14.7147,14.7144,14.7144,14.7144,14.7136,14.7136,14.7136,14.7128,14.7125,14.7142,14.7142,14.7149,14.7149,14.7137,14.7133,14.7108,14.7103,14.7099,14.7101,14.7098,14.71,14.71,14.7083,14.7071,14.7068,14.7075,14.7072,14.7074,14.7071,14.7078,14.7076,14.7065,14.7059,14.7067,14.7067,14.7058,14.706,14.7063,14.7065,14.7065,14.7061,14.707,14.7076,14.7081,14.7081,14.7098,
Thu Apr 23 2020 10:11:54 GMT-0400 (Eastern Daylight Time)
14.7098,14.7102,14.7105,14.7105,14.7095,14.7095,14.7095,14.7097,14.71,14.7115,14.7136,14.7141,14.715,14.7152,14.7149,14.7154,14.7157,14.7157,14.7145,14.7138,14.7138,14.7138,14.7133,14.7141,14.7144,14.7157,14.7154,14.7156,14.7149,14.7146,14.7149,14.7147,14.7123,14.712,14.7113,14.7113,14.7115,14.7111,14.7109,14.7109,14.7109,14.7104,14.7095,14.7102,14.7103,14.7099,14.7099,14.7107,14.7107,14.7115,14.712,14.712,14.712,14.7117,14.713,14.7134,14.7123,14.7123,14.7123,14.7127,
Thu Apr 23 2020 10:12:54 GMT-0400 (Eastern Daylight Time)
14.7127,14.7125,14.7119,14.7118,14.7118,14.7121,14.7118,14.7118,14.7121,14.7121,14.7121,14.7108,14.7097,14.7098,14.7101,14.7115,14.712,14.712,14.7111,14.7108,14.7111,14.7114,14.7117,14.7116,14.7118,14.711,14.7107,14.7113,14.7113,14.7114,14.7119,14.7119,14.7111,14.7118,14.7118,14.7122,14.7118,14.7115,14.7115,14.7119,14.7117,14.7117,14.712,14.7122,14.7119,14.7119,14.7119,14.7117,14.7117,14.7113,14.7113,14.7115,14.7104,14.7099,14.7098,14.7076,14.7076,14.7067,14.707,14.7067,
Thu Apr 23 2020 10:13:54 GMT-0400 (Eastern Daylight Time)
14.7072,14.7083,14.7079,14.7076,14.7078,14.7081,14.7081,14.7079,14.7059,14.7059,14.7059,14.7059,14.7059,14.7056,14.7046,14.704,14.704,14.704,14.7034,14.705,14.7052,14.7048,14.7045,14.7044,14.7041,14.7046,14.7049,14.7046,14.7049,14.7049,14.7043,14.7047,14.705,14.705,14.705,14.7052,14.706,14.7056,14.7061,14.7056,14.7049,14.7055,14.7065,14.7066,14.7066,14.7064,14.7064,14.7058,14.7064,14.7053,14.7056,14.7063,14.7066,14.7066,14.7068,14.7066,14.7077,14.7075,14.7077,14.7072,
Thu Apr 23 2020 10:14:53 GMT-0400 (Eastern Daylight Time)
14.7075,14.7075,14.7067,14.7054,14.7046,14.7054,14.7058,14.7059,14.7051,14.7051,14.7052,14.7046,14.7046,14.7035,14.7035,14.7016,14.7024,14.7024,14.7013,14.7009,14.7004,14.6999,14.6999,14.6991,14.6998,14.7004,14.7002,14.7006,14.7006,14.7003,14.6999,14.7006,14.6996,14.7001,14.7001,14.6999,14.6999,14.702,14.7009,14.7006,14.7006,14.7023,14.7031,14.7029,14.7029,14.7025,14.702,14.7023,14.7023,14.7017,14.7013,14.7011,14.7008,14.7005,14.6997,14.6997,14.7,14.7,14.6998,14.6999,
Thu Apr 23 2020 10:15:54 GMT-0400 (Eastern Daylight Time)
14.7004,14.7005,14.7005,14.6983,14.6983,14.6983,14.6983,14.6989,14.6992,14.6988,14.6991,14.6984,14.6978,14.6981,14.6985,14.6985,14.6983,14.6983,14.6979,14.6979,14.6996,14.6996,14.6996,14.6995,14.6999,14.7,14.7007,14.7009,14.7009,14.7009,14.7009,14.7009,14.7009,14.7013,14.6995,14.6997,14.6993,14.6993,14.6982,14.6973,14.6973,14.6977,14.6977,14.6977,14.6974,14.6975,14.6975,14.6974,14.6977,14.6979,14.6972,14.698,14.6971,14.6974,14.6974,14.6965,14.6961,14.6963,14.6963,14.696,
Thu Apr 23 2020 10:16:53 GMT-0400 (Eastern Daylight Time)
14.695,14.6939,14.6936,14.6936,14.6945,14.6948,14.6948,14.6954,14.6957,14.696,14.6957,14.6965,14.6965,14.6965,14.6967,14.6951,14.6956,14.6956,14.6956,14.6948,14.6947,14.6957,14.6957,14.6952,14.6952,14.6956,14.6956,14.6938,14.6935,14.693,14.6926,14.6923,14.692,14.6916,14.6919,14.6919,14.6916,14.6918,14.692,14.6925,14.6921,14.6921,14.6924,14.6923,14.6923,14.6929,14.6929,14.6936,14.6936,14.6924,14.692,14.6918,14.6916,14.6916,14.6909,14.6882,14.6885,14.6885,14.688,14.6876,
Thu Apr 23 2020 10:17:54 GMT-0400 (Eastern Daylight Time)
14.6873,14.6873,14.6879,14.6874,14.6862,14.6862,14.6862,14.6855,14.6855,14.685,14.6846,14.684,14.6843,14.6845,14.6849,14.6842,14.683,14.683,14.6837,14.6842,14.6845,14.6836,14.6834,14.684,14.6837,14.6835,14.684,14.6811,14.6801,14.6798,14.6805,14.6799,14.6799,14.6787,14.6794,14.6788,14.6785,14.6784,14.6784,14.6781,14.6791,14.6791,14.6794,14.6797,14.6794,14.6794,14.6794,14.6787,14.6781,14.6781,14.6807,14.6807,14.6807,14.6807,14.6807,14.6809,14.6806,14.6806,14.6812,14.6807,
Thu Apr 23 2020 10:18:54 GMT-0400 (Eastern Daylight Time)
14.6802,14.6811,14.6811,14.6811,14.6811,14.6811,14.6811,14.6804,14.6801,14.6785,14.679,14.6791,14.6791,14.6792,14.6792,14.679,14.679,14.6795,14.6799,14.6801,14.6801,14.6809,14.6809,14.6809,14.6809,14.6815,14.6818,14.6814,14.6821,14.6828,14.6828,14.682,14.684,14.684,14.6838,14.6841,14.6844,14.6844,14.6847,14.6854,14.6848,14.6847,14.6847,14.6843,14.6837,14.6853,14.6855,14.6845,14.6845,14.6858,14.6863,14.6871,14.6879,14.6879,14.6879,14.6876,14.6872,14.6866,14.6865,14.6874,
Thu Apr 23 2020 10:19:53 GMT-0400 (Eastern Daylight Time)
14.6874,14.6874,14.6874,14.6881,14.6882,14.6886,14.6886,14.6882,14.6879,14.6879,14.6881,14.6881,14.6877,14.6881,14.6898,14.6889,14.6892,14.6895,14.6895,14.6881,14.6876,14.6873,14.687,14.6861,14.6863,14.6874,14.6869,14.6869,14.6865,14.6861,14.6861,14.6866,14.6866,14.6878,14.687,14.6869,14.6869,14.6866,14.6859,14.6857,14.6859,14.6859,14.6859,14.6862,14.6862,14.6865,14.6865,14.6868,14.6871,14.6869,14.6866,14.6875,14.6872,14.6878,14.6878,14.6874,14.6883,14.6879,14.6873,14.686,
Thu Apr 23 2020 10:20:53 GMT-0400 (Eastern Daylight Time)
14.6857,14.6863,14.6857,14.6857,14.6855,14.6854,14.6854,14.6851,14.6851,14.6851,14.6859,14.6859,14.6861,14.6865,14.6866,14.6876,14.687,14.6859,14.6856,14.6856,14.6854,14.6876,14.6874,14.6872,14.6866,14.6869,14.6869,14.6867,14.6865,14.687,14.687,14.6867,14.6867,14.6869,14.6871,14.6877,14.6875,14.6878,14.6878,14.6878,14.6883,14.6889,14.6886,14.6886,14.6872,14.6866,14.6861,14.6861,14.6864,14.6867,14.6867,14.6873,14.6873,14.6876,14.6872,14.6872,14.6883,14.688,14.688,14.6883,
Thu Apr 23 2020 10:21:54 GMT-0400 (Eastern Daylight Time)
14.688,14.6883,14.6879,14.6885,14.6885,14.6885,14.6874,14.6874,14.6877,14.6882,14.6885,14.6888,14.6883,14.6883,14.6885,14.6885,14.6885,14.6886,14.6886,14.6883,14.6875,14.6875,14.6872,14.6865,14.6865,14.6867,14.6864,14.6864,14.6864,14.6859,14.6869,14.6869,14.6871,14.6875,14.6878,14.6873,14.6889,14.6886,14.6886,14.6892,14.6894,14.6893,14.6891,14.6894,14.6891,14.6891,14.6913,14.6913,14.6911,14.6921,14.6921,14.6925,14.6914,14.6917,14.6928,14.6916,14.6923,14.6922,14.6922,14.6924,
Thu Apr 23 2020 10:22:54 GMT-0400 (Eastern Daylight Time)
14.6924,14.6917,14.6921,14.6923,14.6931,14.6936,14.6932,14.6927,14.6933,14.6933,14.693,14.6932,14.6939,14.6937,14.6937,14.6948,14.6948,14.6953,14.6952,14.695,14.6956,14.6953,14.6953,14.6946,14.6942,14.6956,14.6953,14.6946,14.6946,14.6944,14.6941,14.6944,14.6944,14.6937,14.6952,14.6951,14.6954,14.6954,14.6954,14.695,14.6952,14.6952,14.6952,14.6949,14.6931,14.6934,14.693,14.693,14.693,14.6927,14.6932,14.6934,14.6934,14.6934,14.6931,14.6926,14.6941,14.6931,14.6928,14.693,
