Fri Apr 17 2020 13:12:57 GMT-0400 (Eastern Daylight Time)
15.2034,15.2032,15.2036,15.2013,15.2009,15.202,15.202,15.2031,15.2023,15.2019,15.2009,15.2003,15.2008,15.2008,15.2006,15.1986,15.199,15.1993,15.1988,15.1984,15.1979,15.1975,15.198,15.1973,15.1975,15.1966,15.196,15.1963,15.1963,15.1963,15.1971,15.1971,15.1971,15.1977,15.1984,15.1987,15.1991,15.1982,15.1993,15.1998,15.1992,15.1992,15.1987,15.1992,15.1994,15.2009,15.2009,15.2009,15.2015,15.2015,15.2015,15.202,15.2024,15.2023,15.2023,15.203,15.203,15.2022,15.2022,15.2022,
Fri Apr 17 2020 13:13:58 GMT-0400 (Eastern Daylight Time)
15.2022,15.2026,15.203,15.2045,15.2042,15.204,15.2063,15.2077,15.2074,15.2073,15.2071,15.2078,15.2078,15.2076,15.2063,15.2065,15.2059,15.2062,15.2066,15.2062,15.2065,15.2065,15.2074,15.2068,15.2071,15.2068,15.2068,15.2068,15.2061,15.2058,15.2059,15.2064,15.2065,15.2068,15.2073,15.2067,15.2067,15.2067,15.2067,15.2059,15.2059,15.2055,15.2055,15.2044,15.2048,15.2048,15.2058,15.2058,15.2052,15.2054,15.2054,15.2062,15.2076,15.2079,15.2079,15.208,15.2065,15.2062,15.2059,15.2066,
Fri Apr 17 2020 13:15:57 GMT-0400 (Eastern Daylight Time)
15.2061,15.211,15.2117,15.2119,15.2119,15.2119,15.2118,15.2118,15.2118,15.2118,15.2116,15.2105,15.2102,15.2102,15.2106,15.2106,15.2108,15.2095,15.2095,15.2095,15.2072,15.2072,15.2068,15.207,15.2073,15.2075,15.2078,15.2072,15.2064,15.207,15.2078,15.207,15.2067,15.2064,15.2067,15.2069,15.2063,15.2061,15.2064,15.2066,15.2063,15.2065,15.2058,15.2042,15.2044,15.2049,15.204,15.2051,15.2051,15.2048,15.2057,15.2086,15.2058,15.2049,15.2041,15.2041,15.2038,15.2041,15.2041,15.2044,
Fri Apr 17 2020 13:16:57 GMT-0400 (Eastern Daylight Time)
15.2044,15.2044,15.2044,15.2049,15.2047,15.2051,15.2055,15.2058,15.2064,15.2065,15.2088,15.2094,15.2097,15.2078,15.208,15.2085,15.2094,15.2084,15.2078,15.2081,15.2086,15.2084,15.2082,15.2087,15.2087,15.209,15.209,15.2083,15.2083,15.2088,15.2088,15.209,15.209,15.209,15.209,15.2092,15.2092,15.2095,15.2081,15.2081,15.2094,15.2094,15.2091,15.2091,15.2091,15.2093,15.209,15.2088,15.2092,15.2088,15.2094,15.2094,15.209,15.209,15.209,15.209,15.2093,15.2096,15.2104,15.2099,
Fri Apr 17 2020 13:17:56 GMT-0400 (Eastern Daylight Time)
15.2099,15.2099,15.2102,15.2109,15.2112,15.2132,15.2126,15.2131,15.2128,15.2121,15.2123,15.2137,15.2141,15.2143,15.2141,15.215,15.2146,15.2143,15.2143,15.2147,15.2137,15.2125,15.2125,15.2127,15.2122,15.2118,15.2107,15.2113,15.212,15.2115,15.2115,15.2106,15.2106,15.2106,15.2106,15.2112,15.2109,15.2109,15.2105,15.2098,15.2086,15.2083,15.2092,15.2095,15.2107,15.2107,15.211,15.2102,15.2102,15.2108,15.2101,15.2097,15.2097,15.2101,15.211,15.2116,15.2116,15.2116,15.2116,15.2112,
Fri Apr 17 2020 13:18:56 GMT-0400 (Eastern Daylight Time)
15.2104,15.2102,15.2099,15.2099,15.2099,15.2099,15.2099,15.2099,15.2099,15.2123,15.2125,15.2125,15.2126,15.213,15.212,15.2157,15.2154,15.2157,15.215,15.2145,15.2144,15.2144,15.2149,15.2151,15.2145,15.2127,15.2127,15.2131,15.2133,15.213,15.213,15.2134,15.2134,15.2134,15.2144,15.2153,15.215,15.2152,15.2148,15.2145,15.2132,15.2132,15.2138,15.2144,15.2132,15.2132,15.2134,15.2132,15.2129,15.2129,15.2129,15.2129,15.2125,15.2125,15.2136,15.2136,15.2133,15.2145,15.2141,15.2144,
Fri Apr 17 2020 13:19:56 GMT-0400 (Eastern Daylight Time)
15.2144,15.2139,15.2139,15.2142,15.2147,15.2139,15.2146,15.2143,15.2143,15.215,15.2139,15.2139,15.2141,15.2141,15.2141,15.2134,15.2136,15.2144,15.2144,15.2136,15.2136,15.2133,15.2145,15.2146,15.2146,15.2146,15.2158,15.2153,15.2153,15.2176,15.2173,15.217,15.2164,15.216,15.216,15.217,15.217,15.2173,15.2182,15.217,15.217,15.2165,15.2155,15.2165,15.217,15.2176,15.2188,15.2186,15.2181,15.2181,15.2209,15.2213,15.2216,15.2219,15.2219,15.2212,15.2216,15.2213,15.221,15.2215,
Fri Apr 17 2020 13:20:57 GMT-0400 (Eastern Daylight Time)
15.2215,15.2215,15.2215,15.2226,15.223,15.2245,15.2245,15.2248,15.2243,15.2232,15.2232,15.2239,15.2231,15.2231,15.2228,15.2231,15.2231,15.2227,15.2215,15.2218,15.2222,15.2226,15.2242,15.2258,15.2256,15.2252,15.2255,15.2258,15.2258,15.2258,15.224,15.2242,15.224,15.2243,15.224,15.2256,15.2256,15.2249,15.2252,15.2241,15.2239,15.2239,15.2239,15.2242,15.2242,15.2247,15.2242,15.2241,15.2238,15.2247,15.2247,15.2258,15.2262,15.2262,15.2256,15.2263,15.2251,15.2251,15.2251,15.2248,
Fri Apr 17 2020 13:21:56 GMT-0400 (Eastern Daylight Time)
15.2256,15.2259,15.2256,15.2259,15.2269,15.2263,15.2265,15.2254,15.226,15.2256,15.2246,15.2248,15.224,15.2238,15.2234,15.2228,15.2231,15.2228,15.2228,15.2218,15.2215,15.2209,15.2218,15.2217,15.2223,15.2221,15.2221,15.2248,15.2248,15.2271,15.2264,15.2248,15.2248,15.2248,15.2244,15.2247,15.2241,15.2241,15.2241,15.2238,15.2235,15.2229,15.2243,15.2235,15.2232,15.2232,15.2232,15.2235,15.2232,15.2235,15.2243,15.2243,15.2239,15.2237,15.2237,15.2247,15.2254,15.2246,15.2256,15.2257,
Fri Apr 17 2020 13:22:57 GMT-0400 (Eastern Daylight Time)
15.2261,15.2261,15.2264,15.2261,15.2261,15.2261,15.2256,15.226,15.2258,15.2258,15.2253,15.2244,15.2244,15.2244,15.2247,15.2236,15.2236,15.224,15.2242,15.2246,15.2246,15.2252,15.2257,15.2257,15.2254,15.2253,15.2253,15.2259,15.2255,15.2255,15.2258,15.2268,15.2265,15.226,15.226,15.226,15.2259,15.2251,15.2253,15.2254,15.2262,15.225,15.225,15.2242,15.2238,15.2238,15.2234,15.2234,15.2226,15.2229,15.2242,15.2251,15.2254,15.2258,15.2269,15.2266,15.2276,15.2274,15.2275,15.2275,
Fri Apr 17 2020 13:24:01 GMT-0400 (Eastern Daylight Time)
15.2269,15.2265,15.2265,15.227,15.2271,15.2258,15.2259,15.2267,15.2259,15.2257,15.2257,15.2276,15.2284,15.2287,15.2294,15.2294,15.2282,15.2277,15.2275,15.2275,15.2282,15.2282,15.2284,15.2284,15.2272,15.2266,15.2267,15.2267,15.2265,15.2254,15.2254,15.2257,15.2245,15.2255,15.2258,15.2255,15.2258,15.225,15.2244,15.2244,15.224,15.224,15.2238,15.2233,15.2217,15.2219,15.2219,15.2215,15.2218,15.2215,15.2215,15.2219,15.2219,15.2221,15.2224,15.2228,15.2228,15.2241,15.2247,15.2247,
Fri Apr 17 2020 13:25:56 GMT-0400 (Eastern Daylight Time)
15.2235,15.2279,15.2272,15.2272,15.2232,15.2269,15.2221,15.226,15.2257,15.2262,15.2262,15.2262,15.2265,15.2241,15.2248,15.2282,15.2259,15.2269,15.2279,15.2292,15.2301,15.2298,15.2298,15.2292,15.2309,15.2311,15.2311,15.2277,15.2307,15.2275,15.2311,15.2311,15.2316,15.2271,15.2268,15.2262,15.2318,15.2258,15.2266,15.2324,15.2272,15.2282,15.2324,15.2327,15.2327,15.2333,15.2308,15.2332,15.2332,15.2301,15.2332,15.2322,15.2323,15.2322,15.2319,15.2316,15.2331,15.2319,15.234,15.2337,
Fri Apr 17 2020 13:26:57 GMT-0400 (Eastern Daylight Time)
15.2341,15.2338,15.2347,15.2344,15.235,15.2345,15.2346,15.2349,15.2349,15.2352,15.2352,15.2359,15.2356,15.2361,15.2358,15.235,15.2354,15.2356,15.2349,15.2346,15.2346,15.2343,15.2343,15.2343,15.2343,15.2305,15.2304,15.2301,15.2301,15.2306,15.2328,15.2328,15.2335,15.2337,15.2337,15.2336,15.2332,15.2332,15.2335,15.233,15.2336,15.2339,15.2342,15.2342,15.2329,15.2326,15.2316,15.2316,15.2299,15.2293,15.2279,15.2285,15.2282,15.2282,15.2287,15.2293,15.2301,15.2298,15.2295,15.2298,
Fri Apr 17 2020 13:28:57 GMT-0400 (Eastern Daylight Time)
15.2294,15.2256,15.2249,15.2246,15.2255,15.2261,15.2261,15.2255,15.2255,15.2252,15.2252,15.2252,15.2255,15.2251,15.2234,15.2226,15.2229,15.2221,15.2216,15.223,15.2227,15.2222,15.2222,15.2227,15.2227,15.2222,15.2219,15.2219,15.2205,15.2203,15.2206,15.221,15.2219,15.2222,15.2227,15.2227,15.2211,15.2207,15.2207,15.2207,15.2212,15.2208,15.2206,15.221,15.2218,15.2215,15.2215,15.2214,15.2212,15.2212,15.2213,15.2222,15.2225,15.2225,15.2228,15.2225,15.2231,15.2228,15.2231,15.2223,
Fri Apr 17 2020 13:29:57 GMT-0400 (Eastern Daylight Time)
15.2229,15.2227,15.2223,15.2231,15.2233,15.2236,15.2228,15.2236,15.2238,15.2235,15.2241,15.2237,15.2236,15.224,15.224,15.2236,15.2238,15.2237,15.2241,15.2234,15.2213,15.2237,15.2241,15.2244,15.2235,15.2229,15.223,15.2238,15.2245,15.2245,15.2245,15.2258,15.2258,15.2258,15.2258,15.2256,15.2251,15.2234,15.2238,15.2241,15.2239,15.2244,15.2244,15.2246,15.2254,15.2257,15.2257,15.2257,15.2235,15.2237,15.2245,15.2256,15.226,15.2269,15.2258,15.2254,15.225,15.225,15.2245,15.2245,
Fri Apr 17 2020 13:30:56 GMT-0400 (Eastern Daylight Time)
15.2242,15.2245,15.2245,15.2248,15.2241,15.2243,15.224,15.224,15.224,15.2261,15.2264,15.2264,15.2257,15.2257,15.2254,15.2249,15.2262,15.2261,15.2265,15.227,15.2274,15.2271,15.2271,15.2271,15.2265,15.2265,15.2267,15.2271,15.2245,15.2235,15.2232,15.2232,15.2241,15.2241,15.2244,15.224,15.223,15.2226,15.2222,15.2216,15.2219,15.2219,15.2222,15.2226,15.2221,15.2235,15.2235,15.2241,15.2243,15.2232,15.2232,15.2235,15.2238,15.2217,15.2211,15.2207,15.2207,15.221,15.221,15.221,
Fri Apr 17 2020 13:31:57 GMT-0400 (Eastern Daylight Time)
15.2201,15.2195,15.2203,15.2203,15.2203,15.2199,15.2196,15.2197,15.2203,15.2202,15.2202,15.2202,15.2202,15.2202,15.2207,15.22,15.2177,15.2174,15.2169,15.2169,15.2179,15.2172,15.2172,15.2172,15.2174,15.2177,15.218,15.2166,15.217,15.2176,15.2183,15.2183,15.2187,15.2187,15.218,15.2184,15.2182,15.2182,15.218,15.2177,15.2177,15.2177,15.2176,15.2176,15.2176,15.218,15.2185,15.2179,15.219,15.2187,15.2183,15.2179,15.2177,15.2173,15.2176,15.2176,15.2168,15.2168,15.2174,15.2196,
Fri Apr 17 2020 13:32:57 GMT-0400 (Eastern Daylight Time)
15.2196,15.2189,15.2192,15.2201,15.2197,15.2197,15.2206,15.2229,15.2229,15.2229,15.2229,15.2229,15.222,15.222,15.2217,15.2217,15.221,15.2207,15.2213,15.2213,15.2214,15.2211,15.2208,15.2208,15.2214,15.2217,15.2221,15.2215,15.2215,15.2215,15.2215,15.2215,15.2215,15.2205,15.22,15.2203,15.2203,15.2203,15.2205,15.2205,15.2213,15.2211,15.2209,15.2212,15.2212,15.2207,15.2207,15.2207,15.2216,15.2219,15.2236,15.2236,15.2233,15.223,15.2227,15.223,15.2217,15.2213,15.2218,15.2218,
Fri Apr 17 2020 13:33:57 GMT-0400 (Eastern Daylight Time)
15.2218,15.2218,15.2218,15.2218,15.2221,15.2229,15.2233,15.2233,15.2238,15.2235,15.2233,15.2219,15.2223,15.2223,15.2223,15.2225,15.2228,15.2223,15.2223,15.2223,15.2211,15.221,15.221,15.22,15.2196,15.2196,15.2193,15.2193,15.2169,15.2166,15.2169,15.2162,15.2166,15.2184,15.2175,15.2169,15.2171,15.2169,15.2169,15.2173,15.2176,15.2181,15.2188,15.2198,15.2193,15.219,15.219,15.219,15.2184,15.2191,15.22,15.2205,15.2211,15.2212,15.2215,15.2219,15.2219,15.2218,15.2215,15.2215,
Fri Apr 17 2020 13:34:56 GMT-0400 (Eastern Daylight Time)
15.2217,15.2212,15.2207,15.2199,15.2204,15.2204,15.2217,15.2213,15.2198,15.2198,15.22,15.2202,15.2205,15.221,15.2214,15.2211,15.2222,15.2222,15.2216,15.2225,15.2225,15.2233,15.2261,15.2261,15.2255,15.2273,15.2267,15.2267,15.2271,15.2271,15.2276,15.2276,15.2272,15.2278,15.2286,15.2289,15.2286,15.2286,15.2286,15.2283,15.2282,15.2277,15.228,15.2282,15.2293,15.2288,15.2288,15.2288,15.2288,15.2285,15.2274,15.2271,15.2271,15.2265,15.2267,15.2272,15.2273,15.2271,15.2268,15.2268,
Fri Apr 17 2020 13:35:56 GMT-0400 (Eastern Daylight Time)
15.2271,15.2273,15.2276,15.2272,15.2276,15.2272,15.2267,15.2282,15.2282,15.2279,15.2279,15.2276,15.2276,15.2277,15.2279,15.2279,15.2289,15.2288,15.2294,15.2294,15.2296,15.2311,15.2309,15.2307,15.2312,15.2312,15.2308,15.2314,15.2303,15.2294,15.2291,15.2294,15.2294,15.2275,15.2277,15.2274,15.2277,15.2284,15.2289,15.228,15.2288,15.2306,15.2312,15.2312,15.2312,15.2313,15.2314,15.2314,15.2312,15.2319,15.2304,15.2304,15.2312,15.2292,15.2297,15.2297,15.2296,15.2294,15.2297,15.2276,
Fri Apr 17 2020 13:36:56 GMT-0400 (Eastern Daylight Time)
15.2269,15.2265,15.2259,15.2259,15.2257,15.2254,15.2254,15.2252,15.2244,15.2233,15.2233,15.2233,15.2238,15.2266,15.2269,15.2265,15.2265,15.2263,15.2272,15.2278,15.2273,15.2267,15.2267,15.227,15.2262,15.2269,15.2269,15.2271,15.2271,15.228,15.2278,15.2278,15.2278,15.2281,15.2282,15.228,15.2277,15.2284,15.2281,15.2276,15.2279,15.2281,15.2285,15.2281,15.2285,15.2286,15.2286,15.2286,15.2285,15.2292,15.23,15.2304,15.2297,15.2278,15.227,15.2275,15.2275,15.2267,15.2267,15.2267,
Fri Apr 17 2020 13:37:56 GMT-0400 (Eastern Daylight Time)
15.2267,15.2267,15.2267,15.2267,15.2267,15.2268,15.2267,15.2268,15.2283,15.2283,15.228,15.228,15.2271,15.2283,15.2298,15.2307,15.2307,15.2307,15.2307,15.2307,15.2307,15.2312,15.2305,15.2308,15.2308,15.231,15.2305,15.2306,15.2304,15.2304,15.2321,15.2325,15.2328,15.2331,15.2331,15.2326,15.2323,15.2327,15.232,15.2316,15.2312,15.2309,15.2294,15.2294,15.2304,15.2303,15.231,15.2313,15.232,15.2316,15.232,15.2323,15.2326,15.2315,15.2315,15.2318,15.2331,15.2331,15.2328,15.2328,
Fri Apr 17 2020 13:38:58 GMT-0400 (Eastern Daylight Time)
15.2334,15.2337,15.2331,15.2342,15.234,15.2349,15.2341,15.2348,15.2348,15.2328,15.2315,15.2315,15.2319,15.2329,15.2329,15.2329,15.2325,15.2327,15.2317,15.2316,15.2306,15.2309,15.2315,15.2323,15.2323,15.2314,15.2324,15.2331,15.2331,15.2314,15.2314,15.2314,15.2314,15.2314,15.2312,15.2312,15.2317,15.2319,15.2327,15.2335,15.233,15.2331,15.2327,15.2327,15.2333,15.2318,15.232,15.2326,15.2318,15.2316,15.2312,15.2318,15.2318,15.2317,15.2317,15.2317,15.2315,15.2311,15.2316,15.2309,
Fri Apr 17 2020 13:39:56 GMT-0400 (Eastern Daylight Time)
15.2314,15.2314,15.2314,15.231,15.2306,15.2304,15.23,15.2297,15.2297,15.2305,15.2309,15.2312,15.232,15.2355,15.2358,15.2345,15.2357,15.2362,15.2366,15.2362,15.2369,15.2369,15.2389,15.2389,15.2389,15.2391,15.2394,15.2394,15.2396,15.2393,15.2395,15.2398,15.24,15.2396,15.2398,15.2398,15.241,15.2421,15.2418,15.2418,15.2416,15.2419,15.2427,15.2421,15.2417,15.2419,15.2422,15.2419,15.2418,15.242,15.2426,15.2418,15.2421,15.2427,15.2427,15.2437,15.2447,15.2448,15.2454,15.2456,
Fri Apr 17 2020 13:40:56 GMT-0400 (Eastern Daylight Time)
15.2456,15.2449,15.2452,15.2448,15.2448,15.2438,15.2443,15.2446,15.2446,15.2437,15.2447,15.2447,15.2432,15.2445,15.2432,15.2432,15.243,15.2428,15.2429,15.2427,15.243,15.243,15.2422,15.242,15.2416,15.2414,15.2416,15.2418,15.2418,15.2426,15.2426,15.2433,15.2436,15.2433,15.2438,15.2446,15.2446,15.2442,15.2442,15.244,15.244,15.2434,15.2431,15.2431,15.2435,15.244,15.245,15.2446,15.2446,15.2452,15.2452,15.2447,15.2442,15.2437,15.2444,15.2428,15.2423,15.2425,15.2434,15.2439,
Fri Apr 17 2020 13:41:56 GMT-0400 (Eastern Daylight Time)
15.2442,15.2445,15.2447,15.2453,15.2453,15.2463,15.2463,15.2463,15.2463,15.2463,15.2459,15.2457,15.2457,15.2457,15.2457,15.2455,15.2455,15.2457,15.2454,15.2454,15.2455,15.2449,15.2449,15.2449,15.2462,15.2471,15.2471,15.2476,15.2474,15.2471,15.2479,15.2479,15.2487,15.2486,15.2486,15.2484,15.2479,15.2481,15.2478,15.2492,15.2492,15.251,15.2513,15.2516,15.2516,15.2521,15.2521,15.2521,15.2521,15.2534,15.2541,15.2541,15.2537,15.254,15.254,15.254,15.2537,15.2539,15.2542,15.2542,
Fri Apr 17 2020 13:42:56 GMT-0400 (Eastern Daylight Time)
15.2542,15.2539,15.2545,15.2545,15.2554,15.2557,15.256,15.2545,15.2545,15.2541,15.2557,15.2557,15.256,15.2582,15.2582,15.2577,15.2577,15.259,15.259,15.2593,15.2596,15.2594,15.2597,15.2603,15.2603,15.2592,15.2595,15.2599,15.2604,15.2594,15.2591,15.2582,15.2582,15.2571,15.2554,15.2548,15.2548,15.2548,15.2553,15.2549,15.2549,15.2544,15.2539,15.2535,15.2535,15.2538,15.2538,15.2543,15.2543,15.2538,15.2538,15.2537,15.2547,15.2541,15.2544,15.2544,15.2544,15.2546,15.2551,15.2547,
Fri Apr 17 2020 13:43:57 GMT-0400 (Eastern Daylight Time)
15.2547,15.2547,15.2547,15.2547,15.2554,15.2567,15.2567,15.2567,15.256,15.2572,15.2568,15.2575,15.2577,15.2582,15.2572,15.2581,15.2581,15.2581,15.2572,15.2582,15.2585,15.2585,15.2585,15.2588,15.2585,15.2589,15.2586,15.2581,15.2586,15.2586,15.2576,15.2576,15.2576,15.2579,15.2582,15.2577,15.2569,15.2569,15.2567,15.2561,15.2565,15.257,15.2567,15.2569,15.2566,15.2566,15.2574,15.2578,15.2576,15.2581,15.2583,15.2576,15.2576,15.2578,15.2573,15.2565,15.2568,15.2557,15.2554,15.2554,
Fri Apr 17 2020 13:44:56 GMT-0400 (Eastern Daylight Time)
15.2552,15.2557,15.2552,15.2552,15.2552,15.2525,15.2525,15.2525,15.2525,15.2525,15.2522,15.2558,15.258,15.258,15.2577,15.2579,15.2579,15.2575,15.2593,15.257,15.2576,15.2576,15.2584,15.2584,15.2575,15.258,15.2587,15.259,15.2603,15.2597,15.2593,15.2593,15.2601,15.2609,15.2616,15.2616,15.2616,15.2618,15.2616,15.2621,15.2621,15.2622,15.2625,15.2625,15.262,15.2622,15.2618,15.2616,15.2616,15.2613,15.2623,15.2617,15.2615,15.2615,15.2616,15.2616,15.2616,15.262,15.262,15.2618,
Fri Apr 17 2020 13:45:56 GMT-0400 (Eastern Daylight Time)
15.2618,15.2613,15.261,15.2624,15.2618,15.261,15.2605,15.2609,15.2612,15.2612,15.262,15.2614,15.2611,15.2605,15.2613,15.2616,15.2619,15.2625,15.2622,15.262,15.2614,15.262,15.261,15.26,15.2594,15.2602,15.2598,15.2598,15.2602,15.26,15.2595,15.2587,15.2587,15.2595,15.2595,15.2599,15.2599,15.2599,15.2597,15.2594,15.26,15.2605,15.2613,15.2613,15.2618,15.2624,15.2624,15.2624,15.2636,15.264,15.2637,15.2637,15.2636,15.2636,15.2636,15.2622,15.2622,15.2629,15.2627,15.2617,
Fri Apr 17 2020 13:46:56 GMT-0400 (Eastern Daylight Time)
15.2614,15.2611,15.2606,15.2613,15.2613,15.2605,15.2605,15.2605,15.2605,15.2605,15.2599,15.2596,15.2601,15.2604,15.2601,15.2606,15.2609,15.2612,15.262,15.2624,15.262,15.2621,15.2621,15.263,15.262,15.2611,15.2608,15.2611,15.2622,15.262,15.2612,15.26,15.2625,15.2625,15.262,15.2617,15.2617,15.2625,15.2633,15.2639,15.2637,15.2637,15.2651,15.2656,15.2653,15.2655,15.2667,15.2683,15.268,15.2677,15.2679,15.2682,15.2676,15.2673,15.267,15.267,15.267,15.2665,15.2651,15.2644,
Fri Apr 17 2020 13:47:56 GMT-0400 (Eastern Daylight Time)
15.2644,15.2644,15.2642,15.2642,15.2645,15.2645,15.2638,15.2638,15.2635,15.2638,15.2626,15.2644,15.2652,15.2655,15.2655,15.2658,15.2652,15.2652,15.2664,15.2664,15.2642,15.2648,15.2648,15.2648,15.2629,15.2626,15.2625,15.2624,15.2621,15.2621,15.2618,15.2619,15.2607,15.2607,15.261,15.261,15.261,15.2613,15.2608,15.2597,15.2593,15.2589,15.2592,15.2589,15.2579,15.2579,15.2585,15.2585,15.2584,15.259,15.259,15.2588,15.2591,15.259,15.2585,15.2583,15.2584,15.2584,15.2575,15.257,
Fri Apr 17 2020 13:48:57 GMT-0400 (Eastern Daylight Time)
15.257,15.2573,15.2573,15.2577,15.2574,15.2569,15.2564,15.2564,15.2561,15.2559,15.2561,15.2548,15.2553,15.2553,15.2553,15.2554,15.2556,15.2553,15.2556,15.2556,15.2545,15.2549,15.2547,15.255,15.2552,15.2545,15.2542,15.2558,15.2558,15.2556,15.2559,15.2559,15.2562,15.2566,15.257,15.257,15.2573,15.2573,15.2568,15.2575,15.2577,15.2569,15.2551,15.2534,15.2534,15.2529,15.2534,15.2541,15.2537,15.2537,15.2545,15.2545,15.2549,15.2555,15.2534,15.2503,15.2503,15.2514,15.25,15.25,
Fri Apr 17 2020 13:49:56 GMT-0400 (Eastern Daylight Time)
15.2503,15.2503,15.2508,15.2511,15.2511,15.2511,15.2518,15.2516,15.2518,15.2518,15.2521,15.2515,15.2515,15.2515,15.2516,15.2516,15.2526,15.2521,15.249,15.2497,15.2497,15.2499,15.2499,15.2498,15.2494,15.2494,15.2502,15.2502,15.2502,15.2505,15.2506,15.2502,15.2502,15.2504,15.2509,15.2506,15.2503,15.2503,15.2501,15.2499,15.2499,15.2494,15.2489,15.2499,15.2499,15.2494,15.2491,15.2477,15.2474,15.25,15.25,15.2491,15.2491,15.2488,15.2469,15.2473,15.2483,15.2485,15.2479,15.2496,
Fri Apr 17 2020 13:50:56 GMT-0400 (Eastern Daylight Time)
15.2496,15.2498,15.2497,15.25,15.2509,15.251,15.2504,15.2496,15.2496,15.2496,15.2502,15.2503,15.2501,15.2508,15.2504,15.2516,15.2519,15.2522,15.2522,15.2518,15.2518,15.2526,15.2546,15.2537,15.2537,15.2528,15.2537,15.2537,15.2537,15.2537,15.2532,15.2528,15.2533,15.2531,15.254,15.2524,15.2524,15.2535,15.2535,15.2548,15.2539,15.2539,15.2536,15.2519,15.2499,15.2499,15.2498,15.2498,15.2501,15.2499,15.2499,15.2499,15.2499,15.2499,15.2491,15.2491,15.2488,15.2485,15.2485,15.2479,
Fri Apr 17 2020 13:51:57 GMT-0400 (Eastern Daylight Time)
15.2485,15.2487,15.248,15.2488,15.2488,15.2493,15.2498,15.2498,15.2502,15.2502,15.2503,15.2503,15.2507,15.251,15.251,15.2514,15.2521,15.2525,15.2522,15.2524,15.2519,15.2515,15.2517,15.2522,15.2517,15.2517,15.2514,15.2519,15.2519,15.2519,15.2515,15.252,15.2518,15.2518,15.2536,15.2539,15.2539,15.2548,15.2546,15.2543,15.2549,15.2549,15.2557,15.2554,15.256,15.2556,15.2552,15.255,15.2557,15.2555,15.2555,15.2551,15.2551,15.2553,15.2545,15.2538,15.254,15.253,15.2535,15.2537,
Fri Apr 17 2020 13:52:57 GMT-0400 (Eastern Daylight Time)
15.2537,15.2539,15.2542,15.2533,15.2528,15.2524,15.2519,15.2519,15.2514,15.251,15.252,15.2516,15.2501,15.2498,15.2499,15.2493,15.2502,15.2502,15.25,15.2506,15.251,15.2513,15.2494,15.2494,15.2497,15.2504,15.2507,15.2508,15.2508,15.2515,15.2519,15.2523,15.2523,15.2518,15.2521,15.2525,15.2525,15.2529,15.2529,15.2524,15.2521,15.2521,15.2524,15.2527,15.2518,15.2518,15.2521,15.2521,15.2515,15.2518,15.2515,15.2515,15.2515,15.2517,15.2509,15.2506,15.25,15.25,15.25,15.2499,
Fri Apr 17 2020 13:53:56 GMT-0400 (Eastern Daylight Time)
15.2505,15.2505,15.251,15.251,15.251,15.2507,15.2484,15.249,15.2493,15.2496,15.2505,15.2505,15.2512,15.2515,15.2518,15.252,15.2522,15.2527,15.2532,15.2528,15.2528,15.2536,15.2539,15.2547,15.2562,15.2591,15.2593,15.2597,15.2591,15.2591,15.2591,15.2586,15.2592,15.2592,15.2602,15.2609,15.2611,15.2609,15.2609,15.2623,15.2623,15.2615,15.2595,15.2603,15.2603,15.2587,15.2582,15.2587,15.2583,15.258,15.2569,15.2572,15.2566,15.2563,15.2554,15.2567,15.2567,15.2567,15.2567,15.2566,
Fri Apr 17 2020 13:54:56 GMT-0400 (Eastern Daylight Time)
15.2564,15.257,15.2577,15.2582,15.2587,15.2587,15.2568,15.2577,15.2588,15.2591,15.2595,15.2592,15.2592,15.2587,15.2587,15.2591,15.2591,15.2586,15.2591,15.2591,15.2576,15.2581,15.2589,15.2589,15.2592,15.2592,15.2587,15.259,15.259,15.2585,15.257,15.2574,15.2564,15.2564,15.2564,15.2561,15.2556,15.2558,15.2558,15.2561,15.2561,15.2559,15.2566,15.2563,15.2566,15.2569,15.2583,15.2577,15.258,15.2595,15.2595,15.2598,15.2606,15.2607,15.2611,15.2614,15.2609,15.2609,15.2615,15.2613,
Fri Apr 17 2020 13:55:56 GMT-0400 (Eastern Daylight Time)
15.2613,15.2629,15.2628,15.2632,15.2624,15.2624,15.2616,15.2618,15.2618,15.2614,15.2615,15.2615,15.2618,15.2618,15.2605,15.2575,15.2571,15.2571,15.2577,15.2581,15.2559,15.2552,15.255,15.255,15.255,15.2547,15.2553,15.2553,15.255,15.2545,15.2545,15.2538,15.2537,15.2537,15.2536,15.2536,15.2523,15.2523,15.2522,15.2525,15.2517,15.2506,15.2511,15.2505,15.2508,15.2511,15.2499,15.2495,15.2492,15.2485,15.2485,15.2482,15.2484,15.248,15.2464,15.2464,15.247,15.2472,15.247,15.2453,
Fri Apr 17 2020 13:56:57 GMT-0400 (Eastern Daylight Time)
15.2453,15.2453,15.2447,15.245,15.245,15.2465,15.2469,15.2472,15.2468,15.2473,15.2467,15.2472,15.2472,15.2481,15.2482,15.2482,15.2484,15.2486,15.2482,15.2482,15.2486,15.2483,15.2483,15.2481,15.2481,15.2484,15.2484,15.2487,15.2484,15.2484,15.2469,15.2473,15.2469,15.2443,15.244,15.244,15.2443,15.2439,15.2432,15.2429,15.2429,15.2427,15.243,15.2426,15.2417,15.2425,15.2412,15.2412,15.2428,15.2428,15.2416,15.2421,15.2417,15.2417,15.241,15.241,15.241,15.241,15.2406,15.2406,
Fri Apr 17 2020 13:58:56 GMT-0400 (Eastern Daylight Time)
15.241,15.2351,15.235,15.2344,15.2351,15.2417,15.2417,15.2354,15.2354,15.2359,15.2359,15.2357,15.2357,15.2357,15.2357,15.2355,15.2358,15.2358,15.2355,15.2355,15.2355,15.2351,15.2351,15.2348,15.2343,15.2359,15.2359,15.2356,15.2368,15.2362,15.2362,15.2362,15.2362,15.2372,15.2379,15.2379,15.2376,15.2376,15.2373,15.237,15.2362,15.2362,15.2353,15.2369,15.2363,15.2363,15.2363,15.2372,15.2374,15.237,15.2371,15.2371,15.2367,15.2367,15.237,15.2366,15.2375,15.2375,15.2371,15.2368,
Fri Apr 17 2020 13:59:57 GMT-0400 (Eastern Daylight Time)
15.2361,15.2361,15.2356,15.236,15.236,15.2364,15.2364,15.2364,15.2364,15.236,15.236,15.2362,15.2363,15.2367,15.2363,15.236,15.2363,15.2375,15.2381,15.2384,15.2384,15.2384,15.2391,15.2391,15.2394,15.2386,15.2391,15.2391,15.2392,15.2387,15.2355,15.2351,15.2347,15.2347,15.2347,15.2347,15.2347,15.2325,15.2322,15.2322,15.2324,15.2324,15.231,15.2303,15.2303,15.2306,15.2303,15.2311,15.2311,15.2308,15.2313,15.2316,15.2316,15.2319,15.2321,15.2317,15.2314,15.2308,15.2305,15.2331,
Fri Apr 17 2020 14:00:56 GMT-0400 (Eastern Daylight Time)
15.2328,15.2328,15.2328,15.2324,15.232,15.233,15.2325,15.2313,15.2317,15.2317,15.2317,15.2314,15.2307,15.2304,15.2307,15.2315,15.2315,15.2315,15.2315,15.2308,15.2304,15.2304,15.2307,15.2302,15.2299,15.2318,15.2313,15.232,15.232,15.232,15.233,15.2328,15.2328,15.232,15.2317,15.2327,15.2322,15.2325,15.2331,15.2327,15.233,15.2325,15.2318,15.2315,15.2319,15.2314,15.2311,15.23,15.2286,15.229,15.2283,15.2283,15.2281,15.2274,15.2279,15.2287,15.2289,15.2289,15.2287,15.2287,
Fri Apr 17 2020 14:01:57 GMT-0400 (Eastern Daylight Time)
15.2302,15.2302,15.2286,15.2281,15.2284,15.2286,15.2283,15.228,15.2284,15.2284,15.2284,15.2284,15.2286,15.2286,15.2286,15.2283,15.2281,15.2279,15.2288,15.2293,15.2301,15.2293,15.2293,15.2286,15.2289,15.2278,15.2278,15.228,15.2294,15.2294,15.2303,15.2305,15.2302,15.23,15.2303,15.2297,15.231,15.2307,15.2304,15.2304,15.23,15.2305,15.2305,15.2308,15.2308,15.2304,15.2294,15.2291,15.2268,15.2268,15.2262,15.2265,15.2269,15.2271,15.2271,15.2273,15.2259,15.2259,15.2255,15.2253,
Fri Apr 17 2020 14:02:56 GMT-0400 (Eastern Daylight Time)
15.2253,15.2253,15.2241,15.2235,15.2241,15.2241,15.2243,15.2238,15.2232,15.2232,15.2232,15.2243,15.2248,15.2256,15.227,15.2276,15.2274,15.2277,15.228,15.228,15.228,15.2276,15.2265,15.2268,15.2268,15.2275,15.2282,15.2277,15.228,15.2283,15.2288,15.2278,15.2278,15.2278,15.2278,15.2284,15.2282,15.2285,15.2261,15.2256,15.2267,15.2267,15.2267,15.2264,15.2254,15.2254,15.2254,15.2273,15.2272,15.2272,15.2269,15.227,15.227,15.2274,15.2271,15.2281,15.2284,15.2288,15.2281,15.2278,
Fri Apr 17 2020 14:03:57 GMT-0400 (Eastern Daylight Time)
15.2284,15.2287,15.2285,15.2293,15.2294,15.2297,15.2295,15.2278,15.2278,15.2274,15.2271,15.2273,15.227,15.2266,15.2266,15.2258,15.2254,15.2251,15.2248,15.2235,15.2238,15.2235,15.2242,15.2242,15.2246,15.2246,15.2248,15.2246,15.2243,15.2238,15.2238,15.2257,15.2242,15.2242,15.2234,15.2238,15.2238,15.2235,15.2235,15.2227,15.2232,15.2232,15.2234,15.2253,15.2253,15.2258,15.2256,15.2259,15.2259,15.2259,15.2254,15.2249,15.2251,15.2256,15.2253,15.2258,15.2257,15.2258,15.2258,15.2266,
Fri Apr 17 2020 14:04:57 GMT-0400 (Eastern Daylight Time)
15.2272,15.2264,15.2262,15.2276,15.2276,15.2273,15.2273,15.2278,15.2275,15.2272,15.2272,15.2267,15.2265,15.2238,15.2238,15.2228,15.2228,15.2234,15.2234,15.2234,15.2239,15.2232,15.2232,15.2236,15.2236,15.2261,15.2254,15.2256,15.2253,15.2269,15.2266,15.2273,15.2273,15.227,15.227,15.2259,15.2255,15.2252,15.2252,15.2256,15.2246,15.2251,15.2251,15.2255,15.2271,15.2274,15.2278,15.2278,15.2281,15.2281,15.2281,15.2281,15.2278,15.2292,15.2281,15.2284,15.2276,15.2282,15.2292,15.2287,
Fri Apr 17 2020 14:05:56 GMT-0400 (Eastern Daylight Time)
15.2285,15.23,15.2303,15.2303,15.2309,15.2311,15.2314,15.2312,15.2324,15.2324,15.2324,15.2325,15.2322,15.2322,15.2325,15.2312,15.2308,15.2303,15.2305,15.2312,15.2312,15.2322,15.2322,15.2316,15.232,15.2313,15.2318,15.2315,15.2315,15.2315,15.231,15.2302,15.2297,15.2297,15.2306,15.2309,15.2309,15.2299,15.2302,15.2302,15.231,15.2311,15.2315,15.2305,15.2305,15.2308,15.2297,15.2289,15.2295,15.2295,15.229,15.2279,15.2279,15.2285,15.2289,15.2292,15.2272,15.2261,15.2264,15.2269,
Fri Apr 17 2020 14:06:57 GMT-0400 (Eastern Daylight Time)
15.2274,15.2274,15.2278,15.2275,15.2265,15.2262,15.2265,15.2271,15.2271,15.2268,15.2272,15.2264,15.2264,15.2264,15.2259,15.2259,15.2261,15.2263,15.2259,15.2262,15.2273,15.228,15.228,15.2294,15.2287,15.2292,15.2292,15.2292,15.2289,15.2289,15.2291,15.2296,15.2293,15.2301,15.2309,15.2307,15.2304,15.2306,15.2309,15.2305,15.2304,15.2304,15.2307,15.2307,15.231,15.2315,15.2315,15.2316,15.2314,15.2309,15.2309,15.2312,15.2308,15.2306,15.231,15.2313,15.23,15.2303,15.2319,15.2314,
Fri Apr 17 2020 14:07:57 GMT-0400 (Eastern Daylight Time)
15.2301,15.2301,15.2302,15.2288,15.229,15.2288,15.2285,15.2282,15.228,15.2278,15.2278,15.2276,15.2279,15.2281,15.2275,15.2283,15.2283,15.2287,15.2287,15.2289,15.2285,15.2285,15.2285,15.2282,15.2256,15.2268,15.2268,15.2274,15.2269,15.2269,15.226,15.227,15.227,15.2267,15.2267,15.2269,15.2269,15.2271,15.2274,15.2274,15.2249,15.2249,15.2251,15.2251,15.2254,15.2254,15.2254,15.2254,15.2254,15.2254,15.2254,15.224,15.224,15.2228,15.2228,15.2231,15.2232,15.2232,15.2226,15.2211,
Fri Apr 17 2020 14:08:56 GMT-0400 (Eastern Daylight Time)
15.2208,15.2205,15.2203,15.2214,15.2211,15.2194,15.2194,15.2192,15.2192,15.2198,15.2199,15.2197,15.22,15.2197,15.2198,15.2201,15.2187,15.2185,15.218,15.2173,15.2176,15.2176,15.2173,15.2178,15.2176,15.2186,15.2183,15.2186,15.2196,15.2196,15.2198,15.2204,15.2204,15.2216,15.2219,15.2223,15.2218,15.2215,15.2217,15.2215,15.2212,15.2215,15.2185,15.2186,15.2186,15.2159,15.2166,15.2169,15.2169,15.2175,15.2175,15.2179,15.2178,15.2169,15.2169,15.2172,15.2169,15.2172,15.2175,15.2172,
Fri Apr 17 2020 14:09:57 GMT-0400 (Eastern Daylight Time)
15.2168,15.2172,15.2174,15.2177,15.2175,15.2171,15.2173,15.2173,15.2177,15.2177,15.2179,15.2187,15.219,15.219,15.2186,15.2186,15.2178,15.2178,15.2176,15.2178,15.2176,15.2173,15.2173,15.2169,15.2169,15.2172,15.2168,15.2166,15.2163,15.2163,15.2163,15.2164,15.2168,15.2178,15.2181,15.2179,15.2174,15.2174,15.2176,15.2179,15.2198,15.2195,15.2195,15.2173,15.2158,15.2159,15.2159,15.216,15.2159,15.2151,15.2154,15.216,15.2163,15.217,15.2176,15.2178,15.2181,15.2177,15.2184,15.2186,
Fri Apr 17 2020 14:10:57 GMT-0400 (Eastern Daylight Time)
15.2186,15.2182,15.2182,15.2177,15.2179,15.2179,15.2179,15.2195,15.2195,15.2219,15.2222,15.2231,15.2223,15.2227,15.2221,15.2217,15.2212,15.2208,15.2205,15.2208,15.221,15.2207,15.2201,15.2201,15.2198,15.2207,15.2204,15.22,15.2203,15.2198,15.2198,15.2207,15.2199,15.2197,15.2197,15.2197,15.2194,15.2197,15.2197,15.2208,15.2199,15.2199,15.2197,15.2184,15.2186,15.219,15.2192,15.2196,15.2167,15.2164,15.217,15.2163,15.2168,15.218,15.2191,15.2191,15.2196,15.2198,15.2191,15.2191,
Fri Apr 17 2020 14:11:57 GMT-0400 (Eastern Daylight Time)
15.2179,15.2173,15.2164,15.2159,15.216,15.216,15.2156,15.2153,15.2151,15.2149,15.2149,15.2148,15.2151,15.2139,15.2153,15.2153,15.2139,15.2139,15.2136,15.2127,15.2122,15.2125,15.2125,15.2126,15.2123,15.212,15.212,15.212,15.213,15.2137,15.2135,15.2144,15.2141,15.2143,15.2143,15.2143,15.2144,15.2144,15.2143,15.2159,15.2159,15.216,15.2157,15.2161,15.2162,15.2169,15.2169,15.2176,15.218,15.218,15.2174,15.2167,15.216,15.2164,15.2166,15.2166,15.217,15.217,15.2166,15.2168,
Fri Apr 17 2020 14:12:57 GMT-0400 (Eastern Daylight Time)
15.2168,15.2168,15.2168,15.2168,15.2172,15.2172,15.217,15.2164,15.215,15.215,15.215,15.2153,15.2153,15.2156,15.2159,15.2159,15.2146,15.216,15.2157,15.216,15.2158,15.2155,15.2138,15.214,15.2146,15.2148,15.2148,15.2152,15.2156,15.2164,15.216,15.2158,15.2158,15.2169,15.2173,15.2176,15.2183,15.2183,15.2183,15.2186,15.2181,15.2181,15.2174,15.2172,15.2175,15.2178,15.2181,15.2192,15.2189,15.2186,15.2186,15.2189,15.2185,15.2185,15.2185,15.2192,15.216,15.2157,15.216,15.2164,
Fri Apr 17 2020 14:13:57 GMT-0400 (Eastern Daylight Time)
15.215,15.215,15.2153,15.2167,15.2172,15.2183,15.2183,15.2186,15.2178,15.2178,15.2184,15.2195,15.2197,15.2192,15.2188,15.2188,15.2192,15.2188,15.2185,15.2185,15.2177,15.218,15.2186,15.2186,15.2195,15.2192,15.2194,15.2192,15.2189,15.2203,15.2205,15.2211,15.2211,15.2194,15.219,15.2187,15.219,15.219,15.219,15.219,15.2193,15.2189,15.2188,15.2188,15.2185,15.2185,15.2217,15.2221,15.2222,15.2219,15.2216,15.2216,15.2217,15.2215,15.2209,15.2206,15.2208,15.2217,15.2217,15.2214,
Fri Apr 17 2020 14:14:56 GMT-0400 (Eastern Daylight Time)
15.221,15.221,15.221,15.2212,15.2217,15.2212,15.2219,15.2216,15.2222,15.2229,15.2221,15.2221,15.2217,15.221,15.2213,15.2208,15.2205,15.2195,15.2195,15.2191,15.2193,15.2193,15.2185,15.2178,15.2187,15.2193,15.219,15.219,15.22,15.2194,15.2193,15.2193,15.2184,15.2171,15.2168,15.2172,15.2176,15.218,15.2183,15.2183,15.2182,15.2185,15.2191,15.2191,15.2198,15.2189,15.2189,15.2189,15.2189,15.2189,15.2189,15.2182,15.2186,15.2179,15.2183,15.2175,15.2188,15.2185,15.2178,15.2178,
Fri Apr 17 2020 14:15:57 GMT-0400 (Eastern Daylight Time)
15.2182,15.2182,15.2182,15.2182,15.2182,15.2182,15.2181,15.2181,15.2182,15.2186,15.2181,15.2191,15.2187,15.2184,15.2193,15.2193,15.2193,15.2193,15.2193,15.2193,15.2206,15.2213,15.2217,15.2217,15.2225,15.2221,15.2225,15.2225,15.2226,15.2198,15.2198,15.2198,15.2198,15.2194,15.2194,15.2197,15.2192,15.2188,15.2186,15.2184,15.2187,15.219,15.219,15.2193,15.2191,15.2184,15.2184,15.2174,15.2172,15.2172,15.2174,15.2171,15.2164,15.2156,15.215,15.2153,15.2158,15.2157,15.2159,15.2162,
Fri Apr 17 2020 14:21:57 GMT-0400 (Eastern Daylight Time)
0.02401,168.03,0.02401,168.03,168.03,168.03,0,0.02401,2.5997,0.02402,2.5997,2.5997,2.5997,2.6,2.6,2.6002,2.6002,2.6002,2.6006,2.6006,0,0.02405,0.02405,0.02405,42.09,42.09,42.09,42.12,0,74.213,74.214,74.214,0.02406,74.213,74.214,74.211,74.208,74.207,74.207,74.205,74.204,74.203,74.203,74.203,74.2,74.201,74.2,74.2,74.205,74.203,74.204,74.205,74.204,74.204,74.206,74.186,74.186,74.188,74.188,74.19,
Fri Apr 17 2020 14:22:56 GMT-0400 (Eastern Daylight Time)
74.204,74.201,74.201,74.2,74.2,74.2,74.199,74.197,74.198,74.206,74.207,74.209,74.206,74.207,74.207,74.206,74.204,74.203,74.201,74.201,74.198,74.198,74.197,74.194,74.193,74.196,74.194,74.195,74.194,74.196,74.195,74.196,74.196,74.197,74.196,74.195,74.194,74.196,74.196,74.196,74.195,74.194,74.194,74.193,74.192,74.197,74.199,74.201,74.201,74.202,74.201,74.2,74.198,74.199,74.197,74.2,74.2,74.2,74.2,74.198,
Fri Apr 17 2020 14:23:56 GMT-0400 (Eastern Daylight Time)
74.198,74.199,74.199,74.197,74.197,74.192,74.191,74.189,74.188,74.192,74.192,74.193,74.196,74.193,74.192,74.191,74.192,74.191,74.191,74.193,74.193,74.195,74.193,74.192,74.188,74.186,74.185,74.189,74.189,74.188,74.188,74.197,74.196,74.192,74.192,74.192,74.197,74.194,74.193,74.195,74.195,74.189,74.187,74.188,74.187,74.188,74.188,74.188,74.188,74.187,74.184,74.186,74.184,74.183,74.184,74.185,74.184,74.181,74.182,74.182,
Fri Apr 17 2020 14:24:56 GMT-0400 (Eastern Daylight Time)
74.181,74.183,74.191,74.19,74.187,74.187,74.184,74.184,74.18,74.181,74.18,74.175,74.175,74.176,74.176,74.177,74.175,74.176,74.179,74.188,74.188,74.187,74.186,74.187,74.188,74.194,74.193,74.193,74.193,74.192,74.193,74.192,74.193,74.193,74.191,74.192,74.192,74.193,74.192,74.192,74.192,74.192,74.192,74.19,74.19,74.19,74.192,74.194,74.194,74.195,74.194,74.194,74.194,74.193,74.189,74.194,74.193,74.198,74.199,74.202,
Fri Apr 17 2020 14:25:57 GMT-0400 (Eastern Daylight Time)
74.202,74.202,74.202,74.199,74.199,74.197,74.197,74.2,74.197,74.198,74.195,74.196,74.196,74.198,74.199,74.2,74.201,74.201,74.201,74.198,74.198,74.198,74.197,74.196,74.198,74.195,74.195,74.195,74.195,74.186,74.186,74.197,74.197,74.189,74.19,74.189,74.189,74.192,74.196,74.196,74.194,74.194,74.195,74.195,74.195,74.191,74.192,0,15.2107,15.2103,15.2099,15.2099,15.2099,15.2094,15.2086,15.2088,15.2084,15.209,15.2094,15.2091,
Fri Apr 17 2020 14:26:56 GMT-0400 (Eastern Daylight Time)
0,0,1716.49,1716.49,1716.48,1716.5,1716.5,1716.51,1716.51,1716.51,1716.49,1716.49,1716.51,1716.51,0,0,0,26.857,26.857,26.857,26.858,0,15.2082,15.2082,15.2084,15.2084,15.2084,15.207,15.207,15.207,15.206,15.205,15.205,15.2055,15.2081,15.2081,15.2072,15.2076,15.2068,15.2068,15.2064,15.2074,15.2077,15.2077,15.2077,15.2074,15.2069,15.2072,15.2081,15.2085,15.2091,15.2082,15.2082,15.2071,15.2071,15.2071,15.2064,15.206,15.2051,15.2051,
Fri Apr 17 2020 14:27:56 GMT-0400 (Eastern Daylight Time)
15.2043,15.2043,15.2037,15.2037,15.2037,15.2034,15.2034,15.2033,15.2033,15.2033,15.2026,15.2026,15.2029,15.2024,15.2019,15.2019,15.2015,15.2017,15.2007,15.2002,15.2001,15.1993,15.1993,15.1986,15.1986,15.1989,15.1987,15.1984,15.1986,15.1988,15.1985,15.1996,15.1999,15.1999,15.2005,15.2,15.2,15.1989,15.1989,15.1988,15.1988,15.1986,15.199,15.1993,15.1997,15.1997,15.1997,15.1997,15.1997,15.2,15.2,15.2004,15.2002,15.2003,15.2007,15.2001,15.2001,15.2007,15.2007,15.2005,
Fri Apr 17 2020 14:28:56 GMT-0400 (Eastern Daylight Time)
15.2005,15.2005,15.2005,15.2,15.2002,15.1998,15.1997,15.1997,15.2,15.2006,15.2006,15.2007,15.2013,15.201,15.2004,15.2004,15.2004,15.2004,15.2002,15.2006,15.2006,15.2003,15.1998,15.2001,15.1996,15.1994,15.1996,15.1988,15.1988,15.1985,15.1985,15.199,15.199,15.1986,15.1986,15.1989,15.1987,15.1982,15.198,15.1973,15.1977,15.1972,15.1975,15.1977,15.1979,15.1979,15.1975,15.1958,15.1959,15.1957,15.1954,15.195,15.1946,15.1945,15.1948,15.1948,15.1953,15.1953,15.1954,15.1954,
