Wed Apr 15 2020 15:18:53 GMT-0400 (Eastern Daylight Time)
15.0712,15.0714,15.0732,15.0725,15.0727,15.073,15.073,15.073,15.073,15.0723,15.0723,15.0723,15.072,15.072,15.0717,15.0717,15.072,15.0722,15.0722,15.0722,15.0727,15.0732,15.0738,15.0736,15.0743,15.0745,15.0744,15.0746,15.0741,15.0736,15.0714,15.0717,15.0726,15.0712,15.0716,15.0719,15.0722,15.0695,15.0695,15.0693,15.0693,15.0693,15.0683,15.068,15.0674,15.0667,15.0668,15.0668,15.0676,15.0702,15.0701,15.0701,15.0708,15.0701,15.069,15.069,15.0695,15.0695,15.0704,15.0701,
Wed Apr 15 2020 15:19:53 GMT-0400 (Eastern Daylight Time)
15.0708,15.0705,15.0709,15.0719,15.0715,15.0729,15.0733,15.073,15.0725,15.0725,15.0728,15.0728,15.0717,15.0717,15.0714,15.0717,15.0717,15.0717,15.0717,15.0717,15.0714,15.0709,15.0711,15.0711,15.0709,15.0706,15.0723,15.0728,15.0718,15.0716,15.0716,15.0718,15.0727,15.0723,15.0719,15.0739,15.0731,15.0724,15.0724,15.0721,15.0725,15.0727,15.0739,15.0739,15.0734,15.0736,15.0729,15.0732,15.0741,15.0735,15.0731,15.0734,15.0731,15.0725,15.0722,15.0733,15.0735,15.0735,15.0738,15.0735,
Wed Apr 15 2020 15:20:53 GMT-0400 (Eastern Daylight Time)
15.0761,15.0763,15.0758,15.0755,15.075,15.075,15.075,15.075,15.075,15.075,15.075,15.0745,15.0741,15.0731,15.0731,15.0734,15.0738,15.0738,15.0738,15.0734,15.0758,15.0762,15.0762,15.0757,15.0755,15.0752,15.0756,15.076,15.0758,15.0751,15.075,15.075,15.0751,15.0754,15.0751,15.0751,15.0748,15.0746,15.0746,15.0741,15.0741,15.0738,15.0738,15.0738,15.0746,15.0756,15.0762,15.0757,15.0753,15.0756,15.0758,15.0765,15.0764,15.0757,15.0753,15.0739,15.0747,15.0747,15.0747,15.0742,
Wed Apr 15 2020 15:21:53 GMT-0400 (Eastern Daylight Time)
15.0742,15.0746,15.0743,15.0743,15.0732,15.0727,15.0718,15.0722,15.0725,15.0727,15.0732,15.0736,15.0736,15.0734,15.0734,15.0737,15.0731,15.0731,15.0734,15.0734,15.0732,15.0735,15.073,15.073,15.0722,15.0736,15.0736,15.0733,15.074,15.0739,15.0739,15.0736,15.0736,15.0736,15.0731,15.0721,15.0722,15.0719,15.0723,15.0725,15.0727,15.0727,15.0727,15.0727,15.0727,15.0742,15.0753,15.0753,15.0755,15.0755,15.0756,15.0754,15.0754,15.0746,15.075,15.075,15.0753,15.0753,15.0753,15.0753,
Wed Apr 15 2020 15:22:53 GMT-0400 (Eastern Daylight Time)
15.0756,15.0763,15.076,15.0756,15.0756,15.0756,15.0777,15.0777,15.0773,15.077,15.0767,15.0781,15.0769,15.0773,15.0776,15.0781,15.0783,15.0776,15.0771,15.0775,15.0782,15.0812,15.0837,15.0837,15.0835,15.0831,15.0834,15.0834,15.0853,15.0865,15.0865,15.0861,15.0858,15.0855,15.0851,15.0861,15.0853,15.0851,15.0854,15.086,15.0872,15.0869,15.0874,15.0874,15.0885,15.0885,15.0885,15.0881,15.087,15.0865,15.0874,15.0871,15.0868,15.0872,15.0877,15.0881,15.0873,15.0864,15.0864,15.086,
Wed Apr 15 2020 15:23:53 GMT-0400 (Eastern Daylight Time)
15.0857,15.0852,15.0852,15.0852,15.0852,15.0849,15.085,15.0873,15.0873,15.087,15.0864,15.0866,15.0863,15.0866,15.0866,15.0865,15.0863,15.0867,15.0875,15.0875,15.0877,15.0877,15.0898,15.0911,15.0913,15.0916,15.0916,15.0914,15.0916,15.0927,15.0925,15.0921,15.0914,15.0914,15.0914,15.0911,15.0915,15.0912,15.0907,15.0901,15.0896,15.0903,15.0908,15.0898,15.0895,15.0892,15.0892,15.0892,15.09,15.0904,15.0904,15.0901,15.0913,15.091,15.0902,15.0901,15.0892,15.0892,15.0882,15.089,
Wed Apr 15 2020 15:24:53 GMT-0400 (Eastern Daylight Time)
15.0911,15.0908,15.0908,15.0905,15.0908,15.0902,15.0902,15.0898,15.0902,15.0904,15.0904,15.0907,15.091,15.0906,15.09,15.089,15.0894,15.0889,15.0885,15.0889,15.0889,15.0894,15.0905,15.0902,15.0896,15.0893,15.0893,15.0904,15.0904,15.0904,15.0894,15.0894,15.0893,15.0888,15.0888,15.0891,15.0884,15.0872,15.0872,15.0872,15.0867,15.0874,15.0877,15.0877,15.0874,15.0865,15.0865,15.0868,15.0869,15.0866,15.0866,15.0863,15.0866,15.0873,15.0876,15.0873,15.0871,15.0874,15.0878,15.0882,
Wed Apr 15 2020 15:25:53 GMT-0400 (Eastern Daylight Time)
15.088,15.0883,15.0883,15.0887,15.0885,15.0883,15.0883,15.089,15.0889,15.0876,15.0874,15.0872,15.0857,15.0859,15.0864,15.0861,15.0872,15.0866,15.0876,15.0876,15.0881,15.0883,15.089,15.089,15.0888,15.0886,15.0888,15.0886,15.0895,15.0895,15.09,15.09,15.0902,15.091,15.0904,15.0904,15.0904,15.0899,15.0893,15.0893,15.09,15.09,15.0906,15.0919,15.0925,15.093,15.0923,15.0923,15.0903,15.0901,15.0901,15.0901,15.0896,15.0899,15.0899,15.0908,15.0913,15.0905,15.0905,15.0905,
Wed Apr 15 2020 15:26:53 GMT-0400 (Eastern Daylight Time)
15.0902,15.0902,15.0906,15.0906,15.0891,15.0888,15.0884,15.0884,15.089,15.0893,15.0889,15.0893,15.0886,15.0888,15.0888,15.0891,15.0906,15.0902,15.0908,15.0908,15.0897,15.0902,15.0896,15.0896,15.0893,15.0893,15.0898,15.0897,15.0901,15.0912,15.0912,15.0912,15.0899,15.0899,15.0923,15.0927,15.0963,15.0963,15.0951,15.0948,15.0951,15.0947,15.0947,15.0947,15.096,15.0965,15.0972,15.0972,15.0952,15.095,15.0946,15.095,15.0952,15.0953,15.0953,15.0953,15.0949,15.0944,15.0944,15.0934,
Wed Apr 15 2020 15:27:53 GMT-0400 (Eastern Daylight Time)
15.0944,15.095,15.095,15.095,15.0946,15.0949,15.0953,15.0939,15.0934,15.0925,15.0922,15.0927,15.0935,15.0935,15.0937,15.0937,15.0937,15.0943,15.0943,15.0937,15.0936,15.0939,15.0939,15.0939,15.0938,15.0924,15.0917,15.092,15.0918,15.0904,15.091,15.0912,15.0914,15.0914,15.0916,15.0925,15.0919,15.0916,15.0919,15.0919,15.0915,15.0919,15.0915,15.0921,15.0921,15.0921,15.0924,15.0919,15.0917,15.0917,15.0924,15.092,15.0917,15.0917,15.0919,15.0911,15.0895,15.089,15.0887,15.0887,
Wed Apr 15 2020 15:28:53 GMT-0400 (Eastern Daylight Time)
15.0893,15.0893,15.0887,15.0883,15.0878,15.0874,15.0874,15.0878,15.0878,15.0878,15.0874,15.0874,15.0875,15.0871,15.0885,15.0879,15.0874,15.0883,15.0881,15.0881,15.0883,15.088,15.0876,15.0867,15.087,15.087,15.0847,15.0835,15.0836,15.0838,15.0838,15.0838,15.0834,15.0834,15.084,15.0849,15.0847,15.0847,15.0842,15.0842,15.0837,15.0835,15.0837,15.0837,15.0825,15.0822,15.0801,15.0804,15.0803,15.0803,15.0803,15.08,15.0813,15.0817,15.0822,15.0822,15.0833,15.0833,15.0827,15.0827,
Wed Apr 15 2020 15:29:53 GMT-0400 (Eastern Daylight Time)
15.0825,15.0825,15.0829,15.0829,15.0823,15.0826,15.0831,15.0831,15.0824,15.0827,15.0821,15.0821,15.0816,15.0816,15.0816,15.0812,15.0809,15.0808,15.0805,15.081,15.0804,15.0798,15.0795,15.0787,15.0793,15.0783,15.079,15.0792,15.0783,15.0787,15.077,15.0767,15.0764,15.0761,15.0773,15.0786,15.0788,15.0783,15.0787,15.0789,15.0794,15.0797,15.0798,15.0798,15.0798,15.0789,15.0792,15.0794,15.08,15.08,15.079,15.0792,15.0789,15.0805,15.0779,15.0787,15.0791,15.0786,15.0789,15.0792,
Wed Apr 15 2020 15:30:53 GMT-0400 (Eastern Daylight Time)
15.0798,15.0798,15.0798,15.0798,15.0806,15.0809,15.0809,15.0812,15.0807,15.081,15.081,15.081,15.0813,15.082,15.0819,15.0822,15.0822,15.0828,15.0828,15.0825,15.0828,15.0829,15.0835,15.0817,15.0819,15.0821,15.0823,15.0823,15.0823,15.083,15.083,15.0826,15.0826,15.0839,15.0839,15.0834,15.0831,15.0837,15.0834,15.0834,15.0832,15.0835,15.0831,15.0831,15.0831,15.0838,15.0844,15.0844,15.0844,15.0848,15.0852,15.0852,15.086,15.0854,15.0852,15.0857,15.0857,15.0874,15.0871,15.0871,
Wed Apr 15 2020 15:31:53 GMT-0400 (Eastern Daylight Time)
15.0864,15.0864,15.0864,15.086,15.0862,15.0866,15.0869,15.0869,15.0869,15.0869,15.0864,15.0864,15.0864,15.0865,15.0861,15.0869,15.0867,15.0872,15.0888,15.0892,15.088,15.0888,15.0888,15.0888,15.0879,15.0875,15.0875,15.087,15.087,15.0863,15.0867,15.0864,15.0877,15.0867,15.087,15.087,15.0871,15.0871,15.0872,15.0872,15.0868,15.0863,15.0859,15.0862,15.0862,15.0866,15.0866,15.0866,15.0866,15.0855,15.0855,15.0858,15.0851,15.0831,15.0829,15.0827,15.081,15.0802,15.0802,15.0804,
Wed Apr 15 2020 15:32:53 GMT-0400 (Eastern Daylight Time)
15.0804,15.0801,15.0815,15.0818,15.0818,15.082,15.082,15.0812,15.0812,15.0814,15.0821,15.083,15.083,15.0839,15.0843,15.0845,15.0852,15.0858,15.0861,15.0861,15.0859,15.0861,15.0867,15.0867,15.0867,15.0853,15.086,15.086,15.086,15.086,15.0857,15.0861,15.0861,15.0859,15.0859,15.0859,15.0854,15.0847,15.0847,15.085,15.085,15.085,15.0853,15.0848,15.0848,15.0848,15.0846,15.0846,15.0836,15.0817,15.0817,15.0817,15.0806,15.0807,15.0813,15.0816,15.0809,15.0796,15.0798,15.0798,
Wed Apr 15 2020 15:33:53 GMT-0400 (Eastern Daylight Time)
15.0798,15.0807,15.0807,15.0811,15.0811,15.0813,15.0813,15.0816,15.0813,15.0811,15.0815,15.0822,15.0825,15.082,15.0815,15.0785,15.0785,15.0786,15.0786,15.0787,15.0787,15.0761,15.0772,15.0772,15.0773,15.0777,15.0773,15.0773,15.0776,15.0774,15.078,15.0783,15.079,15.0784,15.0784,15.0795,15.0773,15.077,15.077,15.077,15.0773,15.0774,15.0781,15.0781,15.0781,15.0781,15.0775,15.0773,15.0777,15.0772,15.0772,15.0772,15.0773,15.0773,15.0773,15.0773,15.0773,15.078,15.0771,15.0771,
Wed Apr 15 2020 15:34:53 GMT-0400 (Eastern Daylight Time)
15.0773,15.0768,15.0768,15.0764,15.077,15.0764,15.0757,15.0739,15.0737,15.0737,15.0737,15.0755,15.0755,15.0755,15.0755,15.0755,15.0755,15.0755,15.0755,15.0758,15.0755,15.0767,15.0768,15.0763,15.0762,15.0758,15.077,15.077,15.0773,15.0776,15.0783,15.0787,15.0787,15.0789,15.0785,15.0781,15.0779,15.0784,15.0782,15.0779,15.0783,15.0783,15.078,15.078,15.0771,15.0771,15.078,15.078,15.0795,15.0795,15.0795,15.0797,15.0806,15.0792,15.0792,15.0796,15.0791,15.0796,15.0802,15.0805,
Wed Apr 15 2020 15:35:53 GMT-0400 (Eastern Daylight Time)
15.0805,15.0807,15.0802,15.0799,15.0799,15.0802,15.0802,15.08,15.0781,15.0778,15.0778,15.0781,15.0781,15.0786,15.0793,15.0796,15.0802,15.0805,15.0805,15.0796,15.0796,15.0801,15.0798,15.0795,15.0796,15.08,15.0813,15.0815,15.0807,15.0803,15.0806,15.0803,15.0808,15.0812,15.0816,15.0813,15.0816,15.0812,15.0809,15.0812,15.0816,15.0812,15.0805,15.0795,15.0798,15.0795,15.0791,15.0803,15.0803,15.0795,15.0789,15.0789,15.08,15.0803,15.0805,15.0807,15.0807,15.0802,15.0805,15.0804,
Wed Apr 15 2020 15:36:53 GMT-0400 (Eastern Daylight Time)
15.0804,15.0815,15.0815,15.0823,15.0823,15.0829,15.0832,15.0834,15.083,15.082,15.0822,15.0822,15.0822,15.0825,15.0816,15.0813,15.0813,15.0807,15.0809,15.0805,15.08,15.0801,15.0801,15.081,15.0802,15.079,15.079,15.079,15.0792,15.0797,15.0804,15.0808,15.0808,15.0802,15.0802,15.0798,15.0795,15.0777,15.0779,15.0785,15.0791,15.0782,15.0789,15.0792,15.0792,15.08,15.0804,15.0812,15.0805,15.081,15.0812,15.0818,15.0818,15.0814,15.0807,15.0815,15.0818,15.0826,15.0828,15.0826,
Wed Apr 15 2020 15:37:53 GMT-0400 (Eastern Daylight Time)
15.0824,15.0812,15.0815,15.0815,15.0812,15.0812,15.0812,15.0809,15.0813,15.0805,15.0802,15.0806,15.0809,15.0815,15.0817,15.0817,15.0812,15.0818,15.0818,15.0822,15.0822,15.0821,15.0823,15.082,15.082,15.0817,15.0817,15.0826,15.0826,15.0829,15.0827,15.0827,15.0832,15.0819,15.0822,15.081,15.0814,15.0815,15.0816,15.0808,15.0807,15.08,15.0793,15.0797,15.0797,15.0796,15.0798,15.0793,15.0793,15.078,15.078,15.078,15.0783,15.0785,15.0795,15.0802,15.0802,15.0799,15.0803,15.0803,
Wed Apr 15 2020 15:38:53 GMT-0400 (Eastern Daylight Time)
15.0832,15.0832,15.084,15.0838,15.0831,15.0819,15.0812,15.0805,15.0813,15.0812,15.0812,15.0801,15.0801,15.0816,15.0816,15.0813,15.0808,15.0808,15.0808,15.0806,15.0813,15.0809,15.0815,15.0815,15.0815,15.0817,15.0817,15.0822,15.0825,15.0846,15.0849,15.0849,15.0844,15.0839,15.0839,15.0843,15.0845,15.0842,15.0852,15.0849,15.0846,15.0846,15.0846,15.0841,15.0843,15.0838,15.0842,15.0846,15.0851,15.0847,15.0855,15.0857,15.0853,15.0856,15.0862,15.0847,15.0847,15.0845,15.0835,15.0847,
Wed Apr 15 2020 15:39:53 GMT-0400 (Eastern Daylight Time)
15.0851,15.0851,15.0857,15.0864,15.0867,15.0874,15.088,15.0882,15.0879,15.0881,15.0893,15.0893,15.0891,15.0891,15.0891,15.0893,15.0893,15.0893,15.0893,15.0889,15.0889,15.0881,15.0881,15.089,15.0893,15.0905,15.0905,15.0912,15.0912,15.0908,15.0924,15.0918,15.093,15.0927,15.0932,15.0932,15.0936,15.0922,15.092,15.0909,15.0913,15.0911,15.0937,15.0937,15.0937,15.0941,15.0936,15.0936,15.0936,15.0934,15.0928,15.0928,15.093,15.0922,15.0917,15.0917,15.0912,15.0908,15.0915,15.0912,
Wed Apr 15 2020 15:40:53 GMT-0400 (Eastern Daylight Time)
15.0908,15.0904,15.0904,15.0904,15.0904,15.0904,15.0904,15.0904,15.0901,15.0901,15.0901,15.0897,15.0897,15.0893,15.0889,15.0907,15.0912,15.0908,15.0903,15.0907,15.09,15.09,15.0898,15.0871,15.0864,15.0858,15.0849,15.0849,15.0845,15.0834,15.0836,15.0835,15.0863,15.0872,15.0873,15.0886,15.0877,15.0883,15.087,15.0891,15.0886,15.0886,15.0882,15.088,15.0899,15.0894,15.0894,15.0897,15.0894,15.0879,15.0879,15.0867,15.0871,15.0873,15.0873,15.0873,15.0865,15.0862,15.0866,15.0874,
Wed Apr 15 2020 15:41:53 GMT-0400 (Eastern Daylight Time)
15.0874,15.0863,15.0861,15.0854,15.0856,15.0856,15.0852,15.0855,15.085,15.0859,15.085,15.085,15.0855,15.0849,15.0841,15.0837,15.0841,15.0845,15.0848,15.0845,15.0848,15.0845,15.0841,15.0834,15.0842,15.0839,15.0846,15.0846,15.0846,15.0836,15.0833,15.0828,15.0826,15.0833,15.0833,15.0833,15.0833,15.0826,15.0829,15.0829,15.0829,15.0829,15.0832,15.0832,15.083,15.0824,15.0831,15.0833,15.0841,15.0841,15.0845,15.0856,15.0855,15.0859,15.0859,15.0854,15.0863,15.0863,15.087,15.0864,
Wed Apr 15 2020 15:42:53 GMT-0400 (Eastern Daylight Time)
15.0864,15.0864,15.086,15.0858,15.0854,15.085,15.0842,15.084,15.0838,15.0834,15.082,15.0824,15.0824,15.0819,15.0812,15.0803,15.0809,15.0819,15.0828,15.0833,15.0845,15.0845,15.0848,15.0845,15.0845,15.0849,15.0843,15.0864,15.0864,15.0857,15.0858,15.0858,15.0858,15.0858,15.0857,15.0854,15.085,15.0853,15.0851,15.0847,15.084,15.0845,15.0852,15.0852,15.0831,15.0831,15.0831,15.0827,15.0829,15.0838,15.0826,15.083,15.083,15.083,15.0858,15.0858,15.0858,15.0862,15.0862,15.0866,
Wed Apr 15 2020 15:43:53 GMT-0400 (Eastern Daylight Time)
15.087,15.087,15.0863,15.087,15.0866,15.0873,15.0871,15.0871,15.0874,15.0874,15.0875,15.0875,15.0875,15.0867,15.0869,15.0869,15.0863,15.0859,15.085,15.0862,15.0881,15.0875,15.088,15.088,15.088,15.0891,15.0891,15.0895,15.0898,15.0908,15.0915,15.0915,15.0899,15.0894,15.0894,15.0894,15.0895,15.0898,15.0893,15.0897,15.0899,15.0903,15.0903,15.0904,15.0907,15.0907,15.0905,15.0901,15.0901,15.0909,15.0912,15.0914,15.091,15.0902,15.0907,15.0905,15.0908,15.0908,15.0913,15.092,
Wed Apr 15 2020 15:44:53 GMT-0400 (Eastern Daylight Time)
15.092,15.092,15.092,15.092,15.0909,15.0913,15.0929,15.0929,15.0926,15.0926,15.0927,15.093,15.093,15.0932,15.0922,15.0916,15.0919,15.092,15.0917,15.0917,15.0914,15.0917,15.0919,15.092,15.092,15.0923,15.0932,15.093,15.0933,15.093,15.0928,15.0923,15.092,15.0921,15.0922,15.0922,15.0924,15.0924,15.0922,15.0934,15.0937,15.0941,15.0931,15.0928,15.093,15.0935,15.0937,15.0933,15.0929,15.0925,15.0924,15.0924,15.0927,15.0923,15.092,15.092,15.092,15.0923,15.0919,15.0908,
Wed Apr 15 2020 15:45:53 GMT-0400 (Eastern Daylight Time)
15.0885,15.0887,15.088,15.0891,15.0896,15.0894,15.0908,15.0908,15.09,15.0902,15.0899,15.0897,15.0892,15.0892,15.0889,15.0889,15.0886,15.0884,15.0886,15.0889,15.0885,15.0857,15.086,15.0853,15.0853,15.0853,15.0862,15.0856,15.0856,15.0858,15.0851,15.0843,15.0843,15.0848,15.0858,15.0859,15.086,15.086,15.0863,15.0854,15.0849,15.0849,15.0851,15.0846,15.0852,15.0849,15.0837,15.0842,15.0846,15.0846,15.0836,15.0834,15.0828,15.0831,15.0829,15.0831,15.0824,15.0824,15.081,15.0799,
Wed Apr 15 2020 15:46:53 GMT-0400 (Eastern Daylight Time)
15.0799,15.0801,15.0801,15.0801,15.0797,15.0793,15.0791,15.0802,15.0799,15.0809,15.0804,15.0808,15.0804,15.0804,15.0805,15.0805,15.0816,15.0842,15.0832,15.0832,15.0826,15.0826,15.0828,15.0828,15.0823,15.0827,15.0821,15.0821,15.0801,15.0801,15.0796,15.0794,15.0794,15.0794,15.0797,15.0797,15.0793,15.0788,15.0787,15.0787,15.0794,15.0791,15.0789,15.0789,15.0784,15.0788,15.0791,15.0795,15.0795,15.0795,15.0795,15.0779,15.0776,15.0778,15.0791,15.0776,15.0779,15.0788,15.0785,15.0785,
Wed Apr 15 2020 15:47:53 GMT-0400 (Eastern Daylight Time)
15.0792,15.0792,15.0802,15.0799,15.0799,15.0803,15.0801,15.0808,15.0808,15.0808,15.0793,15.0791,15.077,15.077,15.0767,15.0772,15.0772,15.0775,15.078,15.0784,15.078,15.078,15.0776,15.078,15.0783,15.0791,15.0798,15.0808,15.0806,15.0799,15.0799,15.0807,15.082,15.082,15.0824,15.0826,15.083,15.0822,15.0827,15.0816,15.0821,15.0807,15.0813,15.0813,15.08,15.0791,15.0796,15.0794,15.0796,15.079,15.0788,15.0788,15.0791,15.0789,15.0779,15.0781,15.0777,15.0772,15.0767,15.0764,
Wed Apr 15 2020 15:48:53 GMT-0400 (Eastern Daylight Time)
15.0758,15.0761,15.0749,15.0747,15.0742,15.0753,15.0754,15.0745,15.0745,15.0743,15.0756,15.0753,15.0756,15.0747,15.075,15.0741,15.0737,15.0729,15.0728,15.0725,15.072,15.0714,15.0701,15.0696,15.0696,15.0693,15.0685,15.07,15.07,15.0696,15.0684,15.0686,15.0688,15.0679,15.0688,15.0686,15.069,15.069,15.0697,15.0697,15.0693,15.0693,15.0691,15.0688,15.0686,15.0693,15.0694,15.0689,15.0699,15.0699,15.0699,15.0705,15.0702,15.0704,15.0692,15.069,15.069,15.069,15.0676,15.068,
Wed Apr 15 2020 15:49:53 GMT-0400 (Eastern Daylight Time)
15.0673,15.0681,15.0688,15.0683,15.068,15.0683,15.0663,15.0653,15.0653,15.0653,15.0646,15.0655,15.0651,15.0642,15.0639,15.0636,15.0624,15.0614,15.0614,15.0626,15.0621,15.0617,15.0609,15.0609,15.0613,15.061,15.0623,15.0633,15.0633,15.0625,15.0616,15.0617,15.0617,15.0617,15.0614,15.0628,15.063,15.0627,15.0637,15.064,15.0634,15.0618,15.0621,15.0618,15.0618,15.0614,15.0612,15.0612,15.0597,15.0597,15.0599,15.0596,15.0592,15.0592,15.0576,15.0573,15.0581,15.0581,15.057,15.057,
Wed Apr 15 2020 15:50:53 GMT-0400 (Eastern Daylight Time)
15.0567,15.0567,15.0563,15.056,15.0556,15.0559,15.0563,15.0563,15.057,15.0566,15.0569,15.057,15.0567,15.0569,15.0565,15.0565,15.0565,15.057,15.0563,15.056,15.056,15.0563,15.0564,15.0568,15.0564,15.0564,15.0564,15.0564,15.0553,15.0553,15.0561,15.0571,15.0571,15.0564,15.0565,15.0563,15.056,15.056,15.0572,15.0574,15.0574,15.0574,15.0574,15.0564,15.0561,15.0564,15.0558,15.0555,15.0551,15.0551,15.0552,15.0552,15.0549,15.0558,15.0558,15.0567,15.0561,15.0567,15.0573,15.0568,
Wed Apr 15 2020 15:51:53 GMT-0400 (Eastern Daylight Time)
15.0572,15.0572,15.0578,15.058,15.0586,15.0592,15.0592,15.0595,15.0595,15.0595,15.0598,15.0595,15.0591,15.0597,15.0603,15.0599,15.0599,15.0603,15.0607,15.0607,15.0602,15.0604,15.0604,15.0611,15.0616,15.0621,15.0617,15.0614,15.0614,15.0621,15.0628,15.0626,15.0629,15.0626,15.064,15.0644,15.0644,15.0646,15.0649,15.0649,15.0649,15.0646,15.0644,15.0647,15.0647,15.0645,15.0645,15.0647,15.0647,15.0645,15.0643,15.0643,15.0646,15.065,15.0663,15.067,15.067,15.0661,15.0665,15.0667,
Wed Apr 15 2020 15:52:53 GMT-0400 (Eastern Daylight Time)
15.0663,15.0661,15.0656,15.0653,15.0657,15.0659,15.0659,15.0658,15.0658,15.0655,15.065,15.065,15.0648,15.0635,15.0626,15.0621,15.0621,15.062,15.0589,15.059,15.0582,15.0585,15.0582,15.0582,15.058,15.0584,15.0576,15.0581,15.0583,15.0583,15.0587,15.0584,15.0582,15.058,15.058,15.0576,15.0576,15.0578,15.0578,15.0582,15.058,15.0574,15.0574,15.0583,15.0585,15.0598,15.0604,15.0607,15.0617,15.0617,15.0617,15.0599,15.0599,15.0594,15.0598,15.0599,15.0602,15.0602,15.0604,15.0602,
