Mon Apr 13 2020 03:18:04 GMT-0400 (Eastern Daylight Time)
15.7211,15.7208,15.7208,15.7198,15.7195,15.7197,15.7197,15.7193,15.7188,15.7191,15.7194,15.7194,15.7191,15.7191,15.7185,15.7185,15.7182,15.7175,15.7183,15.718,15.7199,15.721,15.722,15.7217,15.7183,15.7181,15.7188,15.719,15.7204,15.7204,15.7206,15.7202,15.7197,15.72,15.7197,15.7198,15.7198,15.7195,15.7205,15.7202,15.7199,15.7216,15.7221,15.7221,15.7227,15.7226,15.7226,15.722,15.7212,15.7209,15.7201,15.7193,15.7184,15.7182,15.7192,15.7196,15.7198,15.7187,15.7186,15.7182,
Mon Apr 13 2020 03:19:05 GMT-0400 (Eastern Daylight Time)
15.7192,15.7192,15.7197,15.7197,15.7196,15.7199,15.7184,15.7184,15.7186,15.719,15.7184,15.7186,15.7183,15.7186,15.7185,15.7181,15.7174,15.7179,15.7179,15.7177,15.7174,15.717,15.7172,15.7175,15.7178,15.7178,15.7175,15.7174,15.7174,15.7174,15.7176,15.7176,15.7181,15.7179,15.7175,15.7172,15.717,15.717,15.7165,15.7162,15.7159,15.7159,15.715,15.7159,15.7156,15.7152,15.7141,15.7138,15.7133,15.7121,15.712,15.7126,15.7121,15.7121,15.7119,15.7122,15.7126,15.713,15.714,15.7142,
Mon Apr 13 2020 03:20:04 GMT-0400 (Eastern Daylight Time)
15.714,15.714,15.714,15.7144,15.715,15.715,15.7155,15.7155,15.7155,15.7152,15.7151,15.7147,15.7151,15.7151,15.7162,15.7162,15.7168,15.7163,15.7165,15.7169,15.7166,15.7163,15.7173,15.7173,15.7183,15.718,15.7157,15.7157,15.7141,15.7133,15.7127,15.7134,15.7134,15.713,15.7122,15.7122,15.7119,15.7103,15.7103,15.7117,15.7112,15.7105,15.7101,15.7106,15.7106,15.7109,15.7097,15.7106,15.7108,15.7111,15.7111,15.7108,15.7111,15.7108,15.7114,15.7115,15.712,15.7103,15.7103,15.7097,
Mon Apr 13 2020 03:21:05 GMT-0400 (Eastern Daylight Time)
15.7097,15.7097,15.7102,15.713,15.713,15.7133,15.7135,15.7125,15.7129,15.7113,15.7113,15.7104,15.7104,15.7098,15.7091,15.7088,15.7095,15.7091,15.7088,15.7084,15.7086,15.7086,15.7089,15.7086,15.7089,15.7092,15.7074,15.7071,15.7069,15.7067,15.707,15.7074,15.7079,15.7083,15.7079,15.7077,15.7082,15.7086,15.7086,15.7083,15.7089,15.7097,15.7097,15.7101,15.7096,15.7094,15.7088,15.7099,15.7099,15.7095,15.7095,15.7099,15.7102,15.7113,15.7113,15.7113,15.7117,15.7117,15.7122,15.7122,
Mon Apr 13 2020 03:22:04 GMT-0400 (Eastern Daylight Time)
15.7128,15.7131,15.7133,15.7133,15.7102,15.7099,15.7096,15.7101,15.7098,15.7099,15.7096,15.7091,15.708,15.7079,15.7079,15.7079,15.7079,15.7079,15.7079,15.7076,15.7076,15.7076,15.7076,15.7079,15.7081,15.7081,15.7073,15.707,15.7058,15.7064,15.7064,15.7076,15.7079,15.7077,15.7077,15.7081,15.7081,15.7079,15.7083,15.7083,15.7086,15.7086,15.7082,15.7066,15.7075,15.7082,15.7082,15.7064,15.7064,15.707,15.7076,15.7066,15.7062,15.7061,15.7061,15.706,15.7061,15.7061,15.7061,15.7055,
Mon Apr 13 2020 03:23:04 GMT-0400 (Eastern Daylight Time)
15.7049,15.7051,15.7051,15.7043,15.7034,15.703,15.7046,15.7043,15.7059,15.7059,15.705,15.705,15.705,15.705,15.7047,15.7044,15.7046,15.7046,15.7046,15.7049,15.7051,15.7051,15.7051,15.7057,15.7066,15.7074,15.707,15.707,15.7071,15.7068,15.7068,15.7068,15.7068,15.7065,15.7074,15.7072,15.7072,15.7077,15.7077,15.7076,15.7078,15.7078,15.7069,15.7059,15.7059,15.7063,15.7062,15.7058,15.7056,15.705,15.705,15.7045,15.7032,15.7032,15.7029,15.7019,15.7023,15.7026,15.7024,15.7024,
Mon Apr 13 2020 03:24:05 GMT-0400 (Eastern Daylight Time)
15.7028,15.7023,15.7026,15.7028,15.7028,15.7028,15.7023,15.7017,15.7014,15.7016,15.7013,15.701,15.701,15.7006,15.7034,15.7029,15.7026,15.7033,15.7037,15.703,15.703,15.7028,15.7019,15.7029,15.7025,15.7021,15.7028,15.7024,15.7027,15.7027,15.7027,15.7019,15.7017,15.7033,15.7033,15.7037,15.7037,15.7039,15.7034,15.7032,15.7028,15.7025,15.7026,15.7027,15.7023,15.7027,15.7025,15.7027,15.7022,15.7024,15.7027,15.7022,15.7,15.6996,15.6996,15.6992,15.6984,15.6986,15.6986,15.6986,
Mon Apr 13 2020 03:26:05 GMT-0400 (Eastern Daylight Time)
15.6984,15.6998,15.6983,15.698,15.7012,15.6973,15.6983,15.6983,15.6983,15.6988,15.6981,15.698,15.6987,15.6987,15.6987,15.6991,15.6991,15.6991,15.6982,15.6992,15.699,15.6995,15.6999,15.6989,15.6995,15.6995,15.7002,15.6998,15.7005,15.7005,15.7005,15.701,15.701,15.7008,15.7008,15.7008,15.6978,15.7004,15.7002,15.7011,15.7013,15.7009,15.7009,15.7012,15.701,15.6999,15.6999,15.7002,15.6997,15.6969,15.6969,15.6968,15.6964,15.6966,15.6969,15.6965,15.6967,15.6974,15.6974,15.6977,
Mon Apr 13 2020 03:27:05 GMT-0400 (Eastern Daylight Time)
15.6977,15.6975,15.6975,15.6974,15.6971,15.6974,15.6977,15.698,15.6975,15.6971,15.6971,15.6985,15.6985,15.6985,15.6985,15.6985,15.6989,15.6989,15.6989,15.6993,15.6984,15.6984,15.6984,15.6974,15.6986,15.6989,15.6994,15.6994,15.6997,15.6997,15.6999,15.7002,15.7005,15.7004,15.7006,15.6995,15.6992,15.7004,15.7001,15.7002,15.7002,15.6999,15.6999,15.7006,15.701,15.701,15.7007,15.6999,15.6999,15.6999,15.6999,15.7003,15.7015,15.703,15.703,15.7045,15.7042,15.7039,15.7048,15.7057,
Mon Apr 13 2020 03:28:05 GMT-0400 (Eastern Daylight Time)
15.7051,15.7051,15.7051,15.7047,15.7041,15.7044,15.7046,15.7041,15.7038,15.7037,15.7037,15.7041,15.7041,15.7034,15.7034,15.7036,15.7042,15.7042,15.7045,15.7039,15.7039,15.703,15.7028,15.703,15.7032,15.7035,15.7035,15.7034,15.7034,15.7042,15.7045,15.7051,15.7054,15.7054,15.7061,15.7059,15.706,15.7067,15.706,15.7067,15.7067,15.7072,15.707,15.707,15.7066,15.7066,15.707,15.7077,15.7077,15.7085,15.7085,15.7085,15.7094,15.7092,15.7089,15.7092,15.7114,15.7114,15.7117,15.7114,
Mon Apr 13 2020 03:29:04 GMT-0400 (Eastern Daylight Time)
15.711,15.7119,15.7127,15.713,15.713,15.713,15.7126,15.7137,15.714,15.714,15.7145,15.7141,15.7144,15.7144,15.7141,15.7147,15.7144,15.7143,15.7129,15.7129,15.7125,15.7125,15.7125,15.711,15.7109,15.7108,15.7105,15.7086,15.7077,15.7091,15.7091,15.7095,15.7102,15.7105,15.7104,15.7106,15.7103,15.711,15.7109,15.7106,15.7103,15.7122,15.7122,15.7136,15.7148,15.7157,15.7157,15.7147,15.7147,15.7151,15.7148,15.7145,15.7141,15.7137,15.7137,15.7132,15.7126,15.712,15.7117,15.712,
Mon Apr 13 2020 03:30:05 GMT-0400 (Eastern Daylight Time)
15.7127,15.7127,15.7124,15.7124,15.7133,15.7136,15.7134,15.7131,15.7115,15.712,15.712,15.7119,15.7119,15.7116,15.7134,15.7138,15.7135,15.7135,15.712,15.7117,15.7107,15.7107,15.7104,15.7115,15.7126,15.7126,15.7125,15.7125,15.7132,15.7124,15.712,15.712,15.7102,15.7102,15.7102,15.7089,15.7085,15.7088,15.7088,15.7083,15.7083,15.7086,15.7084,15.7084,15.7077,15.7077,15.7086,15.7083,15.7084,15.7071,15.7064,15.7059,15.7052,15.7053,15.7038,15.7038,15.7035,15.7035,15.7046,15.7046,
Mon Apr 13 2020 03:31:05 GMT-0400 (Eastern Daylight Time)
15.7057,15.7054,15.7055,15.7055,15.707,15.7047,15.7044,15.7044,15.7051,15.7051,15.7051,15.7056,15.7056,15.7056,15.7056,15.7056,15.7051,15.7061,15.7061,15.7061,15.7061,15.7058,15.7065,15.7065,15.7069,15.7069,15.7065,15.7071,15.7068,15.7065,15.7065,15.7062,15.7057,15.7057,15.7057,15.7042,15.7042,15.7042,15.7049,15.7049,15.7048,15.7048,15.7048,15.705,15.705,15.7047,15.7047,15.7047,15.7054,15.7057,15.7055,15.7051,15.706,15.7058,15.7056,15.7056,15.7059,15.7059,15.7055,15.7067,
Mon Apr 13 2020 03:32:05 GMT-0400 (Eastern Daylight Time)
15.7059,15.7059,15.7057,15.7057,15.7057,15.7057,15.7057,15.706,15.706,15.706,15.7063,15.7063,15.706,15.706,15.706,15.7067,15.7059,15.7059,15.7059,15.7053,15.7053,15.7053,15.7049,15.7055,15.7055,15.7055,15.705,15.7047,15.7042,15.7045,15.7045,15.7045,15.7048,15.7048,15.7048,15.7049,15.7046,15.7044,15.7044,15.7041,15.7053,15.705,15.7052,15.7052,15.7058,15.706,15.706,15.7058,15.7061,15.7061,15.7061,15.7065,15.7068,15.7068,15.7068,15.7065,15.7057,15.7059,15.7059,15.7059,
Mon Apr 13 2020 03:33:04 GMT-0400 (Eastern Daylight Time)
15.7055,15.7062,15.7046,15.7025,15.7019,15.7019,15.7019,15.7027,15.7027,15.7027,15.7023,15.7026,15.703,15.703,15.703,15.703,15.703,15.7027,15.7031,15.7031,15.7033,15.7043,15.7043,15.7045,15.7048,15.7051,15.7056,15.708,15.708,15.708,15.7073,15.7087,15.7087,15.7084,15.7087,15.7082,15.7086,15.7088,15.7082,15.7071,15.7094,15.7094,15.7097,15.709,15.7083,15.7083,15.7072,15.7063,15.7058,15.7048,15.7042,15.7042,15.7039,15.7043,15.7032,15.7035,15.7047,15.7067,15.7079,15.7074,
Mon Apr 13 2020 03:34:04 GMT-0400 (Eastern Daylight Time)
15.7078,15.7073,15.7073,15.7073,15.7076,15.7076,15.7069,15.7069,15.7078,15.7072,15.7077,15.7065,15.7065,15.7065,15.7061,15.7078,15.7063,15.7063,15.7068,15.707,15.7066,15.7061,15.7058,15.7061,15.7061,15.7052,15.7047,15.7047,15.7074,15.7074,15.7069,15.7063,15.7063,15.7068,15.7066,15.7062,15.7069,15.7067,15.7071,15.7067,15.7066,15.7056,15.7064,15.7064,15.7072,15.7061,15.7063,15.7056,15.7047,15.7047,15.7047,15.7055,15.7055,15.705,15.7041,15.7044,15.7047,15.7053,15.708,15.708,
Mon Apr 13 2020 03:35:05 GMT-0400 (Eastern Daylight Time)
15.7075,15.7075,15.7082,15.7082,15.7084,15.7089,15.7085,15.7084,15.7079,15.7079,15.7082,15.7086,15.7086,15.7086,15.7081,15.7063,15.7065,15.7063,15.7058,15.7062,15.705,15.7047,15.7045,15.7045,15.704,15.7058,15.7063,15.7067,15.707,15.707,15.7074,15.7085,15.7075,15.7073,15.7076,15.708,15.708,15.7077,15.7079,15.7081,15.7072,15.7065,15.706,15.7057,15.7067,15.707,15.7076,15.7083,15.7087,15.7087,15.7084,15.7089,15.7091,15.7099,15.7102,15.7097,15.7093,15.7089,15.7092,15.7092,
Mon Apr 13 2020 03:36:05 GMT-0400 (Eastern Daylight Time)
15.7086,15.7086,15.7071,15.7071,15.7061,15.7063,15.7063,15.7063,15.7065,15.7065,15.7067,15.7082,15.7079,15.7079,15.7079,15.7062,15.7055,15.7055,15.7055,15.7043,15.7052,15.7052,15.7069,15.7045,15.7041,15.7038,15.7035,15.7035,15.7032,15.7036,15.7033,15.7042,15.7035,15.7032,15.7032,15.7029,15.7027,15.7027,15.7015,15.7016,15.7016,15.7016,15.7021,15.7018,15.7013,15.7013,15.7011,15.7017,15.7017,15.7013,15.6999,15.6999,15.6999,15.6999,15.6996,15.6992,15.6992,15.6991,15.698,15.6977,
Mon Apr 13 2020 03:37:05 GMT-0400 (Eastern Daylight Time)
15.698,15.698,15.6995,15.6978,15.6984,15.6994,15.699,15.6993,15.6993,15.6991,15.6986,15.6986,15.699,15.6993,15.6988,15.6969,15.6961,15.6958,15.696,15.696,15.6952,15.6952,15.6952,15.6952,15.6956,15.6959,15.6957,15.6961,15.6955,15.6951,15.6951,15.6948,15.6944,15.6943,15.6961,15.6961,15.6964,15.6964,15.6969,15.6959,15.6959,15.6957,15.6957,15.6951,15.6951,15.6955,15.6957,15.6948,15.6945,15.6941,15.6933,15.6936,15.6932,15.6932,15.6946,15.6939,15.6943,15.6951,15.694,15.694,
Mon Apr 13 2020 03:38:05 GMT-0400 (Eastern Daylight Time)
15.694,15.6941,15.6939,15.6953,15.6967,15.6966,15.6975,15.6975,15.6974,15.6974,15.6977,15.698,15.698,15.6975,15.6975,15.6974,15.6974,15.6971,15.6971,15.6971,15.6963,15.6975,15.6974,15.6971,15.6981,15.6973,15.6971,15.6971,15.697,15.6966,15.6966,15.6964,15.6969,15.6942,15.6954,15.6952,15.6948,15.6951,15.6945,15.6941,15.6946,15.6949,15.696,15.696,15.696,15.6953,15.6961,15.6965,15.696,15.696,15.6964,15.6968,15.6971,15.6978,15.6984,15.6984,15.6982,15.6982,15.6983,15.698,
Mon Apr 13 2020 03:39:04 GMT-0400 (Eastern Daylight Time)
15.6976,15.6973,15.6978,15.6984,15.6996,15.6993,15.7,15.7003,15.7003,15.7007,15.7011,15.7008,15.7018,15.7014,15.7011,15.7011,15.6998,15.6998,15.7006,15.7018,15.7024,15.7017,15.7007,15.7007,15.7,15.7005,15.7003,15.7003,15.6988,15.6988,15.6987,15.6981,15.6981,15.6981,15.6975,15.6976,15.6978,15.6996,15.7,15.7,15.7014,15.7018,15.7015,15.7019,15.7015,15.7029,15.7029,15.7041,15.7041,15.7031,15.7033,15.7042,15.7036,15.7036,15.7039,15.703,15.704,15.7033,15.7033,15.7033,
Mon Apr 13 2020 03:40:05 GMT-0400 (Eastern Daylight Time)
15.7029,15.7025,15.7033,15.7033,15.7039,15.7039,15.7036,15.7033,15.7039,15.7034,15.7034,15.7055,15.7058,15.7066,15.7069,15.7069,15.7072,15.7062,15.7056,15.7056,15.7059,15.7053,15.7048,15.7044,15.7044,15.7035,15.7035,15.7054,15.7054,15.7056,15.7059,15.7049,15.7055,15.7055,15.7058,15.7058,15.7058,15.7056,15.7058,15.7058,15.7058,15.7059,15.7056,15.7061,15.7071,15.7085,15.7077,15.7071,15.7078,15.7081,15.708,15.7077,15.7074,15.7071,15.7074,15.7077,15.7092,15.7095,15.7095,15.7093,
Mon Apr 13 2020 03:41:04 GMT-0400 (Eastern Daylight Time)
15.7096,15.7095,15.7099,15.7101,15.7101,15.7093,15.7093,15.7096,15.7088,15.7088,15.7093,15.709,15.7087,15.7087,15.709,15.709,15.7089,15.7075,15.7072,15.7078,15.7072,15.7072,15.7072,15.7069,15.7069,15.7076,15.7073,15.7073,15.7072,15.7075,15.7075,15.7075,15.7073,15.7067,15.7067,15.7067,15.7063,15.7048,15.7051,15.7056,15.7053,15.7041,15.7041,15.7038,15.7042,15.703,15.703,15.7027,15.7021,15.7019,15.7019,15.7019,15.7031,15.7037,15.7037,15.7031,15.7034,15.7012,15.7015,15.7012,
Mon Apr 13 2020 03:42:04 GMT-0400 (Eastern Daylight Time)
15.7019,15.7019,15.7033,15.7038,15.7035,15.7015,15.7015,15.7015,15.701,15.7,15.7014,15.7014,15.7019,15.703,15.7027,15.7027,15.7026,15.7011,15.7032,15.7032,15.7026,15.7023,15.702,15.702,15.702,15.7019,15.7016,15.7014,15.7018,15.7016,15.7011,15.7011,15.7011,15.7008,15.7012,15.7008,15.7005,15.7011,15.7014,15.7001,15.7001,15.7001,15.7001,15.7001,15.6998,15.7001,15.6995,15.6995,15.6998,15.6993,15.699,15.699,15.699,15.6994,15.6992,15.6993,15.6993,15.6999,15.7013,15.7013,
Mon Apr 13 2020 03:43:04 GMT-0400 (Eastern Daylight Time)
15.7019,15.7019,15.7031,15.7031,15.7031,15.7027,15.703,15.7036,15.7041,15.7045,15.7048,15.7053,15.7053,15.7057,15.7062,15.7065,15.7092,15.7089,15.7102,15.7102,15.7102,15.7101,15.7105,15.7103,15.7098,15.7101,15.7101,15.7099,15.7099,15.7103,15.7098,15.7101,15.7098,15.7092,15.7094,15.7086,15.7095,15.7119,15.7116,15.7116,15.7116,15.7115,15.7113,15.7113,15.7119,15.7128,15.7135,15.7138,15.7138,15.7137,15.714,15.7139,15.7142,15.714,15.7138,15.713,15.713,15.7123,15.7112,15.7112,
Mon Apr 13 2020 03:44:05 GMT-0400 (Eastern Daylight Time)
15.7118,15.7118,15.7118,15.7139,15.7136,15.7136,15.7116,15.7116,15.7116,15.7119,15.7115,15.7134,15.7134,15.7131,15.7131,15.7121,15.71,15.7115,15.7115,15.7115,15.7112,15.7103,15.7115,15.7116,15.7121,15.7126,15.7129,15.7124,15.7116,15.7123,15.7123,15.7098,15.7098,15.7103,15.711,15.7107,15.7104,15.7104,15.7107,15.7099,15.7099,15.7111,15.7098,15.7098,15.7072,15.706,15.7044,15.7042,15.7041,15.7044,15.705,15.7048,15.7045,15.7045,15.7045,15.7058,15.7061,15.7057,15.7045,15.7045,
Mon Apr 13 2020 03:45:05 GMT-0400 (Eastern Daylight Time)
15.7041,15.7036,15.7036,15.7036,15.7016,15.702,15.7027,15.7027,15.704,15.704,15.7044,15.7055,15.7055,15.7038,15.7038,15.7051,15.7056,15.7056,15.7051,15.7054,15.7051,15.7065,15.7065,15.7052,15.7061,15.7061,15.7061,15.7055,15.7055,15.7055,15.7064,15.7067,15.7068,15.7053,15.7053,15.7039,15.7031,15.7033,15.7035,15.7042,15.7042,15.7032,15.7029,15.7031,15.7031,15.7032,15.7032,15.7027,15.7024,15.7015,15.701,15.701,15.6994,15.6991,15.6991,15.6985,15.6987,15.6987,15.6983,15.6986,
Mon Apr 13 2020 03:47:05 GMT-0400 (Eastern Daylight Time)
15.6988,15.7112,15.7111,15.7108,15.7106,15.7101,15.7106,15.7104,15.7104,15.7093,15.7091,15.7089,15.7082,15.7082,15.7085,15.7088,15.7092,15.7087,15.7097,15.71,15.7105,15.7097,15.7097,15.7097,15.7101,15.7104,15.711,15.711,15.7123,15.7128,15.7034,15.7129,15.7135,15.7132,15.7126,15.7122,15.7119,15.7111,15.7111,15.7112,15.7112,15.71,15.71,15.71,15.7098,15.7098,15.7092,15.7095,15.7095,15.7103,15.71,15.7088,15.7097,15.7106,15.7099,15.7103,15.71,15.71,15.7103,15.709,
Mon Apr 13 2020 03:48:05 GMT-0400 (Eastern Daylight Time)
15.7086,15.7086,15.7095,15.7095,15.7097,15.71,15.7103,15.7103,15.7099,15.7102,15.71,15.71,15.7097,15.7092,15.7092,15.7085,15.7076,15.7078,15.7078,15.7075,15.7078,15.7076,15.7076,15.7069,15.7069,15.7076,15.707,15.707,15.7064,15.7068,15.7068,15.7073,15.707,15.707,15.7061,15.7069,15.7069,15.7072,15.7081,15.7081,15.7081,15.7079,15.7079,15.7072,15.7079,15.7078,15.7075,15.7075,15.7075,15.7075,15.7078,15.7082,15.7085,15.7091,15.7094,15.7094,15.7094,15.7083,15.7083,15.7084,
Mon Apr 13 2020 03:49:05 GMT-0400 (Eastern Daylight Time)
15.7087,15.7084,15.7084,15.7084,15.7084,15.7084,15.7084,15.7084,15.7079,15.7082,15.7082,15.7086,15.7083,15.7086,15.708,15.711,15.7103,15.7098,15.7095,15.7099,15.7094,15.7089,15.7095,15.7093,15.7093,15.7098,15.7098,15.7086,15.7083,15.7083,15.7077,15.7082,15.7082,15.7077,15.7075,15.707,15.707,15.7079,15.7068,15.7068,15.7065,15.7061,15.7058,15.7058,15.7058,15.7052,15.7057,15.7057,15.7056,15.7053,15.7057,15.7054,15.7054,15.7053,15.7049,15.7054,15.7046,15.7046,15.7064,15.7066,
Mon Apr 13 2020 03:50:05 GMT-0400 (Eastern Daylight Time)
15.7068,15.7068,15.7057,15.706,15.7054,15.7054,15.7059,15.7067,15.707,15.7083,15.7083,15.7081,15.7081,15.7076,15.7076,15.7076,15.7076,15.7088,15.7091,15.7115,15.7115,15.7115,15.7107,15.7109,15.7111,15.7109,15.7106,15.7106,15.711,15.7114,15.7119,15.7119,15.7119,15.7113,15.7127,15.7127,15.7127,15.7124,15.711,15.7114,15.7099,15.7076,15.7079,15.7068,15.707,15.707,15.7063,15.7054,15.7054,15.7054,15.7062,15.708,15.708,15.708,15.7076,15.7073,15.7067,15.7039,15.7028,15.7028,
Mon Apr 13 2020 03:51:05 GMT-0400 (Eastern Daylight Time)
15.7022,15.7022,15.7022,15.7022,15.7022,15.7022,15.7008,15.7008,15.7019,15.7019,15.7019,15.7024,15.7024,15.7033,15.7033,15.7031,15.7024,15.7024,15.7016,15.7016,15.7021,15.703,15.7023,15.7027,15.7027,15.7027,15.703,15.7026,15.7016,15.7016,15.7018,15.6999,15.6996,15.6999,15.6998,15.6988,15.6973,15.6976,15.6979,15.6976,15.697,15.6966,15.6958,15.6966,15.6968,15.6968,15.6984,15.6984,15.6977,15.6974,15.6958,15.6955,15.6961,15.6957,15.6958,15.6961,15.6963,15.6952,15.6934,15.6934,
Mon Apr 13 2020 03:52:04 GMT-0400 (Eastern Daylight Time)
15.693,15.6923,15.6922,15.6922,15.6928,15.692,15.6928,15.6934,15.6934,15.6934,15.695,15.695,15.6966,15.695,15.695,15.695,15.6957,15.695,15.6944,15.6948,15.6948,15.6943,15.6952,15.6952,15.695,15.695,15.6946,15.695,15.6954,15.6954,15.6954,15.6946,15.6944,15.6944,15.691,15.6904,15.6899,15.6902,15.691,15.691,15.6906,15.6904,15.6912,15.6903,15.6913,15.6915,15.6918,15.6919,15.6919,15.6912,15.6912,15.6921,15.6918,15.6918,15.6914,15.6906,15.6911,15.6911,15.6925,15.6919,
Mon Apr 13 2020 03:53:06 GMT-0400 (Eastern Daylight Time)
15.6915,15.6915,15.6914,15.6911,15.6911,15.6897,15.69,15.69,15.6906,15.6902,15.6902,15.6906,15.6904,15.6909,15.6907,15.6911,15.6911,15.6916,15.6922,15.692,15.692,15.692,15.6891,15.6894,15.6894,15.6882,15.6892,15.6889,15.6893,15.6893,15.6893,15.6888,15.6888,15.6892,15.6892,15.6894,15.6894,15.6887,15.6887,15.6889,15.6889,15.6887,15.6884,15.6889,15.6885,15.6889,15.6892,15.6887,15.6887,15.6882,15.6879,15.6879,15.6879,15.6874,15.6873,15.6901,15.6905,15.6901,15.6901,15.6901,
Mon Apr 13 2020 03:54:07 GMT-0400 (Eastern Daylight Time)
15.6898,15.6898,15.6892,15.6889,15.6889,15.688,15.6882,15.6886,15.6888,15.6874,15.6884,15.6886,15.6885,15.6875,15.6878,15.6878,15.6881,15.6883,15.6875,15.6882,15.6878,15.6887,15.6887,15.6887,15.6887,15.6887,15.6887,15.6897,15.6897,15.6898,15.6885,15.6885,15.6885,15.6898,15.6893,15.6893,15.6898,15.6898,15.6904,15.6901,15.6897,15.6875,15.688,15.688,15.6884,15.6884,15.6883,15.6883,15.6883,15.6888,15.6888,15.6907,15.6907,15.6907,15.69,15.6885,15.6885,15.6882,15.6865,15.6865,
Mon Apr 13 2020 03:55:05 GMT-0400 (Eastern Daylight Time)
15.6855,15.6855,15.6855,15.6855,15.6855,15.6848,15.6848,15.6851,15.6847,15.6847,15.6844,15.684,15.6836,15.6828,15.6831,15.6826,15.6828,15.6831,15.6836,15.6838,15.6836,15.6836,15.6841,15.6841,15.6841,15.6832,15.6828,15.6822,15.6819,15.6816,15.6816,15.6819,15.6822,15.682,15.6815,15.6815,15.6812,15.6812,15.6812,15.6818,15.6823,15.682,15.682,15.6815,15.6815,15.6813,15.6813,15.6826,15.6826,15.6826,15.6828,15.6828,15.6822,15.6822,15.6829,15.6829,15.6829,15.6822,15.6825,15.6825,
Mon Apr 13 2020 03:56:05 GMT-0400 (Eastern Daylight Time)
15.6825,15.6827,15.6822,15.6822,15.6819,15.6815,15.6811,15.6803,15.6803,15.68,15.6798,15.6795,15.6795,15.6795,15.6799,15.6791,15.6791,15.6788,15.6791,15.6795,15.6798,15.6796,15.6796,15.6796,15.6796,15.6796,15.68,15.681,15.681,15.6798,15.6798,15.6798,15.6802,15.6806,15.6797,15.6797,15.68,15.6796,15.6803,15.6805,15.6802,15.6794,15.679,15.6786,15.6783,15.6777,15.6785,15.6787,15.6787,15.679,15.6787,15.6787,15.6798,15.6798,15.6795,15.6795,15.6795,15.6795,15.6793,15.6791,
Mon Apr 13 2020 03:57:05 GMT-0400 (Eastern Daylight Time)
15.6789,15.6789,15.6798,15.6811,15.6811,15.682,15.682,15.6815,15.6815,15.6808,15.6804,15.6804,15.6804,15.6804,15.68,15.6797,15.6793,15.679,15.6791,15.6791,15.6794,15.68,15.68,15.6797,15.6797,15.6803,15.682,15.682,15.682,15.6824,15.6824,15.6858,15.6858,15.6855,15.6849,15.6855,15.6855,15.6851,15.6856,15.6853,15.6853,15.6851,15.6878,15.6878,15.6878,15.6881,15.6881,15.6882,15.687,15.6863,15.6855,15.6855,15.6855,15.6858,15.6855,15.6852,15.685,15.685,15.6848,15.6836,
Mon Apr 13 2020 03:58:05 GMT-0400 (Eastern Daylight Time)
15.6839,15.6831,15.6831,15.6831,15.6826,15.6826,15.6826,15.6826,15.6823,15.6823,15.6814,15.6811,15.6811,15.6817,15.6815,15.679,15.679,15.6787,15.6789,15.6794,15.6764,15.6764,15.6786,15.6786,15.6789,15.6803,15.68,15.68,15.68,15.6796,15.6796,15.6796,15.6796,15.6802,15.6796,15.6791,15.6769,15.6771,15.6771,15.6773,15.6775,15.6772,15.6783,15.6786,15.6786,15.6789,15.6795,15.6792,15.6786,15.6792,15.6795,15.6785,15.6789,15.6791,15.6791,15.6791,15.6791,15.6789,15.6789,15.6789,
Mon Apr 13 2020 03:59:05 GMT-0400 (Eastern Daylight Time)
15.6786,15.6786,15.6786,15.6786,15.6784,15.6781,15.6796,15.6798,15.6793,15.6793,15.6791,15.6772,15.6772,15.6772,15.6781,15.6776,15.677,15.6793,15.6788,15.6785,15.6788,15.6788,15.68,15.6793,15.6777,15.6777,15.6773,15.6777,15.6777,15.6769,15.6772,15.6767,15.6764,15.6764,15.6762,15.6762,15.6762,15.6762,15.6759,15.675,15.6745,15.6745,15.6743,15.6743,15.6743,15.6738,15.6732,15.6735,15.6735,15.6731,15.6712,15.6712,15.672,15.6722,15.6722,15.6719,15.6701,15.6725,15.6713,15.6709,
Mon Apr 13 2020 04:00:05 GMT-0400 (Eastern Daylight Time)
15.6704,15.67,15.6695,15.6692,15.6692,15.6692,15.6689,15.6676,15.6676,15.6678,15.6678,15.6664,15.6671,15.6666,15.6657,15.6655,15.6656,15.6658,15.6661,15.6661,15.6664,15.6667,15.667,15.6675,15.668,15.6676,15.6676,15.6686,15.6688,15.6678,15.6676,15.6676,15.6676,15.6679,15.6675,15.6677,15.6679,15.6682,15.6671,15.6671,15.6674,15.6683,15.6706,15.6706,15.6709,15.6709,15.6718,15.672,15.6717,15.6712,15.6708,15.6708,15.6708,15.6708,15.6712,15.6709,15.6709,15.6712,15.6718,15.6717,
Mon Apr 13 2020 04:01:05 GMT-0400 (Eastern Daylight Time)
15.672,15.672,15.672,15.672,15.672,15.672,15.672,15.6735,15.6745,15.6745,15.6745,15.6764,15.6764,15.6762,15.676,15.6763,15.6752,15.6756,15.675,15.6763,15.6757,15.6751,15.6751,15.6753,15.6752,15.6747,15.6747,15.6752,15.6755,15.675,15.6745,15.6745,15.6745,15.6726,15.6729,15.6726,15.6724,15.6711,15.6707,15.6702,15.6698,15.6696,15.6693,15.6691,15.6685,15.668,15.6685,15.669,15.6704,15.6704,15.6707,15.671,15.6706,15.6704,15.6701,15.6705,15.6708,15.6711,15.6711,15.6708,
Mon Apr 13 2020 04:03:05 GMT-0400 (Eastern Daylight Time)
15.6774,15.6778,15.6778,15.6774,15.6774,15.6784,15.6785,15.6785,15.6788,15.6788,15.6788,15.6796,15.6793,15.6793,15.6793,15.6788,15.6785,15.6788,15.6776,15.6776,15.6776,15.6785,15.6778,15.6775,15.6775,15.6775,15.6773,15.6779,15.6779,15.6787,15.6785,15.677,15.677,15.677,15.6774,15.6758,15.6772,15.6772,15.6775,15.6775,15.6772,15.676,15.676,15.6769,15.6782,15.6772,15.6772,15.6776,15.6776,15.6779,15.6779,15.6764,15.6786,15.6789,15.6789,15.6797,15.6776,15.6779,15.6783,15.6792,
Mon Apr 13 2020 04:04:04 GMT-0400 (Eastern Daylight Time)
15.6795,15.6793,15.6797,15.6789,15.6784,15.6784,15.678,15.6781,15.6777,15.6777,15.6775,15.6766,15.6758,15.6751,15.6751,15.6732,15.6727,15.6723,15.6721,15.6721,15.6715,15.6719,15.6721,15.6707,15.6711,15.6715,15.6712,15.6712,15.6712,15.6711,15.6711,15.67,15.67,15.6703,15.6699,15.6705,15.6708,15.6708,15.6713,15.6705,15.6702,15.6704,15.6704,15.6704,15.6704,15.6707,15.671,15.6707,15.6707,15.6703,15.6702,15.6695,15.6698,15.6709,15.6706,15.6713,15.6713,15.6718,15.6717,15.6714,
Mon Apr 13 2020 04:05:05 GMT-0400 (Eastern Daylight Time)
15.671,15.6707,15.6707,15.6707,15.6707,15.67,15.6705,15.6707,15.6705,15.6671,15.6664,15.6661,15.6666,15.6664,15.6669,15.6676,15.6671,15.6677,15.6689,15.6671,15.6664,15.667,15.6658,15.6662,15.6665,15.6674,15.6674,15.668,15.668,15.668,15.6681,15.6668,15.6669,15.6669,15.6696,15.6712,15.6712,15.6714,15.6714,15.6718,15.6723,15.6722,15.6727,15.6724,15.6727,15.6722,15.6719,15.674,15.6736,15.6733,15.673,15.6742,15.6744,15.6736,15.6736,15.6735,15.6735,15.6735,15.6738,15.6762,
Mon Apr 13 2020 04:06:05 GMT-0400 (Eastern Daylight Time)
15.6765,15.6767,15.6765,15.6761,15.6768,15.6768,15.6773,15.6775,15.6779,15.6781,15.6781,15.6781,15.6781,15.6785,15.6789,15.6788,15.6788,15.6786,15.6781,15.6772,15.6772,15.6772,15.6775,15.6789,15.6787,15.6767,15.6758,15.6756,15.6747,15.6743,15.6749,15.6749,15.6753,15.6753,15.6753,15.6758,15.6755,15.6751,15.6754,15.6752,15.675,15.6737,15.6744,15.6744,15.6741,15.6731,15.6723,15.6727,15.6724,15.6727,15.6718,15.6721,15.6716,15.672,15.6716,15.6708,15.6708,15.6698,15.6713,15.6711,
Mon Apr 13 2020 04:07:04 GMT-0400 (Eastern Daylight Time)
15.6715,15.6721,15.6719,15.6719,15.6719,15.6719,15.6719,15.6722,15.6719,15.6723,15.672,15.672,15.673,15.6732,15.6725,15.6726,15.6728,15.6719,15.6721,15.6719,15.6717,15.6709,15.6712,15.6717,15.6724,15.672,15.6722,15.6729,15.6735,15.6732,15.6729,15.673,15.6736,15.6736,15.6728,15.6728,15.6725,15.6736,15.6733,15.6727,15.6727,15.6727,15.6723,15.6729,15.6727,15.6727,15.6716,15.6728,15.6724,15.6725,15.6725,15.6716,15.6719,15.6722,15.6722,15.6731,15.6734,15.6734,15.6734,15.6735,
Mon Apr 13 2020 04:08:05 GMT-0400 (Eastern Daylight Time)
15.6729,15.6729,15.6746,15.6748,15.675,15.6752,15.6752,15.6755,15.6759,15.6764,15.6764,15.6768,15.6768,15.6764,15.6768,15.6771,15.6771,15.6769,15.676,15.676,15.6756,15.676,15.676,15.6763,15.6761,15.6757,15.6757,15.6757,15.6751,15.6747,15.6747,15.6752,15.6752,15.6777,15.6777,15.6784,15.6786,15.6782,15.6783,15.6796,15.6793,15.679,15.6793,15.6789,15.6781,15.6777,15.677,15.6767,15.6776,15.6776,15.6779,15.6778,15.6752,15.6778,15.6778,15.6775,15.6777,15.6792,15.6789,15.6788,
Mon Apr 13 2020 04:09:05 GMT-0400 (Eastern Daylight Time)
15.6797,15.6797,15.6802,15.6798,15.6809,15.6809,15.6827,15.6822,15.6825,15.6825,15.6829,15.6832,15.6842,15.6842,15.6836,15.6833,15.6828,15.6824,15.6831,15.6831,15.6831,15.6828,15.6824,15.6824,15.6815,15.6812,15.6816,15.6823,15.6822,15.6829,15.6824,15.6824,15.6824,15.6824,15.6824,15.6828,15.683,15.6827,15.6824,15.6825,15.6825,15.6825,15.683,15.6824,15.6822,15.6823,15.6823,15.6828,15.6826,15.6829,15.683,15.6824,15.6824,15.6821,15.6821,15.6825,15.6826,15.683,15.683,15.683,
Mon Apr 13 2020 04:10:05 GMT-0400 (Eastern Daylight Time)
15.6827,15.6833,15.6833,15.6833,15.684,15.6839,15.6836,15.6838,15.6832,15.6832,15.6822,15.6814,15.6803,15.6801,15.6801,15.6801,15.6818,15.6815,15.6806,15.6812,15.6812,15.6812,15.6812,15.6812,15.6818,15.6818,15.682,15.6817,15.6817,15.6817,15.6817,15.6828,15.6819,15.683,15.6836,15.6839,15.6847,15.6847,15.685,15.685,15.6843,15.6843,15.6868,15.6858,15.6861,15.6868,15.6865,15.6852,15.6844,15.6832,15.6835,15.6843,15.6838,15.684,15.6838,15.6836,15.6836,15.6835,15.6828,15.6823,
Mon Apr 13 2020 04:11:04 GMT-0400 (Eastern Daylight Time)
15.6827,15.6827,15.6833,15.683,15.6828,15.6828,15.6822,15.6822,15.6829,15.6829,15.6826,15.6826,15.6829,15.6829,15.6829,15.6829,15.683,15.683,15.6836,15.6836,15.6839,15.6839,15.682,15.6798,15.6798,15.6798,15.6803,15.6803,15.681,15.681,15.6813,15.681,15.6812,15.6812,15.6812,15.6809,15.6809,15.6809,15.6809,15.6809,15.6809,15.6803,15.6807,15.6809,15.6812,15.6804,15.681,15.6808,15.681,15.6807,15.6807,15.6807,15.6808,15.6808,15.6808,15.6801,15.6801,15.6804,15.6806,15.6806,
Mon Apr 13 2020 04:12:05 GMT-0400 (Eastern Daylight Time)
15.6797,15.6786,15.6781,15.6781,15.6791,15.6787,15.6791,15.6791,15.6791,15.6796,15.6813,15.6813,15.6813,15.6813,15.6813,15.6813,15.6825,15.6825,15.6825,15.6825,15.6825,15.6825,15.6816,15.6816,15.6822,15.6822,15.6819,15.6822,15.6842,15.685,15.6835,15.6831,15.6831,15.6819,15.6822,15.6833,15.6828,15.6829,15.6826,15.6823,15.6819,15.6819,15.6827,15.683,15.6825,15.6825,15.6825,15.6822,15.6835,15.6845,15.6845,15.6845,15.6845,15.6845,15.6845,15.6852,15.6852,15.6852,15.6852,15.6851,
Mon Apr 13 2020 04:13:05 GMT-0400 (Eastern Daylight Time)
15.6851,15.6848,15.6848,15.6847,15.6847,15.6847,15.6853,15.6853,15.6848,15.6848,15.6852,15.6852,15.6852,15.6852,15.6845,15.6845,15.6845,15.6848,15.6848,15.6848,15.6848,15.6848,15.6848,15.6848,15.6858,15.6853,15.6853,15.6853,15.6852,15.6864,15.687,15.6861,15.6867,15.6864,15.6858,15.6856,15.6856,15.6854,15.6854,15.6848,15.685,15.685,15.6847,15.6847,15.685,15.6852,15.686,15.6862,15.6866,15.6859,15.6859,15.6859,15.6861,15.6857,15.6844,15.6844,15.6844,15.6844,15.6844,15.6844,
Mon Apr 13 2020 04:14:05 GMT-0400 (Eastern Daylight Time)
15.6844,15.6844,15.6844,15.6844,15.6838,15.6838,15.6838,15.6838,15.6839,15.6839,15.6839,15.6842,15.6838,15.6838,15.6838,15.6838,15.6838,15.6841,15.6832,15.6836,15.6833,15.6833,15.6833,15.6833,15.682,15.6815,15.6815,15.6815,15.6822,15.6833,15.6833,15.6833,15.6829,15.6833,15.6831,15.682,15.6817,15.682,15.682,15.6802,15.6809,15.6804,15.6797,15.6797,15.6797,15.6797,15.6796,15.6796,15.6794,15.6791,15.678,15.6783,15.6778,15.6775,15.6775,15.6747,15.6741,15.6721,15.6725,15.6732,
Mon Apr 13 2020 04:15:05 GMT-0400 (Eastern Daylight Time)
15.6728,15.6736,15.6736,15.6736,15.6739,15.6757,15.6755,15.6755,15.6755,15.6758,15.6758,15.6755,15.6758,15.6784,15.6787,15.679,15.6788,15.6794,15.679,15.6792,15.679,15.6787,15.679,15.6788,15.6785,15.6787,15.6774,15.6774,15.6788,15.6809,15.6814,15.6811,15.6813,15.6818,15.6818,15.6818,15.6826,15.683,15.6833,15.6839,15.6831,15.6825,15.6822,15.6825,15.6824,15.6821,15.6822,15.6822,15.6815,15.6826,15.6826,15.6825,15.682,15.682,15.6816,15.6816,15.6816,15.6831,15.6825,15.6827,
Mon Apr 13 2020 04:16:05 GMT-0400 (Eastern Daylight Time)
15.6823,15.6823,15.6827,15.6827,15.6832,15.6832,15.6835,15.6835,15.683,15.683,15.683,15.683,15.6823,15.6823,15.6823,15.6823,15.6823,15.6829,15.6829,15.6834,15.6834,15.6837,15.684,15.684,15.6843,15.6847,15.685,15.6853,15.6851,15.6851,15.6851,15.6847,15.6843,15.6847,15.6828,15.6831,15.683,15.683,15.683,15.6839,15.6839,15.6833,15.6841,15.6841,15.6841,15.6838,15.6841,15.6841,15.6848,15.6851,15.6854,15.6842,15.6845,15.6823,15.6823,15.6823,15.6823,15.6815,15.6813,15.681,
Mon Apr 13 2020 04:17:05 GMT-0400 (Eastern Daylight Time)
15.6815,15.6823,15.6823,15.6819,15.6817,15.6817,15.6817,15.6834,15.6837,15.6837,15.685,15.685,15.685,15.6856,15.6856,15.6856,15.6856,15.685,15.6843,15.6838,15.6831,15.6843,15.6843,15.6843,15.684,15.684,15.684,15.684,15.684,15.6845,15.6845,15.6838,15.6835,15.6832,15.6832,15.6832,15.6827,15.682,15.6823,15.6817,15.6817,15.6814,15.6821,15.6829,15.6826,15.682,15.6821,15.6821,15.6824,15.6824,15.6839,15.6841,15.6844,15.6844,15.6839,15.6841,15.6841,15.6838,15.6838,15.6844,
Mon Apr 13 2020 04:18:06 GMT-0400 (Eastern Daylight Time)
15.6852,15.6854,15.6858,15.6858,15.6852,15.6852,15.6848,15.6848,15.6848,15.6848,15.6844,15.685,15.685,15.6866,15.6867,15.6871,15.6869,15.6871,15.6861,15.6859,15.6841,15.6839,15.6839,15.6829,15.6829,15.6829,15.6841,15.6843,15.6844,15.6844,15.6844,15.6847,15.6837,15.684,15.6849,15.6849,15.685,15.6852,15.6862,15.6868,15.6868,15.6872,15.6872,15.6867,15.687,15.6867,15.6867,15.6864,15.6863,15.6863,15.6868,15.6863,15.687,15.687,15.687,15.6874,15.6877,15.6881,15.6881,15.6887,
Mon Apr 13 2020 04:19:04 GMT-0400 (Eastern Daylight Time)
15.6884,15.689,15.6893,15.6893,15.6895,15.6895,15.6883,15.6885,15.689,15.689,15.6891,15.6887,15.6887,15.6892,15.6892,15.6889,15.6892,15.6894,15.6894,15.6894,15.6889,15.6884,15.6884,15.6877,15.6877,15.6873,15.6873,15.6866,15.6864,15.6861,15.6861,15.6848,15.6845,15.6845,15.6845,15.6845,15.6842,15.6842,15.6835,15.6835,15.684,15.6837,15.6837,15.6837,15.6839,15.6855,15.6852,15.6852,15.685,15.685,15.685,15.6845,15.6845,15.6845,15.6842,15.6842,15.6842,15.6842,15.6842,15.6848,
Mon Apr 13 2020 04:20:04 GMT-0400 (Eastern Daylight Time)
15.6848,15.6859,15.6857,15.686,15.686,15.686,15.6858,15.6858,15.6858,15.6861,15.6861,15.6873,15.6869,15.6869,15.6869,15.6869,15.6873,15.6873,15.687,15.6873,15.6873,15.6868,15.6857,15.6857,15.6857,15.6854,15.6851,15.6853,15.6853,15.6853,15.6853,15.6853,15.6847,15.6853,15.6853,15.685,15.685,15.6847,15.6844,15.6844,15.6844,15.6852,15.6852,15.6852,15.6852,15.6855,15.6855,15.6865,15.6865,15.687,15.6864,15.6878,15.6878,15.6878,15.6882,15.6879,15.6884,15.6887,15.6887,15.6884,
Mon Apr 13 2020 04:21:04 GMT-0400 (Eastern Daylight Time)
15.6884,15.6908,15.6908,15.6908,15.6908,15.6908,15.691,15.691,15.6902,15.6899,15.6891,15.6891,15.6891,15.6894,15.6894,15.6894,15.6894,15.6894,15.6887,15.6884,15.6884,15.6884,15.6886,15.6883,15.6885,15.6881,15.6881,15.6881,15.6881,15.6878,15.6878,15.6878,15.6878,15.6868,15.6868,15.6866,15.6866,15.6866,15.6869,15.6869,15.6869,15.6864,15.6867,15.6864,15.6867,15.6864,15.6859,15.6856,15.6856,15.6845,15.6845,15.6844,15.6844,15.685,15.6847,15.6847,15.6845,15.6843,15.6846,15.6851,
Mon Apr 13 2020 04:22:04 GMT-0400 (Eastern Daylight Time)
15.6843,15.6843,15.6848,15.6848,15.6841,15.6839,15.6839,15.6843,15.683,15.683,15.683,15.6827,15.6827,15.6829,15.6834,15.6834,15.6834,15.6834,15.6834,15.6834,15.6834,15.6832,15.6832,15.6828,15.6828,15.682,15.6826,15.6822,15.6826,15.683,15.6834,15.6831,15.6828,15.6823,15.6827,15.6827,15.6827,15.6827,15.6825,15.6825,15.6825,15.6825,15.6825,15.6825,15.6825,15.6818,15.6818,15.6815,15.6815,15.6815,15.6815,15.6815,15.6815,15.6815,15.6818,15.6822,15.6813,15.6827,15.6827,15.6827,
Mon Apr 13 2020 04:23:04 GMT-0400 (Eastern Daylight Time)
15.6827,15.682,15.682,15.682,15.682,15.682,15.682,15.6829,15.6826,15.683,15.683,15.683,15.6826,15.6826,15.6826,15.6826,15.6826,15.6829,15.6829,15.6829,15.6829,15.6829,15.6825,15.6822,15.6824,15.6852,15.6855,15.6855,15.6855,15.6853,15.6853,15.6851,15.6851,15.6847,15.6847,15.6847,15.6847,15.6847,15.6847,15.684,15.684,15.6838,15.6838,15.6833,15.6833,15.6829,15.6829,15.6829,15.6829,15.6829,15.6826,15.6819,15.6816,15.681,15.6804,15.6804,15.6815,15.6811,15.6808,15.6804,
Mon Apr 13 2020 04:24:05 GMT-0400 (Eastern Daylight Time)
15.6798,15.68,15.68,15.6805,15.6805,15.6802,15.6802,15.6802,15.6802,15.68,15.6805,15.6805,15.6797,15.6777,15.6774,15.6774,15.6777,15.6777,15.6777,15.6777,15.679,15.6793,15.6795,15.6795,15.6791,15.6793,15.6796,15.6802,15.6802,15.6795,15.6795,15.6797,15.6797,15.6794,15.6804,15.68,15.68,15.68,15.6797,15.6797,15.6799,15.6796,15.6796,15.6788,15.6788,15.6795,15.6795,15.6792,15.6792,15.679,15.679,15.6793,15.679,15.6787,15.6784,15.6778,15.6775,15.6773,15.6778,15.6775,
Mon Apr 13 2020 04:25:04 GMT-0400 (Eastern Daylight Time)
15.6778,15.6772,15.6757,15.676,15.676,15.6757,15.6753,15.6753,15.6751,15.673,15.673,15.6711,15.6707,15.6695,15.6695,15.6688,15.6685,15.6696,15.6699,15.6699,15.6705,15.6683,15.6686,15.6691,15.6694,15.6694,15.6694,15.6694,15.6694,15.6694,15.6677,15.6673,15.667,15.6676,15.6673,15.6673,15.6678,15.6672,15.6688,15.6699,15.6699,15.6701,15.6699,15.6699,15.6699,15.6699,15.6701,15.6701,15.6701,15.6689,15.6689,15.6692,15.6692,15.6692,15.6688,15.6688,15.6684,15.6684,15.6681,15.6681,
Mon Apr 13 2020 04:26:05 GMT-0400 (Eastern Daylight Time)
15.6684,15.668,15.6674,15.6674,15.6674,15.6678,15.6681,15.6678,15.6681,15.6688,15.6692,15.6692,15.6692,15.6695,15.6697,15.67,15.67,15.6712,15.6712,15.6712,15.672,15.672,15.6715,15.6715,15.6715,15.6715,15.6711,15.672,15.672,15.6717,15.6717,15.6717,15.6717,15.6711,15.6711,15.6711,15.6711,15.6711,15.6713,15.6713,15.6711,15.6711,15.6707,15.6707,15.6718,15.6718,15.672,15.6724,15.6724,15.6728,15.6724,15.6721,15.6724,15.6733,15.6726,15.6726,15.6724,15.6724,15.6717,15.6712,
Mon Apr 13 2020 04:27:05 GMT-0400 (Eastern Daylight Time)
15.6712,15.6723,15.6729,15.6725,15.672,15.6715,15.6713,15.6709,15.6709,15.6711,15.6708,15.6712,15.6732,15.6732,15.6732,15.6732,15.6732,15.6732,15.6732,15.6732,15.6735,15.6735,15.6712,15.671,15.6707,15.6707,15.6704,15.6699,15.6699,15.6699,15.6699,15.6696,15.6693,15.67,15.6705,15.6702,15.6702,15.6702,15.6699,15.6699,15.6699,15.6693,15.669,15.6694,15.6694,15.6703,15.6703,15.6703,15.6707,15.6707,15.6707,15.6707,15.6704,15.6704,15.6718,15.6721,15.6721,15.6721,15.6709,15.6717,
Mon Apr 13 2020 04:28:05 GMT-0400 (Eastern Daylight Time)
15.6717,15.6714,15.6711,15.6711,15.6708,15.6711,15.6705,15.6732,15.6742,15.6742,15.6754,15.6764,15.6764,15.6767,15.6767,15.6767,15.6767,15.6758,15.6755,15.6751,15.6751,15.6751,15.6751,15.6758,15.6758,15.6758,15.6766,15.6755,15.6752,15.6749,15.6749,15.6749,15.6749,15.6752,15.6755,15.6748,15.6748,15.674,15.674,15.674,15.6752,15.6757,15.6757,15.6757,15.676,15.6758,15.6761,15.6758,15.6752,15.6752,15.675,15.675,15.6757,15.6757,15.6774,15.6774,15.6781,15.6781,15.6791,15.6794,
Mon Apr 13 2020 04:29:04 GMT-0400 (Eastern Daylight Time)
15.6794,15.6799,15.6799,15.6774,15.6774,15.6774,15.6774,15.6769,15.6773,15.6773,15.677,15.6766,15.6764,15.6767,15.6753,15.6755,15.6759,15.6755,15.6758,15.6762,15.6762,15.6762,15.6759,15.6761,15.6758,15.6758,15.6755,15.6755,15.6744,15.674,15.6742,15.6746,15.6746,15.6748,15.6753,15.6752,15.6752,15.6756,15.6749,15.6747,15.6742,15.6742,15.6742,15.6747,15.6734,15.6734,15.6737,15.6741,15.6744,15.6749,15.6755,15.6758,15.6754,15.6757,15.6758,15.6761,15.6765,15.6765,15.6773,15.6779,
Mon Apr 13 2020 04:30:04 GMT-0400 (Eastern Daylight Time)
15.6782,15.6778,15.6772,15.6769,15.6769,15.6769,15.6768,15.677,15.677,15.6787,15.6792,15.6796,15.6796,15.6796,15.6807,15.6807,15.6807,15.681,15.6814,15.6819,15.6829,15.6832,15.6827,15.6821,15.6825,15.6825,15.6825,15.6838,15.6833,15.684,15.684,15.684,15.684,15.684,15.6844,15.6844,15.6844,15.6844,15.6841,15.6837,15.6837,15.6837,15.684,15.6847,15.6859,15.6856,15.6856,15.6856,15.6849,15.6849,15.6863,15.6868,15.6863,15.6861,15.6861,15.6861,15.6866,15.6866,15.6863,15.6863,
Mon Apr 13 2020 04:31:05 GMT-0400 (Eastern Daylight Time)
15.6863,15.6863,15.6874,15.6881,15.6881,15.6878,15.6882,15.6874,15.6877,15.6882,15.6882,15.688,15.688,15.6876,15.6876,15.6865,15.6865,15.6865,15.686,15.6857,15.686,15.686,15.686,15.685,15.685,15.6844,15.6844,15.6852,15.685,15.6853,15.6853,15.6853,15.6853,15.6861,15.6861,15.6853,15.6853,15.6853,15.6853,15.6853,15.6853,15.6853,15.6853,15.6853,15.6853,15.6853,15.6853,15.6855,15.6855,15.6852,15.6854,15.6848,15.6848,15.6848,15.6848,15.6845,15.6842,15.6833,15.683,15.683,
Mon Apr 13 2020 04:32:05 GMT-0400 (Eastern Daylight Time)
15.683,15.683,15.6826,15.6826,15.6816,15.6823,15.6829,15.6833,15.6833,15.6833,15.683,15.683,15.6835,15.6835,15.6835,15.6838,15.6838,15.6833,15.6833,15.6833,15.6833,15.6833,15.6833,15.6839,15.6843,15.6843,15.6832,15.6832,15.6832,15.6832,15.6832,15.6832,15.6836,15.6836,15.684,15.6836,15.6836,15.6836,15.6839,15.6837,15.6837,15.6837,15.6834,15.684,15.684,15.6842,15.6846,15.6857,15.6859,15.6859,15.6862,15.6858,15.6855,15.6855,15.6851,15.6851,15.6858,15.6863,15.6863,15.6862,
Mon Apr 13 2020 04:33:04 GMT-0400 (Eastern Daylight Time)
15.6862,15.6862,15.6859,15.6862,15.6862,15.6862,15.6862,15.6858,15.6848,15.6838,15.6841,15.6841,15.6841,15.6837,15.6837,15.6833,15.6833,15.6833,15.6833,15.6833,15.6833,15.6833,15.6833,15.6836,15.6836,15.6836,15.6839,15.6839,15.6839,15.6839,15.6844,15.685,15.686,15.686,15.686,15.6866,15.6863,15.6878,15.6872,15.6874,15.6877,15.6878,15.6878,15.6886,15.6878,15.6878,15.6878,15.689,15.689,15.689,15.6887,15.689,15.6894,15.689,15.69,15.6881,15.6881,15.6881,15.6877,15.6889,
Mon Apr 13 2020 04:35:05 GMT-0400 (Eastern Daylight Time)
15.6889,15.6866,15.6859,15.6861,15.6865,15.6865,15.6863,15.6869,15.6875,15.6875,15.6871,15.6864,15.686,15.6858,15.6858,15.6855,15.6855,15.6859,15.6861,15.6858,15.6861,15.6861,15.6861,15.6859,15.6862,15.6862,15.6858,15.6854,15.6854,15.6854,15.6854,15.6838,15.6825,15.6825,15.683,15.6828,15.6832,15.6832,15.6832,15.6824,15.6831,15.6831,15.6831,15.6837,15.6833,15.6833,15.6838,15.6836,15.6832,15.6832,15.6832,15.6831,15.6834,15.6831,15.6831,15.6835,15.6843,15.6843,15.6843,15.6843,
Mon Apr 13 2020 04:36:05 GMT-0400 (Eastern Daylight Time)
15.6846,15.685,15.685,15.6843,15.6843,15.6843,15.6826,15.6823,15.6823,15.6827,15.683,15.6822,15.6828,15.683,15.683,15.683,15.683,15.6828,15.6828,15.6833,15.6833,15.6833,15.683,15.6833,15.6833,15.6836,15.6836,15.6841,15.6838,15.6838,15.6838,15.6829,15.6832,15.683,15.6833,15.6839,15.6841,15.6846,15.6846,15.6849,15.6849,15.6849,15.6852,15.6848,15.6845,15.6845,15.685,15.685,15.685,15.685,15.6854,15.6854,15.6851,15.6855,15.686,15.6873,15.6864,15.688,15.6877,15.6901,
Mon Apr 13 2020 04:37:05 GMT-0400 (Eastern Daylight Time)
15.6901,15.6917,15.6917,15.6917,15.6917,15.6909,15.6898,15.6901,15.6904,15.6904,15.6904,15.689,15.6887,15.6889,15.6881,15.6884,15.6884,15.6889,15.6889,15.6885,15.6879,15.6876,15.6873,15.6873,15.6873,15.6868,15.6871,15.6869,15.6866,15.6838,15.6833,15.6833,15.683,15.683,15.6832,15.6835,15.6835,15.6835,15.6835,15.683,15.683,15.6828,15.6828,15.6831,15.6831,15.6831,15.6831,15.6831,15.6831,15.6827,15.683,15.6826,15.6822,15.6829,15.6829,15.6835,15.6835,15.6837,15.6811,15.6813,
Mon Apr 13 2020 04:38:05 GMT-0400 (Eastern Daylight Time)
15.6815,15.6819,15.6819,15.6821,15.6821,15.6821,15.6813,15.6813,15.6813,15.6816,15.6816,15.6816,15.6814,15.6814,15.6814,15.6817,15.6824,15.6827,15.6835,15.684,15.6843,15.6848,15.6848,15.6847,15.6849,15.6846,15.6846,15.6849,15.6849,15.6852,15.685,15.685,15.6853,15.6848,15.6848,15.6847,15.6842,15.6842,15.6853,15.6855,15.6855,15.6861,15.6861,15.6867,15.6867,15.6867,15.6867,15.6877,15.6881,15.6878,15.6881,15.6881,15.6883,15.6883,15.6903,15.6904,15.6904,15.6911,15.6911,15.6911,
Mon Apr 13 2020 04:39:04 GMT-0400 (Eastern Daylight Time)
15.6911,15.6911,15.6921,15.6927,15.6934,15.6934,15.6937,15.694,15.6945,15.6945,15.6943,15.695,15.695,15.6955,15.6955,15.6952,15.6952,15.6952,15.6945,15.6947,15.6953,15.6946,15.6948,15.6946,15.6943,15.6943,15.6943,15.6944,15.6944,15.6923,15.6917,15.6914,15.6914,15.6914,15.6918,15.6922,15.6922,15.6922,15.6925,15.6923,15.6925,15.6928,15.6928,15.6926,15.6941,15.6951,15.6948,15.697,15.6974,15.6984,15.6984,15.6981,15.6972,15.6979,15.6979,15.6983,15.6983,15.6983,15.6983,15.6983,
Mon Apr 13 2020 04:41:05 GMT-0400 (Eastern Daylight Time)
15.6979,15.6963,15.6981,15.698,15.698,15.698,15.6967,15.6964,15.6964,15.6964,15.6966,15.6968,15.6973,15.6969,15.6969,15.6966,15.6979,15.6977,15.6971,15.6969,15.6966,15.6966,15.697,15.697,15.6973,15.6971,15.6971,15.6967,15.6967,15.6967,15.6973,15.698,15.6983,15.6987,15.6987,15.6982,15.6982,15.6985,15.6985,15.6989,15.6992,15.6984,15.6977,15.6973,15.6954,15.6954,15.6954,15.695,15.6947,15.6947,15.6937,15.6933,15.6939,15.6935,15.6929,15.6929,15.6929,15.6929,15.6929,15.6929,
Mon Apr 13 2020 04:43:04 GMT-0400 (Eastern Daylight Time)
15.6929,15.6967,15.6964,15.6917,15.6917,15.6919,15.6967,15.6967,15.6967,15.6964,15.698,15.6981,15.6979,15.6979,15.6975,15.6968,15.6962,15.6962,15.6962,15.6964,15.6964,15.696,15.6954,15.6948,15.6948,15.6945,15.6931,15.6925,15.6925,15.691,15.6913,15.691,15.6915,15.6915,15.6915,15.6915,15.6912,15.6912,15.6909,15.6909,15.6909,15.6906,15.6906,15.6928,15.6931,15.6922,15.6922,15.6917,15.6914,15.6911,15.6917,15.691,15.6912,15.6912,15.6912,15.6915,15.6926,15.6926,15.6926,15.6926,
Mon Apr 13 2020 04:44:05 GMT-0400 (Eastern Daylight Time)
15.6926,15.693,15.6928,15.6928,15.6924,15.6922,15.6922,15.6922,15.693,15.693,15.693,15.6927,15.6919,15.691,15.6906,15.6906,15.6903,15.6903,15.6898,15.6895,15.69,15.6893,15.6893,15.6893,15.689,15.689,15.69,15.69,15.6897,15.6901,15.6901,15.6901,15.6911,15.6916,15.6919,15.6919,15.6919,15.6925,15.6925,15.6925,15.6925,15.6925,15.6936,15.6936,15.693,15.6921,15.6925,15.693,15.694,15.6943,15.6936,15.6936,15.6932,15.6932,15.6935,15.6935,15.6935,15.6935,15.6935,15.6935,
Mon Apr 13 2020 04:45:05 GMT-0400 (Eastern Daylight Time)
15.6935,15.6938,15.6938,15.6938,15.6935,15.6935,15.6938,15.6938,15.6938,15.6934,15.6934,15.6931,15.6931,15.6931,15.6934,15.6934,15.694,15.694,15.694,15.6935,15.6946,15.6946,15.6949,15.6949,15.6951,15.6954,15.6954,15.6959,15.6959,15.6962,15.6962,15.6962,15.6966,15.6966,15.6957,15.6955,15.6955,15.6951,15.6953,15.6953,15.6958,15.6956,15.6956,15.6959,15.6959,15.6959,15.6956,15.6956,15.6956,15.6961,15.6961,15.6961,15.6954,15.6957,15.6954,15.6946,15.6937,15.6926,15.6926,15.6926,
Mon Apr 13 2020 04:46:05 GMT-0400 (Eastern Daylight Time)
15.6922,15.6922,15.6925,15.6925,15.6925,15.6925,15.6925,15.6922,15.6922,15.6919,15.6919,15.6915,15.6916,15.6919,15.6917,15.6913,15.6917,15.6925,15.6922,15.6922,15.6917,15.6917,15.6905,15.6905,15.6908,15.6908,15.6902,15.6902,15.6902,15.6902,15.6902,15.6902,15.6898,15.6893,15.6893,15.6893,15.6888,15.6888,15.6888,15.6885,15.6885,15.6885,15.6885,15.6887,15.6892,15.6892,15.6892,15.6892,15.6889,15.6886,15.6881,15.6888,15.689,15.6886,15.6886,15.6886,15.6886,15.6882,15.6882,15.6881,
Mon Apr 13 2020 04:47:05 GMT-0400 (Eastern Daylight Time)
15.6881,15.6887,15.6887,15.6883,15.6886,15.6877,15.6879,15.6879,15.6876,15.6891,15.6895,15.6897,15.6897,15.6897,15.6903,15.688,15.6877,15.6877,15.6881,15.6881,15.6881,15.6879,15.6881,15.6878,15.6883,15.6883,15.6883,15.6887,15.6882,15.6877,15.6877,15.6877,15.6871,15.6871,15.6871,15.6874,15.6871,15.6874,15.6874,15.6874,15.6879,15.6879,15.6879,15.6879,15.6879,15.6873,15.6873,15.6873,15.6873,15.6873,15.6878,15.6878,15.6869,15.6871,15.6871,15.6875,15.6874,15.6874,15.6874,15.6875,
Mon Apr 13 2020 04:49:05 GMT-0400 (Eastern Daylight Time)
15.6875,15.6857,15.6821,15.6821,15.6825,15.6825,15.6829,15.6824,15.6865,15.6821,15.6821,15.6821,15.6818,15.6822,15.6859,15.6802,15.6796,15.6794,15.6794,15.6858,15.6858,15.6788,15.679,15.6858,15.6787,15.679,15.6787,15.6787,15.6789,15.6789,15.6789,15.6793,15.6793,15.6793,15.6865,15.6793,15.6868,15.6793,15.6791,15.6759,15.6866,15.676,15.6753,15.6765,15.6768,15.6768,15.6764,15.6878,15.6768,15.6771,15.6768,15.6764,15.6869,15.677,15.6778,15.6778,15.6787,15.679,15.6808,15.6808,
Mon Apr 13 2020 04:50:05 GMT-0400 (Eastern Daylight Time)
15.6806,15.6806,15.6804,15.6812,15.6822,15.6822,15.6818,15.6811,15.6805,15.6805,15.6805,15.6805,15.6789,15.6792,15.6792,15.6795,15.6786,15.6781,15.6778,15.6778,15.6778,15.6781,15.6786,15.6786,15.6792,15.6811,15.6811,15.6811,15.681,15.681,15.681,15.6802,15.6802,15.6802,15.6826,15.6826,15.6831,15.6816,15.6802,15.6802,15.6809,15.6809,15.6812,15.6809,15.6812,15.6812,15.6812,15.6809,15.6803,15.6803,15.6803,15.6796,15.6791,15.6794,15.6801,15.6796,15.6792,15.6792,15.6789,15.6789,
Mon Apr 13 2020 04:51:05 GMT-0400 (Eastern Daylight Time)
15.6786,15.6776,15.6769,15.6769,15.6774,15.6774,15.6764,15.6769,15.6769,15.6769,15.6761,15.6765,15.6761,15.6759,15.6759,15.6759,15.6759,15.6754,15.6775,15.6775,15.677,15.6766,15.6762,15.6762,15.6762,15.6758,15.6758,15.6758,15.6758,15.676,15.6758,15.6759,15.6759,15.6754,15.6754,15.6754,15.6757,15.6757,15.6755,15.6755,15.6763,15.6763,15.6763,15.676,15.6754,15.6754,15.6754,15.6754,15.6756,15.6756,15.6758,15.6758,15.675,15.675,15.675,15.6747,15.6747,15.6747,15.6745,15.6745,
Mon Apr 13 2020 04:52:05 GMT-0400 (Eastern Daylight Time)
15.6745,15.6745,15.6745,15.674,15.6734,15.6737,15.6727,15.6727,15.6719,15.6719,15.6719,15.6723,15.672,15.6717,15.6717,15.6717,15.6717,15.6714,15.6714,15.6714,15.6714,15.6714,15.6709,15.6709,15.6703,15.6706,15.6706,15.6689,15.6692,15.6692,15.6694,15.6692,15.6683,15.6683,15.6683,15.6683,15.6685,15.6685,15.6691,15.6687,15.6686,15.6683,15.6686,15.6686,15.6689,15.6689,15.6689,15.6686,15.6691,15.6691,15.6687,15.6689,15.6689,15.6686,15.6683,15.6677,15.6675,15.6675,15.6675,15.6677,
Mon Apr 13 2020 04:53:05 GMT-0400 (Eastern Daylight Time)
15.6677,15.6677,15.668,15.6653,15.6653,15.6653,15.6653,15.6652,15.6655,15.6651,15.6644,15.6644,15.6645,15.6638,15.6638,15.6643,15.6661,15.6661,15.6661,15.6661,15.6659,15.6662,15.6662,15.6662,15.6669,15.6672,15.6675,15.6675,15.6675,15.6678,15.6675,15.6672,15.6668,15.6662,15.6669,15.6666,15.6666,15.6667,15.6665,15.6672,15.6668,15.6684,15.6686,15.6686,15.6681,15.6676,15.6672,15.6669,15.6665,15.6668,15.6668,15.6662,15.666,15.6665,15.6665,15.6665,15.6672,15.6666,15.6672,15.6669,
Mon Apr 13 2020 04:54:04 GMT-0400 (Eastern Daylight Time)
15.6663,15.6663,15.667,15.667,15.6672,15.6672,15.6672,15.6677,15.669,15.669,15.6697,15.6697,15.6711,15.6711,15.6722,15.6728,15.6728,15.6725,15.6725,15.6725,15.6725,15.6723,15.6712,15.6721,15.6723,15.6713,15.6715,15.6705,15.6705,15.6705,15.6713,15.6711,15.6715,15.6708,15.6707,15.6707,15.6711,15.6711,15.6716,15.6702,15.6705,15.6699,15.6699,15.6703,15.6703,15.6691,15.6695,15.6695,15.6695,15.6695,15.6702,15.6702,15.6704,15.6702,15.6699,15.6694,15.6699,15.6703,15.67,15.67,
Mon Apr 13 2020 04:55:05 GMT-0400 (Eastern Daylight Time)
15.6697,15.6697,15.6688,15.6692,15.6692,15.6661,15.6661,15.6657,15.6661,15.6645,15.6645,15.6627,15.6627,15.6627,15.6627,15.6627,15.6622,15.6614,15.6616,15.6611,15.6611,15.6609,15.6609,15.6609,15.6606,15.6602,15.66,15.66,15.6604,15.6604,15.6604,15.66,15.6602,15.6596,15.6596,15.6599,15.6599,15.6592,15.6592,15.6592,15.6592,15.6595,15.6595,15.6595,15.6595,15.6593,15.6593,15.6593,15.6593,15.6593,15.6593,15.6599,15.6596,15.6592,15.6592,15.66,15.66,15.6571,15.6571,15.6574,
Mon Apr 13 2020 04:56:05 GMT-0400 (Eastern Daylight Time)
15.6572,15.6576,15.6557,15.6557,15.6557,15.6555,15.6552,15.6557,15.6557,15.656,15.6565,15.6565,15.6565,15.6568,15.6564,15.6561,15.6546,15.6555,15.6559,15.6559,15.6559,15.6553,15.6551,15.6551,15.6551,15.6553,15.6553,15.6553,15.6557,15.6554,15.6557,15.6561,15.6561,15.6561,15.6558,15.6558,15.6558,15.6576,15.6576,15.6576,15.6576,15.6578,15.6585,15.6585,15.6585,15.6585,15.6585,15.6585,15.6593,15.6593,15.6593,15.6593,15.6593,15.6601,15.6594,15.6594,15.6597,15.6597,15.6597,15.6597,
Mon Apr 13 2020 04:57:06 GMT-0400 (Eastern Daylight Time)
15.6597,15.6597,15.6597,15.66,15.66,15.6603,15.6603,15.6603,15.6603,15.6607,15.6607,15.6607,15.6607,15.6602,15.6602,15.6596,15.6596,15.6596,15.66,15.66,15.66,15.66,15.66,15.6594,15.6594,15.6597,15.6597,15.66,15.66,15.66,15.6603,15.6603,15.6603,15.6596,15.6581,15.6574,15.6574,15.6568,15.6568,15.6568,15.6568,15.6573,15.6581,15.6582,15.6564,15.6564,15.6564,15.6566,15.6576,15.6556,15.6556,15.6556,15.6553,15.6544,15.6544,15.6544,15.6544,15.6544,15.6544,15.6544,
Mon Apr 13 2020 04:58:05 GMT-0400 (Eastern Daylight Time)
15.6544,15.6544,15.6544,15.6544,15.6544,15.655,15.6546,15.6546,15.6546,15.6537,15.6537,15.6533,15.6528,15.6528,15.6525,15.652,15.652,15.6529,15.653,15.653,15.6523,15.652,15.652,15.652,15.6522,15.6524,15.6517,15.6517,15.6517,15.6524,15.6527,15.6523,15.6523,15.6519,15.6514,15.6514,15.6514,15.6499,15.6503,15.6503,15.6507,15.651,15.651,15.6482,15.6482,15.6482,15.6478,15.6478,15.6475,15.6478,15.6478,15.6475,15.6475,15.6482,15.6475,15.6475,15.6471,15.6465,15.6465,15.6465,
Mon Apr 13 2020 04:59:05 GMT-0400 (Eastern Daylight Time)
15.6465,15.6465,15.6465,15.6465,15.6469,15.6462,15.6462,15.6462,15.6466,15.6473,15.6473,15.6469,15.6469,15.6469,15.6469,15.6469,15.6478,15.6478,15.6478,15.6483,15.6483,15.6489,15.6489,15.6489,15.6483,15.6484,15.6481,15.6478,15.6478,15.6485,15.6482,15.6478,15.6478,15.6469,15.6465,15.6463,15.6465,15.6451,15.6461,15.6461,15.6464,15.6467,15.6465,15.6468,15.6466,15.6462,15.6464,15.6464,15.6464,15.646,15.646,15.646,15.6467,15.6467,15.6467,15.6467,15.647,15.6472,15.6478,15.6478,
Mon Apr 13 2020 05:00:05 GMT-0400 (Eastern Daylight Time)
15.6469,15.6473,15.647,15.6456,15.6461,15.6463,15.6463,15.6463,15.6469,15.647,15.647,15.6461,15.6461,15.6487,15.6487,15.6493,15.6498,15.6492,15.6492,15.6492,15.6492,15.6496,15.6496,15.6493,15.6493,15.6491,15.6491,15.6491,15.6494,15.6494,15.6487,15.6479,15.6476,15.6476,15.649,15.6493,15.6493,15.6507,15.6507,15.6493,15.6489,15.648,15.648,15.648,15.648,15.6485,15.6485,15.6481,15.6483,15.648,15.648,15.6473,15.6477,15.6477,15.6483,15.6483,15.6483,15.6483,15.6494,15.6497,
Mon Apr 13 2020 05:02:05 GMT-0400 (Eastern Daylight Time)
15.6497,15.6494,15.6501,15.6501,15.6501,15.6504,15.6499,15.6489,15.6491,15.6484,15.6481,15.6475,15.6475,15.6475,15.6475,15.6479,15.6479,15.6476,15.6476,15.6478,15.6473,15.6473,15.6473,15.6509,15.6504,15.6484,15.6484,15.6484,15.6484,15.6486,15.6486,15.6496,15.6496,15.65,15.6494,15.6497,15.6497,15.6488,15.6484,15.6484,15.6488,15.6491,15.6481,15.6474,15.6474,15.6476,15.6476,15.6473,15.6473,15.6478,15.6475,15.6475,15.6475,15.6479,15.6479,15.6487,15.6487,15.6482,15.6482,15.6482,
Mon Apr 13 2020 05:03:04 GMT-0400 (Eastern Daylight Time)
15.6482,15.6482,15.6488,15.6482,15.6498,15.6498,15.6498,15.6494,15.6494,15.6494,15.6498,15.6506,15.6502,15.6502,15.6502,15.6502,15.6505,15.6515,15.6509,15.6509,15.6505,15.6505,15.6505,15.6505,15.6505,15.6505,15.6516,15.6516,15.6516,15.6516,15.653,15.653,15.653,15.653,15.6528,15.6528,15.6528,15.6528,15.6526,15.6523,15.6523,15.6523,15.6521,15.6519,15.6525,15.6525,15.6526,15.6526,15.6522,15.6532,15.6532,15.6532,15.6529,15.6526,15.6523,15.653,15.6526,15.6526,15.6518,15.6518,
Mon Apr 13 2020 05:04:05 GMT-0400 (Eastern Daylight Time)
15.6521,15.6524,15.6524,15.653,15.653,15.653,15.6534,15.6534,15.6531,15.6531,15.6534,15.6534,15.6534,15.6534,15.6529,15.6529,15.6529,15.6529,15.6529,15.6525,15.6514,15.6508,15.651,15.6507,15.6507,15.6507,15.6499,15.6499,15.6499,15.6502,15.6502,15.6499,15.6496,15.649,15.649,15.6518,15.6511,15.6505,15.6512,15.6512,15.6512,15.6501,15.6496,15.6496,15.6496,15.6499,15.6503,15.6503,15.6501,15.6516,15.6516,15.6514,15.6514,15.6516,15.6516,15.6516,15.6516,15.6514,15.6514,15.6484,
Mon Apr 13 2020 05:05:04 GMT-0400 (Eastern Daylight Time)
15.6484,15.6488,15.6488,15.6488,15.6488,15.6484,15.6482,15.6479,15.6479,15.6477,15.6474,15.6474,15.6474,15.6474,15.647,15.6473,15.6473,15.6473,15.6473,15.6469,15.6475,15.6481,15.6481,15.6484,15.6484,15.6486,15.6491,15.6488,15.6485,15.6485,15.6481,15.6481,15.6484,15.6487,15.6487,15.6487,15.6487,15.6487,15.6487,15.6487,15.6487,15.6487,15.6485,15.6485,15.6491,15.6491,15.6506,15.6509,15.6505,15.6517,15.6521,15.6521,15.6521,15.6525,15.6529,15.6529,15.6529,15.6524,15.6524,15.6527,
Mon Apr 13 2020 05:06:04 GMT-0400 (Eastern Daylight Time)
15.6529,15.6529,15.6526,15.6529,15.6532,15.6532,15.6535,15.653,15.653,15.6527,15.6515,15.6515,15.6521,15.6521,15.6504,15.6504,15.6504,15.6504,15.6504,15.6504,15.6504,15.6501,15.6506,15.6506,15.6506,15.651,15.6514,15.6514,15.6517,15.6517,15.6517,15.6517,15.6515,15.6515,15.6511,15.6511,15.6511,15.6507,15.6505,15.6503,15.6497,15.6502,15.6506,15.6503,15.65,15.6495,15.6491,15.6493,15.6493,15.6491,15.6491,15.649,15.649,15.649,15.6491,15.6491,15.6491,15.6499,15.649,15.6484,
Mon Apr 13 2020 05:07:05 GMT-0400 (Eastern Daylight Time)
15.648,15.648,15.6484,15.6474,15.6474,15.6474,15.648,15.648,15.648,15.6482,15.649,15.649,15.6495,15.6493,15.6493,15.6493,15.6493,15.6493,15.649,15.649,15.649,15.6484,15.6484,15.6484,15.6484,15.6484,15.6479,15.6479,15.6472,15.6472,15.6466,15.647,15.647,15.647,15.647,15.647,15.647,15.647,15.6474,15.6479,15.6479,15.6482,15.6482,15.6482,15.6478,15.6478,15.6478,15.6481,15.6481,15.6481,15.6478,15.6478,15.6478,15.6478,15.647,15.6467,15.6469,15.6469,15.6472,15.6476,
Mon Apr 13 2020 05:08:05 GMT-0400 (Eastern Daylight Time)
15.6476,15.6476,15.6473,15.6473,15.6471,15.6471,15.6471,15.6471,15.6471,15.6471,15.6475,15.6475,15.6469,15.6469,15.6472,15.6472,15.6469,15.6469,15.6473,15.6473,15.6473,15.6473,15.648,15.6475,15.6475,15.6478,15.6484,15.6487,15.6487,15.6484,15.6488,15.6494,15.6494,15.6494,15.6494,15.6494,15.6496,15.6496,15.6493,15.6493,15.6501,15.6499,15.6499,15.6492,15.6492,15.6496,15.6506,15.6506,15.6506,15.6513,15.6518,15.6518,15.6518,15.6518,15.6523,15.6526,15.6521,15.6521,15.6532,15.6527,
Mon Apr 13 2020 05:09:05 GMT-0400 (Eastern Daylight Time)
15.6527,15.6522,15.6526,15.6526,15.6523,15.6523,15.6514,15.6508,15.6511,15.6515,15.651,15.6514,15.6514,15.6514,15.6511,15.6511,15.6514,15.6514,15.6511,15.6511,15.6507,15.6507,15.6508,15.6508,15.6503,15.6503,15.6487,15.6487,15.6487,15.6483,15.6484,15.6484,15.6484,15.6484,15.6482,15.6482,15.6479,15.6479,15.6507,15.6507,15.6493,15.6491,15.6492,15.6496,15.6492,15.6485,15.6488,15.6491,15.6486,15.6488,15.6484,15.6491,15.6496,15.6496,15.652,15.6524,15.6522,15.652,15.6516,15.6516,
Mon Apr 13 2020 05:11:05 GMT-0400 (Eastern Daylight Time)
15.6516,15.658,15.6583,15.6576,15.6581,15.6581,15.6565,15.6572,15.6568,15.6569,15.6569,15.6592,15.6587,15.6584,15.6584,15.6584,15.6594,15.6589,15.6586,15.6586,15.6593,15.6593,15.6593,15.6593,15.659,15.6593,15.6579,15.6586,15.6586,15.6583,15.658,15.658,15.658,15.658,15.658,15.6577,15.6577,15.658,15.6585,15.6585,15.6585,15.6585,15.6582,15.6582,15.6582,15.6586,15.6586,15.6588,15.6588,15.658,15.6586,15.6589,15.6589,15.6592,15.6592,15.6588,15.6588,15.6582,15.6582,15.6582,
Mon Apr 13 2020 05:12:05 GMT-0400 (Eastern Daylight Time)
15.6582,15.6585,15.6592,15.6592,15.6592,15.6595,15.6595,15.6595,15.6598,15.6596,15.6588,15.6588,15.6588,15.6588,15.6588,15.6591,15.6591,15.6593,15.6588,15.6591,15.6596,15.6599,15.6591,15.6601,15.6601,15.6601,15.6587,15.6587,15.6587,15.6587,15.6589,15.6589,15.6592,15.6595,15.6566,15.6566,15.6563,15.6563,15.656,15.6562,15.6562,15.6576,15.6582,15.6582,15.6585,15.6588,15.6588,15.6583,15.658,15.6583,15.658,15.658,15.658,15.6575,15.6575,15.6575,15.6562,15.6566,15.6566,15.6563,
Mon Apr 13 2020 05:13:05 GMT-0400 (Eastern Daylight Time)
15.6563,15.6563,15.6563,15.6565,15.6561,15.6561,15.6564,15.6564,15.6564,15.6568,15.6567,15.6567,15.657,15.656,15.6563,15.6563,15.6552,15.6549,15.6539,15.6539,15.6571,15.6578,15.6575,15.6582,15.658,15.6576,15.6565,15.656,15.656,15.655,15.655,15.655,15.6543,15.6546,15.6561,15.6561,15.6559,15.6559,15.6559,15.657,15.6568,15.6559,15.6562,15.6545,15.6545,15.6545,15.6541,15.6547,15.6547,15.655,15.6544,15.655,15.655,15.6553,15.6544,15.6544,15.6544,15.6519,15.6516,15.6527,
Mon Apr 13 2020 05:14:05 GMT-0400 (Eastern Daylight Time)
15.6533,15.6533,15.6529,15.6536,15.6532,15.6536,15.6547,15.6542,15.6542,15.6545,15.6541,15.6546,15.6546,15.6554,15.655,15.655,15.6557,15.6557,15.6563,15.6565,15.6593,15.6593,15.6607,15.6612,15.6612,15.6606,15.6609,15.661,15.661,15.661,15.6612,15.6602,15.6602,15.6599,15.6597,15.6591,15.6592,15.6595,15.6595,15.6601,15.6601,15.6599,15.6611,15.662,15.662,15.662,15.6623,15.6626,15.6623,15.6623,15.6628,15.6622,15.6627,15.6631,15.6631,15.6625,15.663,15.6634,15.6634,15.6624,
Mon Apr 13 2020 05:15:05 GMT-0400 (Eastern Daylight Time)
15.6619,15.6619,15.6616,15.662,15.6624,15.6628,15.6625,15.6618,15.6614,15.6614,15.6619,15.6617,15.6609,15.6613,15.6613,15.6616,15.6622,15.6622,15.6631,15.6623,15.6623,15.6626,15.6616,15.6611,15.6611,15.6609,15.6614,15.6619,15.6616,15.6616,15.6619,15.6608,15.6604,15.6615,15.6615,15.6608,15.661,15.661,15.661,15.6616,15.6618,15.6614,15.6608,15.6596,15.6599,15.6599,15.6595,15.6585,15.6582,15.6582,15.6586,15.6586,15.6579,15.6582,15.6582,15.6576,15.6571,15.6568,15.6578,15.658,
Mon Apr 13 2020 05:16:05 GMT-0400 (Eastern Daylight Time)
15.6583,15.6584,15.6601,15.6597,15.66,15.66,15.6603,15.6606,15.6604,15.6604,15.6609,15.6611,15.6616,15.6615,15.6615,15.6611,15.6614,15.6607,15.6599,15.6604,15.661,15.661,15.6618,15.6615,15.6608,15.6611,15.6611,15.6608,15.6605,15.6605,15.6609,15.6623,15.662,15.6616,15.662,15.6619,15.6617,15.6617,15.6611,15.6609,15.6609,15.6602,15.6605,15.6611,15.6608,15.6603,15.6603,15.6616,15.6617,15.6617,15.662,15.663,15.6633,15.6633,15.6633,15.663,15.6638,15.6613,15.6609,15.661,
Mon Apr 13 2020 05:17:05 GMT-0400 (Eastern Daylight Time)
15.6606,15.6606,15.6608,15.6596,15.6596,15.6596,15.6599,15.6602,15.6595,15.6607,15.6604,15.6603,15.6603,15.6607,15.6607,15.6607,15.6611,15.6609,15.6605,15.6623,15.6616,15.662,15.6618,15.6618,15.6622,15.6622,15.6607,15.6611,15.6615,15.6623,15.6623,15.6618,15.6605,15.6605,15.6623,15.6629,15.6632,15.6628,15.6634,15.6639,15.6639,15.6642,15.6639,15.6637,15.6637,15.6637,15.6633,15.6643,15.664,15.664,15.6636,15.6638,15.6638,15.6641,15.6628,15.6631,15.663,15.663,15.6631,15.6618,
Mon Apr 13 2020 05:18:05 GMT-0400 (Eastern Daylight Time)
15.6618,15.6614,15.6614,15.6603,15.6603,15.6601,15.6601,15.6599,15.6606,15.6606,15.6604,15.6585,15.6577,15.6572,15.6585,15.6583,15.6583,15.6583,15.6581,15.6576,15.6576,15.6576,15.6576,15.658,15.6583,15.6583,15.6586,15.6589,15.6589,15.6591,15.6573,15.6568,15.6572,15.6567,15.6561,15.6555,15.6558,15.6558,15.6552,15.6555,15.656,15.6565,15.657,15.6573,15.6573,15.6578,15.6578,15.6585,15.659,15.659,15.6586,15.6583,15.6583,15.6586,15.6586,15.6582,15.6582,15.6585,15.6588,15.6588,
Mon Apr 13 2020 05:19:05 GMT-0400 (Eastern Daylight Time)
15.6588,15.6588,15.6578,15.658,15.6577,15.6587,15.6587,15.6591,15.6591,15.6591,15.6596,15.6589,15.6585,15.6585,15.659,15.6589,15.6594,15.659,15.6587,15.6575,15.6577,15.6577,15.6572,15.6582,15.6578,15.6572,15.657,15.6574,15.6574,15.6576,15.6576,15.6585,15.6591,15.6595,15.6598,15.66,15.6593,15.6593,15.6591,15.6572,15.6571,15.6562,15.6558,15.6561,15.6569,15.657,15.657,15.6575,15.6577,15.6577,15.6578,15.6596,15.6598,15.6595,15.6595,15.6582,15.6585,15.6587,15.6584,15.6592,
Mon Apr 13 2020 05:20:05 GMT-0400 (Eastern Daylight Time)
15.6602,15.6602,15.6605,15.6611,15.6616,15.661,15.6621,15.6629,15.6631,15.6625,15.6629,15.6637,15.6636,15.6634,15.6634,15.6641,15.6641,15.6645,15.6645,15.6649,15.6649,15.6652,15.6662,15.6669,15.6666,15.6666,15.6668,15.6668,15.6645,15.6649,15.6635,15.6632,15.6629,15.6629,15.6633,15.663,15.6634,15.6637,15.6637,15.6628,15.6634,15.6638,15.6643,15.6647,15.6644,15.6652,15.6652,15.665,15.6634,15.6634,15.6619,15.6627,15.6631,15.6623,15.6631,15.6636,15.6633,15.6635,15.6643,15.664,
Mon Apr 13 2020 05:21:05 GMT-0400 (Eastern Daylight Time)
15.664,15.6637,15.6635,15.6639,15.6644,15.6642,15.6642,15.6645,15.6645,15.6641,15.6641,15.6624,15.6621,15.6621,15.6618,15.6619,15.6613,15.6613,15.6619,15.6618,15.6611,15.6602,15.661,15.6614,15.6614,15.6614,15.6614,15.6611,15.6611,15.6611,15.6612,15.6612,15.6622,15.663,15.6624,15.6634,15.6634,15.6631,15.6635,15.6635,15.6641,15.6641,15.6641,15.6635,15.6632,15.6632,15.6632,15.6634,15.6634,15.6634,15.6637,15.6637,15.664,15.6643,15.6643,15.665,15.6636,15.6636,15.6636,15.6645,
Mon Apr 13 2020 05:22:05 GMT-0400 (Eastern Daylight Time)
15.6648,15.6645,15.6642,15.6641,15.6641,15.6641,15.6638,15.6647,15.6647,15.6647,15.6647,15.6647,15.6647,15.6647,15.6647,15.6647,15.6651,15.6656,15.6654,15.6651,15.6651,15.6651,15.6654,15.6646,15.665,15.6647,15.6647,15.6649,15.6649,15.6643,15.6646,15.6646,15.6642,15.6635,15.6635,15.6643,15.6646,15.6649,15.6649,15.6651,15.6654,15.6648,15.665,15.6643,15.6643,15.6643,15.6643,15.6643,15.6644,15.6644,15.6641,15.6641,15.6633,15.6633,15.6647,15.6647,15.6642,15.6642,15.6644,15.6647,
Mon Apr 13 2020 05:23:05 GMT-0400 (Eastern Daylight Time)
15.6645,15.6655,15.6655,15.6656,15.6653,15.665,15.665,15.6649,15.6652,15.6658,15.6663,15.6654,15.6666,15.6671,15.6671,15.6645,15.6643,15.6644,15.6641,15.6641,15.6641,15.6652,15.6641,15.6642,15.6648,15.6644,15.6644,15.6644,15.6644,15.6644,15.6651,15.6633,15.6633,15.6631,15.6634,15.6634,15.6631,15.6636,15.6636,15.6628,15.6628,15.6633,15.6633,15.6638,15.6634,15.6638,15.6641,15.6641,15.6639,15.6639,15.6639,15.6642,15.6631,15.6633,15.6633,15.6629,15.6629,15.6629,15.6637,15.6633,
Mon Apr 13 2020 05:24:05 GMT-0400 (Eastern Daylight Time)
15.6633,15.6633,15.6633,15.6633,15.6637,15.6637,15.6634,15.6634,15.6627,15.6627,15.6627,15.6627,15.664,15.6647,15.6644,15.664,15.6636,15.6649,15.6656,15.6656,15.6653,15.6658,15.6658,15.6658,15.6658,15.666,15.6669,15.6669,15.6669,15.6666,15.6663,15.6663,15.669,15.669,15.669,15.6681,15.6681,15.6681,15.6679,15.6679,15.6676,15.6678,15.6675,15.6681,15.668,15.6683,15.6683,15.6691,15.6695,15.6698,15.6698,15.6695,15.6691,15.6694,15.6694,15.6694,15.6699,15.6711,15.6708,15.6708,
Mon Apr 13 2020 05:25:05 GMT-0400 (Eastern Daylight Time)
15.6711,15.6704,15.6704,15.6697,15.67,15.67,15.6696,15.6696,15.67,15.67,15.6703,15.6717,15.6717,15.6718,15.6718,15.6712,15.6714,15.6714,15.6711,15.6711,15.6718,15.6725,15.6722,15.6722,15.6726,15.6726,15.6726,15.6723,15.6727,15.6725,15.6725,15.6714,15.6714,15.6709,15.6713,15.6703,15.6726,15.6726,15.6731,15.6731,15.6731,15.6733,15.6733,15.6737,15.6723,15.672,15.672,15.672,15.6719,15.6715,15.6717,15.6717,15.6735,15.6738,15.6742,15.6736,15.6729,15.6729,15.6729,15.6726,
Mon Apr 13 2020 05:26:04 GMT-0400 (Eastern Daylight Time)
15.6726,15.6726,15.6733,15.6733,15.6733,15.6733,15.6733,15.6733,15.6733,15.6733,15.6741,15.6741,15.6744,15.6748,15.6755,15.6755,15.6752,15.6752,15.6749,15.6748,15.6745,15.6756,15.676,15.676,15.6759,15.6759,15.677,15.677,15.6775,15.6763,15.6761,15.6761,15.6757,15.675,15.6751,15.6751,15.6749,15.6749,15.6743,15.6746,15.6752,15.674,15.674,15.6713,15.6711,15.6716,15.6716,15.6713,15.6704,15.67,15.6702,15.6702,15.6702,15.6706,15.6706,15.6706,15.6694,15.669,15.669,15.6685,
Mon Apr 13 2020 05:28:05 GMT-0400 (Eastern Daylight Time)
15.6662,15.6662,15.6668,15.6677,15.668,15.6685,15.6682,15.6682,15.6672,15.6648,15.665,15.665,15.6647,15.6647,15.6642,15.6649,15.6652,15.6652,15.665,15.6656,15.6661,15.6659,15.6659,15.6688,15.6686,15.6684,15.6684,15.6684,15.6668,15.6668,15.6668,15.6665,15.6688,15.6685,15.6685,15.6686,15.6693,15.6695,15.6695,15.6695,15.6692,15.6695,15.6693,15.6693,15.669,15.6685,15.6685,15.6685,15.6687,15.6683,15.6683,15.6682,15.6682,15.6696,15.6698,15.6698,15.67,15.67,15.67,15.6695,
Mon Apr 13 2020 05:29:05 GMT-0400 (Eastern Daylight Time)
15.67,15.67,15.6713,15.6713,15.6718,15.6718,15.6718,15.6723,15.6719,15.6719,15.6719,15.6719,15.6719,15.6748,15.6745,15.6745,15.6748,15.6754,15.6754,15.6758,15.6758,15.6758,15.6758,15.6758,15.6755,15.6755,15.6758,15.6758,15.6763,15.6763,15.6763,15.6766,15.6756,15.6756,15.6762,15.6762,15.6762,15.6762,15.6766,15.6738,15.6741,15.6741,15.6738,15.6741,15.6736,15.6765,15.6759,15.6759,15.6759,15.6766,15.6766,15.6766,15.6764,15.6765,15.6761,15.6758,15.6756,15.6756,15.6741,15.6745,
Mon Apr 13 2020 05:30:05 GMT-0400 (Eastern Daylight Time)
15.6745,15.6745,15.6737,15.6737,15.6731,15.6727,15.6735,15.6737,15.6733,15.6725,15.6728,15.6715,15.6714,15.6714,15.6714,15.6713,15.6707,15.6704,15.6734,15.6734,15.6737,15.6748,15.6751,15.6751,15.6743,15.6746,15.675,15.675,15.6766,15.6764,15.6761,15.6761,15.6756,15.6766,15.6766,15.6766,15.6774,15.6789,15.6789,15.6789,15.6789,15.6789,15.6789,15.6789,15.6798,15.6788,15.6788,15.6792,15.6776,15.6761,15.6761,15.6764,15.6762,15.6762,15.6765,15.6765,15.676,15.676,15.676,15.676,
Mon Apr 13 2020 05:31:05 GMT-0400 (Eastern Daylight Time)
15.6763,15.6763,15.6763,15.6758,15.6758,15.6758,15.6755,15.6755,15.6763,15.6761,15.6761,15.6756,15.676,15.676,15.6757,15.6757,15.6757,15.676,15.676,15.676,15.6767,15.6764,15.6764,15.6761,15.6752,15.6752,15.676,15.676,15.6756,15.6756,15.6753,15.6759,15.6743,15.6745,15.6724,15.6727,15.6734,15.673,15.6733,15.6733,15.6735,15.6733,15.6719,15.6724,15.6715,15.6704,15.6694,15.6712,15.6712,15.6712,15.6715,15.6715,15.6715,15.6711,15.6711,15.6709,15.6711,15.6706,15.6714,15.6717,
Mon Apr 13 2020 05:32:05 GMT-0400 (Eastern Daylight Time)
15.6721,15.6725,15.6725,15.6722,15.6719,15.6711,15.6711,15.6711,15.6715,15.6715,15.6715,15.6715,15.6711,15.6725,15.6728,15.6726,15.6724,15.6717,15.672,15.673,15.673,15.673,15.673,15.6727,15.6735,15.6735,15.6725,15.6725,15.6721,15.6728,15.6728,15.6725,15.6722,15.6722,15.6727,15.6724,15.6724,15.6724,15.6724,15.6717,15.6717,15.6713,15.6713,15.6715,15.6718,15.6718,15.6718,15.6709,15.6712,15.6715,15.6715,15.6715,15.6723,15.6715,15.6711,15.6711,15.6727,15.6723,15.6715,15.6715,
Mon Apr 13 2020 05:33:04 GMT-0400 (Eastern Daylight Time)
15.6714,15.6708,15.6703,15.6703,15.671,15.6704,15.6704,15.6702,15.6706,15.6706,15.6706,15.6706,15.6707,15.6703,15.6707,15.6715,15.67,15.6703,15.6686,15.6681,15.6682,15.6685,15.6685,15.6685,15.6687,15.6683,15.6687,15.6684,15.6684,15.6681,15.6681,15.6681,15.6681,15.6679,15.6676,15.6668,15.6668,15.6661,15.6658,15.6658,15.6664,15.6657,15.665,15.665,15.6645,15.6652,15.6655,15.6655,15.6658,15.6661,15.6661,15.6661,15.6661,15.6665,15.6665,15.6665,15.6665,15.6664,15.6664,15.6666,
Mon Apr 13 2020 05:34:05 GMT-0400 (Eastern Daylight Time)
15.6663,15.666,15.665,15.665,15.665,15.6653,15.6653,15.6653,15.6653,15.6648,15.665,15.6652,15.6648,15.665,15.6646,15.6646,15.6646,15.6646,15.6653,15.6648,15.6651,15.6657,15.6654,15.6652,15.6647,15.6644,15.6642,15.6656,15.6656,15.6664,15.6664,15.6664,15.6664,15.6661,15.6664,15.6646,15.6646,15.6646,15.6646,15.6646,15.6646,15.6656,15.6647,15.6631,15.6639,15.6636,15.664,15.664,15.664,15.6643,15.6639,15.6643,15.6643,15.664,15.6631,15.6631,15.6638,15.6636,15.6615,15.6618,
Mon Apr 13 2020 05:35:05 GMT-0400 (Eastern Daylight Time)
15.6618,15.6612,15.6602,15.6602,15.6602,15.6602,15.6603,15.6591,15.6589,15.6579,15.6579,15.6586,15.6597,15.6597,15.6597,15.6597,15.6604,15.6604,15.6628,15.6618,15.6618,15.6611,15.6614,15.6614,15.6617,15.6626,15.6626,15.6629,15.6627,15.663,15.6632,15.6632,15.6632,15.6626,15.6629,15.6629,15.6632,15.6652,15.6657,15.6654,15.6648,15.664,15.6628,15.6621,15.6626,15.6633,15.664,15.6637,15.664,15.6623,15.6613,15.661,15.6612,15.6613,15.6632,15.6632,15.6632,15.6634,15.6635,15.6632,
Mon Apr 13 2020 05:36:04 GMT-0400 (Eastern Daylight Time)
15.6635,15.6638,15.664,15.6631,15.6639,15.6639,15.6645,15.6651,15.6655,15.6658,15.6661,15.6658,15.6661,15.6655,15.6665,15.6668,15.6664,15.6649,15.666,15.666,15.6669,15.6663,15.6663,15.6667,15.6664,15.6667,15.6673,15.667,15.6667,15.6645,15.6649,15.6654,15.6658,15.668,15.668,15.6661,15.6663,15.6671,15.6656,15.6656,15.6649,15.6649,15.6652,15.6645,15.6645,15.6656,15.6654,15.6654,15.6658,15.6662,15.6659,15.6659,15.6668,15.667,15.667,15.6672,15.6702,15.6704,15.6701,15.6698,
Mon Apr 13 2020 05:37:05 GMT-0400 (Eastern Daylight Time)
15.6698,15.6694,15.6694,15.6674,15.6674,15.6678,15.667,15.667,15.6667,15.6664,15.6656,15.6656,15.6659,15.6659,15.6661,15.6669,15.6669,15.6666,15.6666,15.6663,15.6663,15.6661,15.6657,15.666,15.6657,15.6658,15.6658,15.6658,15.6658,15.6652,15.6657,15.6657,15.6661,15.6661,15.6665,15.6662,15.6667,15.667,15.6673,15.6677,15.6677,15.6674,15.667,15.668,15.668,15.6665,15.6665,15.666,15.666,15.6659,15.6657,15.6649,15.6656,15.666,15.6663,15.6668,15.6665,15.6665,15.6665,15.6662,
Mon Apr 13 2020 05:38:04 GMT-0400 (Eastern Daylight Time)
15.6657,15.6657,15.6656,15.6658,15.6656,15.6657,15.6657,15.6658,15.6653,15.6657,15.6655,15.6655,15.6653,15.6651,15.6651,15.6655,15.6653,15.6646,15.6646,15.6635,15.6635,15.6627,15.6627,15.6627,15.6622,15.6618,15.6618,15.6616,15.662,15.6622,15.6622,15.6622,15.6622,15.6617,15.6619,15.6609,15.6611,15.6609,15.6597,15.6601,15.6601,15.6582,15.6582,15.6578,15.6583,15.6587,15.6582,15.6586,15.6581,15.6583,15.6588,15.6578,15.6578,15.6578,15.6581,15.6581,15.6581,15.6583,15.6597,15.6597,
Mon Apr 13 2020 05:39:04 GMT-0400 (Eastern Daylight Time)
15.6593,15.6603,15.6599,15.6596,15.6594,15.6594,15.6594,15.6594,15.6594,15.6594,15.6594,15.6594,15.6599,15.6595,15.6597,15.66,15.66,15.66,15.66,15.661,15.6605,15.6615,15.6605,15.6603,15.6606,15.6618,15.6612,15.6612,15.6612,15.6616,15.6616,15.6641,15.6641,15.6638,15.6635,15.6639,15.6649,15.6654,15.6654,15.6654,15.6659,15.6656,15.6659,15.6663,15.6671,15.6676,15.6676,15.6684,15.6679,15.6687,15.669,15.6692,15.6692,15.671,15.6714,15.6712,15.6712,15.671,15.6717,15.6726,
Mon Apr 13 2020 05:40:04 GMT-0400 (Eastern Daylight Time)
15.6721,15.6718,15.6719,15.6749,15.6766,15.6774,15.6779,15.6775,15.6779,15.6783,15.6787,15.679,15.679,15.6798,15.6798,15.6787,15.6794,15.6797,15.6791,15.679,15.6793,15.6793,15.6794,15.6802,15.6799,15.6804,15.6804,15.6804,15.6804,15.6812,15.6815,15.6822,15.6822,15.6825,15.6838,15.6838,15.6841,15.6836,15.684,15.685,15.685,15.6854,15.684,15.6836,15.6832,15.6803,15.6799,15.6795,15.6802,15.6813,15.6813,15.6807,15.6807,15.6808,15.6811,15.6813,15.6813,15.6811,15.6812,15.6804,
Mon Apr 13 2020 05:41:05 GMT-0400 (Eastern Daylight Time)
15.6806,15.6821,15.6821,15.6831,15.6831,15.6834,15.6834,15.6837,15.6842,15.6842,15.684,15.684,15.6845,15.6845,15.6857,15.686,15.686,15.6864,15.6864,15.6858,15.6856,15.6855,15.6861,15.6857,15.6857,15.6852,15.6854,15.6849,15.6842,15.6848,15.6846,15.6851,15.6855,15.6848,15.685,15.6847,15.6844,15.6837,15.6838,15.6841,15.6837,15.6828,15.6831,15.6824,15.6824,15.6816,15.6819,15.6833,15.6833,15.6828,15.6828,15.6833,15.6828,15.6822,15.6826,15.6826,15.6824,15.6819,15.6819,15.6823,
Mon Apr 13 2020 05:42:05 GMT-0400 (Eastern Daylight Time)
15.6827,15.6824,15.6821,15.6821,15.6818,15.6818,15.6833,15.6833,15.6836,15.6826,15.6806,15.68,15.6796,15.6787,15.6787,15.679,15.6794,15.6792,15.6789,15.6793,15.6793,15.6777,15.6775,15.6779,15.6776,15.6766,15.676,15.6757,15.6754,15.6745,15.673,15.6732,15.6732,15.6732,15.6728,15.6734,15.6731,15.6736,15.673,15.673,15.6732,15.6766,15.6757,15.6748,15.6748,15.6745,15.6745,15.6745,15.6745,15.6747,15.6744,15.6744,15.675,15.675,15.675,15.675,15.6746,15.674,15.6745,15.6745,
Mon Apr 13 2020 05:43:04 GMT-0400 (Eastern Daylight Time)
15.674,15.6737,15.674,15.675,15.6748,15.6744,15.6747,15.6747,15.6747,15.674,15.6737,15.6737,15.6744,15.6744,15.6741,15.6741,15.6743,15.6743,15.6743,15.6743,15.6743,15.6743,15.6747,15.6741,15.6741,15.6744,15.6721,15.6729,15.6717,15.6712,15.6709,15.6706,15.6702,15.6702,15.6705,15.6708,15.6708,15.6704,15.6704,15.6704,15.6704,15.6702,15.6698,15.6698,15.6694,15.6694,15.67,15.6707,15.6707,15.6704,15.6701,15.6698,15.669,15.669,15.6681,15.6687,15.6684,15.6684,15.6671,15.6671,
Mon Apr 13 2020 05:44:05 GMT-0400 (Eastern Daylight Time)
15.6671,15.6661,15.6651,15.6659,15.6673,15.6675,15.6677,15.6677,15.6667,15.667,15.6675,15.6675,15.6657,15.666,15.6663,15.665,15.6655,15.6664,15.6658,15.6679,15.6679,15.6682,15.6686,15.6688,15.6688,15.6688,15.6699,15.6695,15.6695,15.6703,15.6712,15.6721,15.6724,15.672,15.672,15.6717,15.6714,15.6724,15.6721,15.6721,15.6725,15.6722,15.6716,15.671,15.67,15.67,15.6703,15.6703,15.6706,15.6706,15.6694,15.6701,15.6698,15.6702,15.6718,15.6709,15.6715,15.6726,15.6735,15.6744,
Mon Apr 13 2020 05:45:04 GMT-0400 (Eastern Daylight Time)
15.6742,15.6742,15.6742,15.6744,15.6744,15.6746,15.6737,15.6737,15.6739,15.6739,15.6759,15.6759,15.6793,15.6793,15.6796,15.6777,15.678,15.6784,15.6793,15.679,15.679,15.679,15.68,15.6798,15.6801,15.6797,15.6797,15.6801,15.6805,15.6805,15.6805,15.6805,15.6808,15.6808,15.6808,15.6808,15.6827,15.6827,15.6833,15.6833,15.6829,15.6832,15.6835,15.6839,15.6839,15.6839,15.6839,15.6839,15.6839,15.6837,15.6836,15.6833,15.6833,15.6833,15.6862,15.6859,15.6863,15.6866,15.6866,15.6866,
Mon Apr 13 2020 05:46:05 GMT-0400 (Eastern Daylight Time)
15.6869,15.6868,15.687,15.687,15.687,15.6866,15.6862,15.6862,15.6865,15.6865,15.6865,15.6865,15.6865,15.6865,15.6861,15.6864,15.6864,15.6864,15.6871,15.6867,15.6853,15.6847,15.6842,15.6842,15.6842,15.6839,15.6843,15.6843,15.6835,15.6823,15.6834,15.6831,15.6844,15.6838,15.685,15.6846,15.6842,15.6842,15.6836,15.6832,15.6832,15.6835,15.6835,15.6835,15.6835,15.6835,15.6831,15.6839,15.6852,15.6852,15.685,15.6846,15.6817,15.682,15.6832,15.6832,15.6827,15.683,15.6839,15.6839,
Mon Apr 13 2020 05:47:05 GMT-0400 (Eastern Daylight Time)
15.6841,15.6841,15.6842,15.6833,15.6831,15.6823,15.6819,15.6824,15.6817,15.6817,15.6826,15.6823,15.681,15.6819,15.6819,15.6833,15.6833,15.6833,15.6835,15.6835,15.684,15.6843,15.6835,15.6835,15.6835,15.6827,15.6827,15.6836,15.6836,15.6836,15.6828,15.6828,15.6824,15.6824,15.6826,15.6826,15.6826,15.6824,15.6824,15.6824,15.6827,15.6831,15.6831,15.6831,15.6831,15.6831,15.6829,15.684,15.6843,15.6841,15.6836,15.6836,15.6838,15.6841,15.6838,15.6835,15.6832,15.6832,15.6832,15.6832,
Mon Apr 13 2020 05:48:05 GMT-0400 (Eastern Daylight Time)
15.6835,15.6835,15.6832,15.6832,15.6832,15.6832,15.6833,15.6833,15.6845,15.6855,15.6858,15.6858,15.6856,15.6868,15.6873,15.6873,15.6873,15.6874,15.6876,15.6876,15.689,15.6894,15.6894,15.6896,15.6896,15.6896,15.6891,15.6897,15.6899,15.6899,15.6899,15.6899,15.6904,15.6904,15.6915,15.6918,15.6921,15.6914,15.6911,15.6915,15.6911,15.6911,15.6903,15.6903,15.69,15.69,15.6909,15.6903,15.6929,15.6929,15.6929,15.6929,15.6927,15.6927,15.6927,15.6927,15.6927,15.6921,15.6921,15.6924,
Mon Apr 13 2020 05:49:05 GMT-0400 (Eastern Daylight Time)
15.6922,15.6925,15.6925,15.6925,15.6943,15.6941,15.6947,15.6945,15.6948,15.6948,15.695,15.6957,15.6962,15.6962,15.696,15.696,15.6961,15.6958,15.6963,15.697,15.697,15.6976,15.6976,15.6978,15.6974,15.7,15.7003,15.6999,15.7014,15.7014,15.7014,15.7025,15.7025,15.7019,15.702,15.7038,15.7048,15.7045,15.7036,15.7025,15.7023,15.7023,15.7037,15.7032,15.7035,15.7035,15.7015,15.7015,15.7015,15.7015,15.7011,15.7008,15.7012,15.7012,15.7008,15.7008,15.701,15.7007,15.7019,15.7014,
Mon Apr 13 2020 05:50:04 GMT-0400 (Eastern Daylight Time)
15.7008,15.7008,15.7006,15.7006,15.7012,15.7012,15.7012,15.7002,15.7004,15.7004,15.7012,15.7012,15.7012,15.6998,15.6996,15.6983,15.6988,15.6971,15.6971,15.6957,15.6954,15.6947,15.6949,15.6952,15.6937,15.6937,15.6933,15.6937,15.6931,15.6931,15.6934,15.6934,15.6931,15.6926,15.6919,15.6919,15.6921,15.693,15.6934,15.6934,15.6934,15.6928,15.6925,15.6931,15.6931,15.6936,15.6938,15.6935,15.6931,15.6928,15.693,15.6933,15.6937,15.6924,15.6926,15.6919,15.6923,15.6919,15.6919,15.6917,
Mon Apr 13 2020 05:51:05 GMT-0400 (Eastern Daylight Time)
15.691,15.691,15.6918,15.6915,15.6914,15.6919,15.6919,15.6917,15.6917,15.6914,15.6914,15.6914,15.6921,15.6921,15.6916,15.6916,15.6916,15.6912,15.6907,15.6907,15.6911,15.6913,15.6908,15.6915,15.6915,15.6915,15.6915,15.6915,15.6918,15.6915,15.691,15.691,15.6912,15.6912,15.6912,15.6899,15.6899,15.6899,15.6904,15.6897,15.6897,15.6891,15.6895,15.6892,15.689,15.689,15.6881,15.6881,15.6881,15.6892,15.6892,15.6897,15.6901,15.6901,15.6894,15.69,15.69,15.69,15.6914,15.6914,
Mon Apr 13 2020 05:52:06 GMT-0400 (Eastern Daylight Time)
15.691,15.691,15.691,15.6919,15.6925,15.6922,15.6923,15.6928,15.6939,15.6934,15.6937,15.6937,15.694,15.694,15.6956,15.6956,15.6959,15.6959,15.6961,15.6961,15.6953,15.6958,15.6947,15.6947,15.695,15.6953,15.6961,15.6956,15.697,15.6965,15.6974,15.6974,15.6971,15.6984,15.6984,15.6987,15.6989,15.6989,15.6991,15.6991,15.6979,15.6979,15.6989,15.6999,15.6996,15.6996,15.6998,15.6998,15.6998,15.7001,15.7005,15.7005,15.7002,15.701,15.7005,15.6998,15.6998,15.7012,15.7007,15.7007,
Mon Apr 13 2020 05:53:04 GMT-0400 (Eastern Daylight Time)
15.7002,15.7002,15.701,15.7007,15.7012,15.7012,15.7014,15.7018,15.7018,15.7018,15.7002,15.6996,15.6996,15.699,15.6987,15.6982,15.6974,15.6971,15.6993,15.699,15.6997,15.7007,15.7011,15.7013,15.6993,15.6999,15.6994,15.6994,15.6991,15.6989,15.6993,15.699,15.6984,15.6998,15.6988,15.6985,15.6991,15.6991,15.6993,15.6985,15.6993,15.699,15.7001,15.6998,15.6998,15.7002,15.7004,15.6999,15.6999,15.6999,15.7005,15.7,15.7004,15.7014,15.7025,15.7025,15.7025,15.7025,15.7025,15.7022,
Mon Apr 13 2020 05:54:05 GMT-0400 (Eastern Daylight Time)
15.7027,15.7012,15.702,15.702,15.7015,15.7009,15.7016,15.7013,15.7013,15.7011,15.7015,15.7008,15.7008,15.7008,15.7005,15.7005,15.7009,15.7009,15.7014,15.7008,15.6994,15.7,15.6996,15.6998,15.7003,15.7006,15.7008,15.7008,15.7008,15.7014,15.701,15.701,15.701,15.7015,15.7015,15.7037,15.7033,15.7035,15.7033,15.7033,15.7029,15.7026,15.7032,15.7032,15.7032,15.703,15.703,15.7023,15.7026,15.7026,15.7032,15.7029,15.7034,15.7034,15.7032,15.7036,15.7032,15.7032,15.7032,15.7032,
Mon Apr 13 2020 05:55:04 GMT-0400 (Eastern Daylight Time)
15.7049,15.7049,15.7049,15.7031,15.7031,15.7031,15.7016,15.7014,15.7018,15.7022,15.7022,15.7023,15.7023,15.703,15.703,15.7022,15.6999,15.6999,15.6993,15.6998,15.6995,15.698,15.6974,15.697,15.697,15.6966,15.6969,15.6969,15.6969,15.6964,15.6964,15.6961,15.697,15.6968,15.6968,15.6978,15.6984,15.6984,15.6988,15.6985,15.6981,15.6985,15.6988,15.6974,15.6958,15.6973,15.6967,15.6967,15.6957,15.6953,15.6947,15.6946,15.6952,15.6956,15.6963,15.696,15.6931,15.6926,15.6928,15.6931,
Mon Apr 13 2020 05:56:05 GMT-0400 (Eastern Daylight Time)
15.6931,15.6925,15.6925,15.6954,15.6954,15.6962,15.6968,15.6973,15.6973,15.6969,15.6966,15.6955,15.6942,15.6938,15.6938,15.6938,15.6933,15.6937,15.6927,15.6924,15.6924,15.6924,15.6911,15.6915,15.6923,15.6941,15.6941,15.6938,15.6938,15.6933,15.6933,15.693,15.6934,15.6923,15.6929,15.693,15.6933,15.6931,15.6931,15.6934,15.6934,15.6932,15.6924,15.6922,15.6919,15.6914,15.6914,15.6912,15.6908,15.6908,15.6905,15.6903,15.6898,15.6898,15.6901,15.6899,15.6899,15.6899,15.6899,15.6899,
Mon Apr 13 2020 05:57:05 GMT-0400 (Eastern Daylight Time)
15.689,15.689,15.6893,15.689,15.689,15.6893,15.689,15.6886,15.6886,15.6886,15.6886,15.6886,15.6888,15.6879,15.6879,15.6879,15.6881,15.6881,15.6885,15.689,15.6887,15.6898,15.6895,15.6901,15.6904,15.6904,15.6901,15.6898,15.6895,15.6895,15.6897,15.6897,15.6888,15.6888,15.6885,15.6884,15.6877,15.688,15.688,15.6883,15.6886,15.6882,15.6883,15.688,15.6877,15.688,15.688,15.6893,15.6892,15.6884,15.6881,15.6883,15.6883,15.6883,15.6883,15.6883,15.6883,15.688,15.688,15.688,
Mon Apr 13 2020 05:58:05 GMT-0400 (Eastern Daylight Time)
15.688,15.688,15.688,15.6876,15.6876,15.6871,15.6871,15.6868,15.6868,15.6871,15.6871,15.686,15.6859,15.6859,15.6856,15.6857,15.6878,15.6873,15.6887,15.6895,15.69,15.69,15.6901,15.6901,15.691,15.6906,15.6906,15.6896,15.6894,15.6894,15.6894,15.6902,15.6902,15.6911,15.6907,15.6909,15.6909,15.6898,15.6898,15.6892,15.6897,15.6897,15.6897,15.6888,15.6885,15.6883,15.6877,15.6879,15.6873,15.6873,15.6873,15.6879,15.6876,15.6872,15.6872,15.687,15.6869,15.6852,15.6854,15.6853,
Mon Apr 13 2020 05:59:05 GMT-0400 (Eastern Daylight Time)
15.6853,15.6853,15.6852,15.6847,15.6847,15.6837,15.684,15.684,15.6837,15.6839,15.6839,15.6835,15.6846,15.6846,15.6845,15.6845,15.6845,15.6841,15.683,15.6833,15.6828,15.6825,15.6822,15.6825,15.6822,15.6822,15.6825,15.6825,15.683,15.6827,15.6834,15.6834,15.6838,15.6836,15.6807,15.6807,15.6811,15.6811,15.6819,15.6824,15.6828,15.6831,15.6828,15.683,15.683,15.6831,15.6829,15.6828,15.6828,15.6828,15.6828,15.6825,15.6827,15.6834,15.6834,15.685,15.6844,15.684,15.6831,15.6821,
