Sun Apr 19 2020 22:58:01 GMT-0400 (Eastern Daylight Time)
15.0847,15.0844,15.0839,15.0833,15.0833,15.0833,15.0828,15.0828,15.0825,15.083,15.083,15.0822,15.083,15.0824,15.0825,15.084,15.084,15.0848,15.0834,15.084,15.084,15.0854,15.0842,15.0842,15.0842,15.0823,15.083,15.083,15.0828,15.0831,15.0833,15.0837,15.0846,15.0847,15.085,15.0847,15.0849,15.0849,15.0854,15.0856,15.0847,15.084,15.0843,15.084,15.0837,15.0834,15.0828,15.0828,15.0842,15.0842,15.0844,15.084,15.0836,15.084,15.0834,15.0828,15.0826,15.0818,15.0842,15.0842,
Sun Apr 19 2020 22:59:00 GMT-0400 (Eastern Daylight Time)
15.0839,15.0839,15.0844,15.0862,15.0862,15.0862,15.0854,15.0845,15.0841,15.0844,15.0848,15.0851,15.0847,15.0847,15.0846,15.0839,15.0844,15.0844,15.084,15.0844,15.0843,15.0843,15.0857,15.0857,15.0857,15.0857,15.087,15.0874,15.087,15.0867,15.087,15.0874,15.0869,15.0869,15.0869,15.0869,15.086,15.0865,15.085,15.0847,15.0853,15.0857,15.0854,15.0857,15.0878,15.0878,15.0881,15.0881,15.0878,15.0878,15.0889,15.0876,15.0881,15.0881,15.0884,15.0888,15.0885,15.0877,15.0876,15.0872,
Sun Apr 19 2020 23:00:00 GMT-0400 (Eastern Daylight Time)
15.0867,15.087,15.0873,15.0867,15.0864,15.0864,15.0864,15.0864,15.087,15.0866,15.0869,15.0873,15.0871,15.0871,15.0865,15.0865,15.0865,15.0869,15.0865,15.0862,15.0857,15.085,15.0853,15.0848,15.0843,15.0849,15.0841,15.0845,15.084,15.0842,15.0839,15.0836,15.0836,15.0833,15.0839,15.0839,15.0832,15.0832,15.0838,15.083,15.0818,15.0821,15.0836,15.0836,15.0863,15.0868,15.087,15.0878,15.0883,15.088,15.088,15.0877,15.0879,15.0882,15.0876,15.0883,15.0874,15.0874,15.0869,15.0865,
Sun Apr 19 2020 23:01:00 GMT-0400 (Eastern Daylight Time)
15.0863,15.0866,15.0859,15.0856,15.0849,15.0846,15.0846,15.0846,15.0845,15.0845,15.0848,15.0845,15.0849,15.0852,15.0834,15.0842,15.0842,15.085,15.085,15.0846,15.084,15.0824,15.0824,15.0824,15.0824,15.0824,15.0827,15.0827,15.0853,15.0847,15.0847,15.0847,15.0847,15.0841,15.0845,15.0845,15.0848,15.0863,15.0857,15.086,15.0849,15.0849,15.0832,15.0823,15.0827,15.0825,15.0825,15.0829,15.0822,15.0824,15.0827,15.0819,15.0819,15.0823,15.0827,15.0821,15.0818,15.0812,15.0816,15.0814,
Sun Apr 19 2020 23:02:00 GMT-0400 (Eastern Daylight Time)
15.0835,15.0835,15.0826,15.0826,15.0834,15.0845,15.084,15.0839,15.0835,15.0835,15.0842,15.0839,15.0836,15.083,15.0837,15.0844,15.0849,15.0849,15.0852,15.0852,15.0852,15.0852,15.0857,15.0868,15.0872,15.0872,15.088,15.0877,15.088,15.088,15.0883,15.0878,15.0878,15.0864,15.0859,15.0862,15.0854,15.0858,15.0854,15.0859,15.0859,15.0856,15.0853,15.0858,15.0849,15.0849,15.0852,15.0848,15.0852,15.0849,15.0841,15.0838,15.0838,15.0838,15.0843,15.0834,15.0841,15.0852,15.085,15.0862,
Sun Apr 19 2020 23:03:01 GMT-0400 (Eastern Daylight Time)
15.0864,15.0868,15.086,15.0836,15.0838,15.083,15.083,15.0826,15.0826,15.0824,15.0819,15.0844,15.0846,15.0843,15.0828,15.0831,15.0838,15.0838,15.0835,15.0839,15.0839,15.0846,15.0846,15.0846,15.0844,15.0856,15.0864,15.0864,15.0864,15.0859,15.0855,15.0878,15.0873,15.0873,15.088,15.088,15.0905,15.0899,15.0895,15.0906,15.0914,15.091,15.0912,15.0916,15.0916,15.091,15.0905,15.0905,15.0901,15.0898,15.0898,15.0901,15.0903,15.0898,15.091,15.091,15.091,15.0919,15.0912,15.0912,
Sun Apr 19 2020 23:04:00 GMT-0400 (Eastern Daylight Time)
15.0912,15.0906,15.0906,15.0904,15.0894,15.0899,15.0899,15.0893,15.0893,15.0893,15.0889,15.0889,15.0889,15.0882,15.0882,15.0877,15.088,15.0877,15.088,15.0877,15.0888,15.0888,15.0888,15.0893,15.0897,15.0901,15.0906,15.0902,15.0925,15.0925,15.0929,15.0935,15.0938,15.0934,15.093,15.0924,15.0927,15.0924,15.0927,15.0922,15.0919,15.0917,15.0892,15.0896,15.0891,15.0896,15.0889,15.0887,15.0893,15.0889,15.0886,15.0883,15.0881,15.0878,15.0874,15.0867,15.0867,15.0864,15.0857,15.0857,
Sun Apr 19 2020 23:05:01 GMT-0400 (Eastern Daylight Time)
15.0862,15.0856,15.0856,15.086,15.0857,15.0851,15.0857,15.0853,15.0856,15.0856,15.0856,15.0851,15.0855,15.0855,15.0847,15.0853,15.0848,15.0827,15.0831,15.0838,15.084,15.0844,15.0844,15.0858,15.0833,15.0844,15.0844,15.085,15.0838,15.0836,15.0845,15.0837,15.0837,15.0837,15.0831,15.0829,15.0829,15.0834,15.0836,15.0836,15.0832,15.0832,15.0832,15.0829,15.0829,15.0829,15.0829,15.0823,15.0825,15.0824,15.0824,15.083,15.0825,15.0823,15.0817,15.0808,15.0808,15.0805,15.0805,15.081,
Sun Apr 19 2020 23:06:01 GMT-0400 (Eastern Daylight Time)
15.0803,15.0811,15.0803,15.0793,15.079,15.0788,15.0788,15.0791,15.0791,15.0791,15.0788,15.0779,15.0773,15.0773,15.0778,15.0786,15.078,15.0783,15.0781,15.0781,15.0781,15.0781,15.0778,15.0788,15.0788,15.0786,15.0786,15.0774,15.0771,15.0774,15.0774,15.0768,15.0782,15.0782,15.0804,15.0804,15.0803,15.0803,15.0803,15.0797,15.0796,15.0796,15.0799,15.0796,15.0796,15.0789,15.0789,15.0788,15.0796,15.0793,15.0795,15.0795,15.0795,15.0788,15.0792,15.0792,15.0788,15.0792,15.0789,15.0792,
Sun Apr 19 2020 23:07:01 GMT-0400 (Eastern Daylight Time)
15.0794,15.0796,15.0796,15.0796,15.0792,15.0785,15.0785,15.0797,15.0797,15.0797,15.0797,15.0785,15.0782,15.0765,15.0761,15.074,15.0735,15.0735,15.0729,15.0728,15.0743,15.0749,15.0742,15.0746,15.0748,15.0751,15.0751,15.0768,15.0773,15.0769,15.0764,15.0759,15.0754,15.0756,15.0756,15.0758,15.0755,15.0755,15.0752,15.0745,15.0753,15.0763,15.076,15.0763,15.0766,15.0757,15.0757,15.0749,15.0748,15.0754,15.0754,15.0752,15.0743,15.0761,15.0761,15.0764,15.0754,15.0759,15.0753,15.0753,
Sun Apr 19 2020 23:08:01 GMT-0400 (Eastern Daylight Time)
15.0753,15.0765,15.0762,15.0755,15.0752,15.0764,15.0764,15.0754,15.0752,15.0745,15.0745,15.0741,15.0732,15.0736,15.0743,15.0748,15.0748,15.0765,15.076,15.0759,15.0759,15.0759,15.0759,15.0761,15.0761,15.0761,15.0766,15.0776,15.0776,15.0781,15.0781,15.0786,15.0791,15.0787,15.0787,15.0795,15.0795,15.0795,15.0798,15.0813,15.0813,15.0829,15.0829,15.0824,15.0824,15.0821,15.0821,15.0814,15.0817,15.0821,15.0821,15.0834,15.0834,15.0834,15.0822,15.0815,15.0809,15.0805,15.0805,15.0801,
Sun Apr 19 2020 23:09:00 GMT-0400 (Eastern Daylight Time)
15.0808,15.0805,15.0805,15.0807,15.082,15.0817,15.0813,15.0807,15.0801,15.0801,15.0817,15.0812,15.0812,15.0807,15.0815,15.0817,15.0817,15.0821,15.0817,15.0826,15.0809,15.0809,15.0812,15.0812,15.0812,15.0812,15.0824,15.083,15.0832,15.0829,15.0833,15.0839,15.0836,15.0834,15.0827,15.0835,15.0839,15.0845,15.0851,15.0859,15.0863,15.0856,15.086,15.0865,15.0859,15.0879,15.0879,15.0892,15.0895,15.09,15.09,15.0896,15.0893,15.089,15.089,15.0912,15.0902,15.0907,15.0907,15.09,
Sun Apr 19 2020 23:10:01 GMT-0400 (Eastern Daylight Time)
15.09,15.09,15.0906,15.0904,15.09,15.0903,15.0903,15.0911,15.0903,15.0901,15.0901,15.0911,15.0908,15.0908,15.091,15.0904,15.0896,15.0879,15.0892,15.0886,15.0877,15.0877,15.089,15.0897,15.0904,15.0901,15.0904,15.0901,15.0898,15.0908,15.0893,15.0884,15.0882,15.0893,15.0908,15.0901,15.0889,15.0889,15.0899,15.0902,15.0897,15.0897,15.0906,15.0911,15.0916,15.0911,15.0915,15.0909,15.0919,15.0919,15.0928,15.0928,15.093,15.0927,15.0933,15.0933,15.0936,15.0936,15.094,15.094,
Sun Apr 19 2020 23:11:00 GMT-0400 (Eastern Daylight Time)
15.0932,15.0932,15.0928,15.0926,15.0929,15.0929,15.0934,15.0934,15.0936,15.0934,15.093,15.0933,15.0925,15.0929,15.0931,15.0928,15.0928,15.0918,15.0915,15.091,15.0917,15.0914,15.0919,15.0925,15.0925,15.0915,15.0918,15.0921,15.0915,15.0915,15.0906,15.0898,15.0887,15.0884,15.0887,15.0895,15.0893,15.0866,15.0868,15.0872,15.0869,15.0861,15.0861,15.0854,15.0854,15.085,15.085,15.0847,15.0853,15.0856,15.0856,15.0862,15.0868,15.0875,15.0875,15.0878,15.0885,15.0881,15.0875,15.0876,
Sun Apr 19 2020 23:12:01 GMT-0400 (Eastern Daylight Time)
15.0894,15.0898,15.0897,15.09,15.09,15.0902,15.0905,15.0918,15.0916,15.0918,15.0918,15.092,15.0915,15.0912,15.091,15.0899,15.0904,15.091,15.0912,15.0901,15.0901,15.0901,15.0899,15.0905,15.0908,15.0917,15.0923,15.0927,15.0927,15.0927,15.0927,15.0941,15.0933,15.0936,15.0934,15.0926,15.0915,15.0915,15.092,15.0922,15.0922,15.0927,15.093,15.0927,15.0921,15.0936,15.0936,15.0923,15.0921,15.0918,15.0918,15.0906,15.0899,15.0898,15.0898,15.0891,15.0889,15.0889,15.0868,15.0863,
Sun Apr 19 2020 23:13:01 GMT-0400 (Eastern Daylight Time)
15.0863,15.0867,15.087,15.0868,15.0873,15.0877,15.0881,15.0879,15.0889,15.0889,15.0886,15.09,15.09,15.088,15.088,15.0874,15.0872,15.087,15.0868,15.0876,15.0878,15.0889,15.0889,15.0889,15.0904,15.0901,15.0901,15.0905,15.0902,15.0899,15.0891,15.0891,15.0885,15.0891,15.0894,15.0898,15.0901,15.0897,15.0897,15.0884,15.0884,15.0876,15.0872,15.088,15.0885,15.0885,15.0891,15.0901,15.0903,15.0906,15.0906,15.0906,15.0909,15.0905,15.091,15.091,15.0906,15.0922,15.0927,15.0939,
Sun Apr 19 2020 23:14:01 GMT-0400 (Eastern Daylight Time)
15.0942,15.0947,15.0947,15.0942,15.0945,15.0945,15.0945,15.0935,15.0941,15.0938,15.0937,15.0937,15.0924,15.0924,15.0927,15.093,15.0927,15.0915,15.0921,15.0929,15.0929,15.0938,15.0936,15.0934,15.0938,15.0941,15.0949,15.0944,15.0949,15.0955,15.0952,15.0952,15.0952,15.0923,15.0921,15.0921,15.0915,15.0915,15.0917,15.0909,15.0911,15.0913,15.0913,15.0906,15.0903,15.0906,15.0913,15.0917,15.0921,15.0908,15.0894,15.0894,15.0892,15.0911,15.0911,15.0919,15.0915,15.0915,15.0918,15.092,
Sun Apr 19 2020 23:15:01 GMT-0400 (Eastern Daylight Time)
15.0911,15.0911,15.0909,15.0909,15.0893,15.089,15.0887,15.0887,15.0904,15.0904,15.0908,15.0904,15.0901,15.0895,15.0883,15.0879,15.0867,15.0867,15.0864,15.0886,15.0896,15.0897,15.0894,15.0894,15.0907,15.0909,15.0909,15.0909,15.0903,15.0898,15.0896,15.0896,15.0892,15.09,15.0905,15.0901,15.0901,15.0905,15.0905,15.0909,15.0912,15.0912,15.0909,15.0902,15.088,15.0874,15.0884,15.0875,15.0875,15.0864,15.0864,15.0859,15.0859,15.0861,15.0866,15.0863,15.0858,15.0863,15.0863,15.0871,
Sun Apr 19 2020 23:17:00 GMT-0400 (Eastern Daylight Time)
15.0871,15.0868,15.0772,15.0775,15.0775,15.077,15.077,15.0759,15.0756,15.0756,15.0762,15.0759,15.0755,15.0755,15.0754,15.0752,15.075,15.075,15.075,15.075,15.073,15.073,15.0729,15.0733,15.0725,15.0718,15.0712,15.0718,15.071,15.071,15.071,15.0733,15.0733,15.0733,15.072,15.073,15.0751,15.0751,15.0756,15.0747,15.0744,15.074,15.074,15.0733,15.0726,15.0726,15.0723,15.0718,15.0723,15.0737,15.0737,15.0741,15.0737,15.0736,15.0733,15.073,15.0737,15.0735,15.0734,15.0734,
Sun Apr 19 2020 23:18:01 GMT-0400 (Eastern Daylight Time)
15.0734,15.0737,15.0734,15.0739,15.0736,15.0738,15.0734,15.0734,15.0721,15.072,15.072,15.0729,15.0733,15.073,15.0726,15.0715,15.0715,15.0724,15.0728,15.0717,15.0722,15.0718,15.0714,15.0712,15.071,15.0729,15.0729,15.0732,15.0733,15.0739,15.0737,15.0731,15.0726,15.0726,15.0726,15.0723,15.075,15.075,15.0755,15.0755,15.0771,15.0771,15.077,15.0776,15.0779,15.0774,15.0776,15.0778,15.0777,15.0771,15.0768,15.0774,15.0772,15.0772,15.0769,15.0772,15.0771,15.0778,15.0778,15.0783,
Sun Apr 19 2020 23:19:01 GMT-0400 (Eastern Daylight Time)
15.078,15.0789,15.0789,15.0789,15.0785,15.0779,15.0782,15.0782,15.0778,15.0784,15.0787,15.0784,15.0785,15.0788,15.0788,15.0797,15.0797,15.0797,15.0792,15.0797,15.0797,15.08,15.0797,15.0799,15.0803,15.0806,15.08,15.08,15.08,15.0797,15.08,15.08,15.0796,15.079,15.0787,15.0791,15.0794,15.0791,15.0799,15.0795,15.0799,15.0802,15.08,15.08,15.0798,15.0794,15.0794,15.0794,15.0784,15.0781,15.0786,15.0786,15.0786,15.0785,15.079,15.079,15.0796,15.0799,15.0801,15.0795,
Sun Apr 19 2020 23:20:01 GMT-0400 (Eastern Daylight Time)
15.0799,15.0805,15.0805,15.0797,15.0786,15.0786,15.0794,15.079,15.0779,15.0753,15.076,15.076,15.0758,15.0761,15.0758,15.0756,15.0747,15.0745,15.0743,15.0743,15.0734,15.0737,15.0733,15.0728,15.073,15.073,15.0735,15.0739,15.0742,15.0737,15.0734,15.0734,15.0759,15.0759,15.0762,15.0764,15.0765,15.0765,15.0765,15.0783,15.0783,15.0785,15.078,15.0776,15.0786,15.0783,15.0781,15.0783,15.0781,15.0781,15.0786,15.0786,15.0781,15.0789,15.0783,15.0777,15.0786,15.0803,15.0806,15.0796,
Sun Apr 19 2020 23:21:01 GMT-0400 (Eastern Daylight Time)
15.0795,15.0795,15.0798,15.0798,15.079,15.0783,15.078,15.078,15.0783,15.0778,15.0775,15.0776,15.0772,15.0772,15.078,15.0776,15.0768,15.0765,15.076,15.076,15.076,15.0762,15.0761,15.0761,15.0767,15.077,15.077,15.0775,15.0775,15.0775,15.0772,15.0777,15.0766,15.0763,15.0758,15.0751,15.0747,15.0747,15.0744,15.0747,15.0741,15.0741,15.0739,15.0729,15.0725,15.0722,15.0722,15.0729,15.0729,15.0725,15.0725,15.0717,15.0718,15.0723,15.072,15.072,15.0728,15.0729,15.0727,15.0727,
Sun Apr 19 2020 23:22:00 GMT-0400 (Eastern Daylight Time)
15.0726,15.0726,15.0726,15.0726,15.0715,15.0712,15.0706,15.0716,15.0716,15.0706,15.0701,15.0705,15.0705,15.0696,15.0696,15.068,15.0686,15.0693,15.0688,15.0694,15.0707,15.0701,15.0706,15.0709,15.0709,15.0712,15.0712,15.0719,15.0716,15.0733,15.0729,15.0719,15.071,15.071,15.0711,15.0707,15.0721,15.0721,15.0716,15.0719,15.0725,15.0735,15.0733,15.0722,15.0719,15.0713,15.0707,15.0707,15.0718,15.0721,15.0724,15.0729,15.0729,15.073,15.073,15.073,15.0728,15.0731,15.0731,15.0727,
Sun Apr 19 2020 23:23:00 GMT-0400 (Eastern Daylight Time)
15.0732,15.0741,15.0743,15.0746,15.0755,15.0755,15.074,15.0741,15.0736,15.074,15.074,15.0736,15.0742,15.0744,15.0736,15.0738,15.0727,15.073,15.073,15.073,15.0725,15.0721,15.0721,15.0721,15.0724,15.0724,15.0733,15.0726,15.073,15.0731,15.0731,15.0732,15.073,15.073,15.0739,15.0737,15.0739,15.0739,15.073,15.0734,15.0726,15.0729,15.0729,15.0724,15.0731,15.0731,15.0727,15.0715,15.0718,15.0718,15.072,15.072,15.0715,15.0706,15.0709,15.0714,15.0709,15.0705,15.0713,15.0717,
Sun Apr 19 2020 23:24:01 GMT-0400 (Eastern Daylight Time)
15.0736,15.0733,15.0736,15.0739,15.0745,15.0735,15.0749,15.0747,15.0747,15.0746,15.0737,15.0734,15.0736,15.0739,15.0735,15.0733,15.072,15.0732,15.0735,15.0735,15.0737,15.074,15.0758,15.0758,15.0754,15.0751,15.0751,15.0753,15.0759,15.0762,15.0762,15.0762,15.077,15.0773,15.0771,15.0771,15.0758,15.0762,15.0756,15.0759,15.0757,15.0757,15.0759,15.0759,15.0761,15.0765,15.0767,15.0759,15.0755,15.0759,15.0759,15.0765,15.0764,15.0764,15.0764,15.0764,15.0761,15.076,15.0759,15.0759,
Sun Apr 19 2020 23:25:00 GMT-0400 (Eastern Daylight Time)
15.0768,15.0769,15.076,15.0761,15.0761,15.0775,15.0775,15.0772,15.0767,15.0769,15.0773,15.0776,15.0781,15.0791,15.0787,15.0793,15.0798,15.0803,15.0789,15.0797,15.0795,15.0798,15.0787,15.0788,15.0792,15.0796,15.0796,15.0803,15.0796,15.08,15.0802,15.0811,15.0811,15.0805,15.0808,15.0812,15.0827,15.0824,15.0826,15.0824,15.0822,15.0822,15.0822,15.0814,15.0812,15.0822,15.0822,15.0829,15.082,15.082,15.0817,15.0824,15.0826,15.0828,15.0818,15.0816,15.0816,15.082,15.082,15.0824,
Sun Apr 19 2020 23:26:00 GMT-0400 (Eastern Daylight Time)
15.0824,15.0824,15.0835,15.0835,15.0845,15.0852,15.0855,15.0856,15.0864,15.0864,15.0861,15.0854,15.0859,15.0859,15.0862,15.0862,15.0858,15.0868,15.0864,15.085,15.085,15.0845,15.0848,15.0848,15.0855,15.0853,15.0846,15.0845,15.0832,15.0835,15.084,15.0856,15.0859,15.0856,15.0862,15.086,15.086,15.087,15.0872,15.0872,15.0872,15.0866,15.088,15.0885,15.0891,15.0886,15.0891,15.0885,15.0877,15.0875,15.0873,15.0873,15.0873,15.0859,15.0859,15.0854,15.0849,15.0856,15.0853,15.0847,
Sun Apr 19 2020 23:27:00 GMT-0400 (Eastern Daylight Time)
15.0847,15.0851,15.0853,15.0856,15.0861,15.0858,15.0871,15.0871,15.0867,15.0874,15.0872,15.0876,15.0876,15.088,15.088,15.088,15.088,15.0874,15.087,15.0867,15.0873,15.0865,15.0865,15.0863,15.0863,15.0881,15.0878,15.088,15.088,15.0887,15.0891,15.0894,15.088,15.0878,15.0878,15.0882,15.0882,15.089,15.0894,15.0893,15.0898,15.09,15.0911,15.0911,15.0906,15.0909,15.0911,15.0896,15.0896,15.0896,15.0903,15.0898,15.0895,15.0886,15.0881,15.0885,15.0882,15.0879,15.0869,15.0864,
Sun Apr 19 2020 23:28:00 GMT-0400 (Eastern Daylight Time)
15.0866,15.0871,15.0868,15.0872,15.0878,15.0875,15.0878,15.088,15.088,15.0881,15.0881,15.0878,15.0878,15.0878,15.0851,15.0838,15.0835,15.0819,15.0827,15.0833,15.0832,15.0828,15.0828,15.0828,15.0824,15.0824,15.0827,15.0836,15.0839,15.0838,15.0838,15.0829,15.0808,15.0802,15.0797,15.08,15.08,15.08,15.0807,15.0807,15.0805,15.0799,15.0797,15.0797,15.0797,15.081,15.0826,15.0826,15.0826,15.0824,15.0821,15.0818,15.0823,15.0823,15.0816,15.0802,15.0802,15.0782,15.0769,15.0769,
Sun Apr 19 2020 23:29:00 GMT-0400 (Eastern Daylight Time)
15.077,15.0762,15.0762,15.0767,15.0765,15.0778,15.0782,15.077,15.077,15.0766,15.0766,15.0766,15.0766,15.0752,15.074,15.0742,15.0742,15.074,15.0735,15.0735,15.0732,15.0729,15.0727,15.0723,15.0726,15.0752,15.0752,15.0752,15.075,15.0764,15.0764,15.0755,15.0762,15.0759,15.0763,15.0758,15.077,15.0771,15.0769,15.0769,15.0769,15.0769,15.0767,15.0767,15.0764,15.0785,15.0779,15.0779,15.0785,15.0782,15.0777,15.0772,15.0758,15.0758,15.0761,15.0761,15.0761,15.0753,15.0752,15.0753,
Sun Apr 19 2020 23:30:00 GMT-0400 (Eastern Daylight Time)
15.076,15.0769,15.0772,15.0775,15.0779,15.077,15.0766,15.0762,15.076,15.0764,15.076,15.0762,15.0761,15.0761,15.0764,15.0762,15.0763,15.0758,15.0755,15.0755,15.0755,15.0751,15.0749,15.0749,15.0746,15.0738,15.0744,15.0761,15.0757,15.0759,15.0762,15.077,15.076,15.0762,15.0762,15.0766,15.0752,15.0756,15.0756,15.0753,15.0751,15.0743,15.0743,15.0741,15.0741,15.0737,15.0728,15.0728,15.0692,15.0686,15.0685,15.0688,15.0671,15.0671,15.0667,15.067,15.0676,15.0687,15.0694,15.0701,
Sun Apr 19 2020 23:31:00 GMT-0400 (Eastern Daylight Time)
15.0701,15.0698,15.0698,15.0702,15.0702,15.0699,15.0701,15.0704,15.0707,15.0704,15.0701,15.0699,15.0699,15.07,15.0706,15.0708,15.0708,15.0703,15.0706,15.0692,15.0689,15.0702,15.0702,15.0695,15.0697,15.0684,15.0688,15.0688,15.0692,15.0692,15.0692,15.0691,15.0687,15.0693,15.0695,15.0695,15.0724,15.0719,15.0723,15.0719,15.0719,15.0728,15.0722,15.0722,15.0721,15.0725,15.071,15.0727,15.0719,15.0723,15.0723,15.0721,15.0721,15.0719,15.0713,15.071,15.0712,15.0709,15.0704,15.0713,
Sun Apr 19 2020 23:32:00 GMT-0400 (Eastern Daylight Time)
15.0713,15.0717,15.0712,15.0699,15.0689,15.069,15.0694,15.0698,15.0701,15.0697,15.0697,15.0695,15.0695,15.0695,15.0699,15.0696,15.0703,15.0713,15.0716,15.0716,15.0712,15.0711,15.0709,15.0709,15.0709,15.0707,15.0709,15.0709,15.0701,15.0702,15.0702,15.071,15.0717,15.0733,15.073,15.0731,15.0729,15.0736,15.0736,15.074,15.074,15.0733,15.0731,15.0731,15.0731,15.0727,15.0731,15.0738,15.0733,15.0743,15.0743,15.0744,15.0744,15.0751,15.0766,15.0766,15.0756,15.0759,15.0755,15.0751,
Sun Apr 19 2020 23:33:01 GMT-0400 (Eastern Daylight Time)
15.0744,15.0744,15.0747,15.0751,15.0765,15.0756,15.0756,15.0756,15.0765,15.0768,15.0768,15.0772,15.0772,15.077,15.0766,15.0763,15.076,15.0757,15.0763,15.0761,15.0761,15.0769,15.0769,15.0769,15.0754,15.0754,15.0748,15.074,15.0744,15.0753,15.0753,15.0753,15.0751,15.0742,15.0736,15.0733,15.0733,15.0735,15.0735,15.0735,15.0735,15.0739,15.0736,15.0736,15.0732,15.0741,15.0744,15.074,15.074,15.0745,15.0742,15.0738,15.074,15.0742,15.0736,15.0734,15.0727,15.0727,15.0725,15.0726,
Sun Apr 19 2020 23:34:01 GMT-0400 (Eastern Daylight Time)
15.0723,15.0721,15.0736,15.073,15.0733,15.0722,15.0724,15.0721,15.0721,15.072,15.0722,15.0722,15.0711,15.0715,15.0721,15.0721,15.0719,15.0715,15.0715,15.0715,15.0719,15.072,15.0716,15.0716,15.0718,15.0719,15.0719,15.0716,15.0716,15.0708,15.0715,15.0719,15.072,15.0724,15.0724,15.0724,15.0726,15.0725,15.0731,15.0738,15.0734,15.0734,15.0728,15.0732,15.0729,15.0732,15.0732,15.0718,15.0724,15.0724,15.0716,15.0727,15.0739,15.0742,15.0738,15.0738,15.073,15.0722,15.0718,15.0719,
Sun Apr 19 2020 23:35:00 GMT-0400 (Eastern Daylight Time)
15.0719,15.0726,15.0721,15.0717,15.0721,15.0719,15.0719,15.0719,15.0715,15.0713,15.0713,15.0715,15.0713,15.0714,15.0717,15.0713,15.0706,15.0697,15.0705,15.0705,15.0697,15.07,15.0697,15.0697,15.0697,15.0703,15.07,15.0697,15.0701,15.0696,15.0694,15.0691,15.0682,15.0679,15.0676,15.0676,15.0672,15.0671,15.0666,15.0666,15.0666,15.0667,15.0664,15.0664,15.0666,15.0659,15.0664,15.0662,15.0656,15.0651,15.0651,15.067,15.067,15.0672,15.0676,15.0663,15.0661,15.0666,15.067,15.0671,
Sun Apr 19 2020 23:36:00 GMT-0400 (Eastern Daylight Time)
15.0671,15.0648,15.0651,15.0647,15.0641,15.0641,15.0641,15.0641,15.0639,15.0652,15.0652,15.0652,15.0646,15.0652,15.0655,15.0653,15.0657,15.0654,15.0647,15.0646,15.0643,15.0651,15.0661,15.0663,15.0665,15.0665,15.0668,15.0668,15.0662,15.0662,15.0662,15.0662,15.065,15.0644,15.0647,15.064,15.064,15.0647,15.065,15.065,15.0655,15.0652,15.0652,15.065,15.0619,15.0618,15.0623,15.0621,15.062,15.0631,15.0629,15.0625,15.0636,15.0636,15.0636,15.0643,15.0641,15.0646,15.0643,15.0643,
Sun Apr 19 2020 23:37:00 GMT-0400 (Eastern Daylight Time)
15.0636,15.0628,15.0628,15.0628,15.0628,15.0617,15.0617,15.0625,15.0625,15.0618,15.0625,15.0625,15.0625,15.0625,15.0628,15.0628,15.0632,15.0629,15.0622,15.0624,15.0633,15.0633,15.063,15.0629,15.0629,15.0617,15.0612,15.0609,15.0614,15.0614,15.0604,15.0604,15.0604,15.0601,15.0629,15.0625,15.0608,15.0614,15.062,15.0613,15.0613,15.0615,15.0615,15.0609,15.0611,15.0616,15.0621,15.0617,15.061,15.061,15.0606,15.0604,15.0606,15.061,15.0598,15.0597,15.0597,15.0597,15.0611,15.0612,
Sun Apr 19 2020 23:38:00 GMT-0400 (Eastern Daylight Time)
15.0612,15.0611,15.0612,15.0609,15.0611,15.0612,15.0608,15.0603,15.0611,15.0605,15.0609,15.0609,15.0613,15.062,15.0613,15.0613,15.0613,15.0617,15.0631,15.0631,15.0637,15.064,15.0636,15.064,15.0635,15.0641,15.0634,15.0643,15.0639,15.0639,15.0644,15.0646,15.0642,15.064,15.0626,15.0626,15.0626,15.0623,15.0619,15.0614,15.0616,15.061,15.0611,15.0622,15.0622,15.0622,15.0619,15.0619,15.0619,15.0619,15.0611,15.0611,15.0623,15.062,15.062,15.0609,15.0609,15.0612,15.0603,15.0605,
Sun Apr 19 2020 23:39:00 GMT-0400 (Eastern Daylight Time)
15.0616,15.0619,15.0611,15.061,15.061,15.0604,15.0599,15.0601,15.0605,15.0601,15.0593,15.0595,15.0595,15.0589,15.0589,15.0585,15.0579,15.0575,15.0581,15.0586,15.0576,15.0574,15.0571,15.0576,15.0576,15.0573,15.0573,15.0582,15.0585,15.0585,15.0585,15.0585,15.0582,15.0582,15.0591,15.0588,15.0584,15.058,15.057,15.057,15.0574,15.0572,15.0561,15.0556,15.0554,15.0554,15.056,15.056,15.0564,15.0564,15.0557,15.0553,15.0549,15.0555,15.0552,15.0558,15.0534,15.0532,15.0528,15.0528,
Sun Apr 19 2020 23:40:00 GMT-0400 (Eastern Daylight Time)
15.0528,15.053,15.053,15.0533,15.0533,15.0532,15.0529,15.0529,15.0529,15.0534,15.0549,15.0551,15.0551,15.0554,15.0549,15.0549,15.0554,15.0554,15.0556,15.056,15.056,15.0559,15.0562,15.0558,15.0556,15.0556,15.0551,15.0554,15.0558,15.0562,15.056,15.0575,15.0568,15.0573,15.0577,15.0579,15.0585,15.0589,15.0595,15.0598,15.0598,15.0599,15.0612,15.0612,15.0616,15.0621,15.0624,15.0621,15.0634,15.0634,15.0626,15.0623,15.0623,15.0625,15.0628,15.0625,15.0619,15.0619,15.0593,15.0593,
Sun Apr 19 2020 23:42:01 GMT-0400 (Eastern Daylight Time)
15.0593,15.0544,15.0548,15.0553,15.0553,15.0539,15.0563,15.0563,15.0563,15.0564,15.0564,15.0564,15.0571,15.0576,15.0572,15.0568,15.0567,15.0567,15.0562,15.0565,15.0563,15.0563,15.0557,15.0547,15.0547,15.0551,15.0548,15.0551,15.0558,15.0544,15.0544,15.0547,15.054,15.0545,15.0547,15.0552,15.0549,15.0547,15.0538,15.0541,15.0539,15.0539,15.0549,15.0537,15.0535,15.0525,15.0508,15.0501,15.0504,15.0499,15.0489,15.0489,15.0492,15.0489,15.0492,15.0492,15.0489,15.0493,15.0495,15.0495,
Sun Apr 19 2020 23:43:01 GMT-0400 (Eastern Daylight Time)
15.0487,15.0487,15.0492,15.0491,15.0497,15.0491,15.0491,15.0491,15.0488,15.0491,15.0493,15.0493,15.0496,15.0499,15.0499,15.0496,15.0493,15.0487,15.0491,15.0491,15.0486,15.0488,15.0486,15.048,15.0484,15.0484,15.0484,15.0489,15.0493,15.0493,15.0493,15.0498,15.0504,15.0504,15.0506,15.05,15.0505,15.0505,15.0498,15.05,15.05,15.0499,15.0499,15.0496,15.0504,15.0499,15.051,15.0516,15.0513,15.0513,15.0532,15.0536,15.0532,15.0526,15.053,15.053,15.0533,15.0531,15.0524,15.0522,
Sun Apr 19 2020 23:45:01 GMT-0400 (Eastern Daylight Time)
15.0519,15.048,15.049,15.0485,15.0485,15.0475,15.0467,15.0462,15.0462,15.0462,15.0462,15.0468,15.0471,15.0475,15.0482,15.0482,15.0482,15.0482,15.0485,15.0485,15.0479,15.047,15.0476,15.0476,15.0476,15.0473,15.048,15.0494,15.0491,15.0499,15.0518,15.0523,15.0523,15.0526,15.0514,15.0518,15.0517,15.0511,15.0511,15.0508,15.0514,15.0527,15.0534,15.0529,15.0521,15.0515,15.0509,15.0506,15.0514,15.0516,15.0516,15.0511,15.0508,15.0508,15.0498,15.0498,15.05,15.0497,15.0495,15.0492,
Sun Apr 19 2020 23:46:00 GMT-0400 (Eastern Daylight Time)
15.0489,15.0491,15.0502,15.0502,15.0515,15.0518,15.0511,15.0516,15.0516,15.0519,15.052,15.0523,15.052,15.052,15.0517,15.0515,15.0518,15.0518,15.0517,15.0511,15.0511,15.0508,15.0526,15.0541,15.0541,15.0541,15.0534,15.0534,15.0534,15.054,15.0548,15.0542,15.054,15.054,15.0546,15.0549,15.0549,15.0552,15.0553,15.0539,15.053,15.053,15.0532,15.0532,15.0539,15.0542,15.0521,15.0515,15.0515,15.0511,15.0507,15.0503,15.0505,15.0505,15.0509,15.0516,15.0519,15.0519,15.052,15.0523,
Sun Apr 19 2020 23:47:00 GMT-0400 (Eastern Daylight Time)
15.0526,15.0515,15.0512,15.0514,15.0514,15.0519,15.0517,15.0517,15.0531,15.0524,15.0522,15.0522,15.0534,15.0534,15.0538,15.0535,15.0535,15.0535,15.0535,15.0529,15.0524,15.0524,15.0515,15.0515,15.0511,15.0507,15.0512,15.0513,15.0504,15.0506,15.0506,15.0503,15.0508,15.0515,15.0515,15.0519,15.0523,15.0504,15.0502,15.0484,15.0473,15.0466,15.0463,15.0469,15.0467,15.0485,15.0483,15.0484,15.0492,15.0489,15.0489,15.0483,15.0483,15.0475,15.0473,15.0482,15.0486,15.0486,15.048,15.0471,
Sun Apr 19 2020 23:48:01 GMT-0400 (Eastern Daylight Time)
15.0468,15.0468,15.0464,15.0474,15.0471,15.0471,15.0467,15.0466,15.0468,15.0471,15.0466,15.0477,15.0474,15.0476,15.0473,15.048,15.0475,15.0449,15.044,15.0435,15.0436,15.0417,15.0422,15.0422,15.0415,15.0417,15.0403,15.0401,15.0389,15.0389,15.0391,15.0379,15.0382,15.0375,15.0385,15.038,15.0377,15.0374,15.0376,15.0369,15.0373,15.0376,15.0373,15.0383,15.038,15.0379,15.0374,15.0375,15.0373,15.0373,15.0373,15.0373,15.0383,15.0383,15.0383,15.0397,15.039,15.039,15.0392,15.0393,
Sun Apr 19 2020 23:49:00 GMT-0400 (Eastern Daylight Time)
15.0407,15.0398,15.0407,15.0413,15.0442,15.0442,15.0442,15.0443,15.0449,15.0446,15.0446,15.0446,15.0453,15.0461,15.0466,15.0465,15.0457,15.0459,15.0456,15.0451,15.0442,15.0442,15.0443,15.0437,15.0437,15.0437,15.0428,15.0428,15.043,15.0422,15.0422,15.04,15.0389,15.0376,15.0373,15.0376,15.0379,15.0376,15.0371,15.0373,15.0357,15.0357,15.0352,15.0356,15.0356,15.034,15.034,15.0342,15.0345,15.0343,15.0343,15.033,15.033,15.0333,15.0332,15.0327,15.033,15.0336,15.034,15.0333,
Sun Apr 19 2020 23:50:00 GMT-0400 (Eastern Daylight Time)
15.0353,15.0353,15.0353,15.0377,15.0356,15.036,15.0351,15.0358,15.0353,15.0362,15.0352,15.0346,15.0343,15.0348,15.0348,15.0337,15.0335,15.0329,15.0329,15.0317,15.0317,15.032,15.0306,15.03,15.0302,15.0302,15.0294,15.0289,15.0288,15.0293,15.0299,15.0295,15.0289,15.0286,15.0286,15.0282,15.0285,15.0292,15.0295,15.0305,15.0297,15.0297,15.0304,15.0309,15.0302,15.0325,15.0336,15.0342,15.0352,15.0352,15.0345,15.0345,15.0349,15.0353,15.0357,15.035,15.0346,15.0348,15.0352,15.0349,
Sun Apr 19 2020 23:51:01 GMT-0400 (Eastern Daylight Time)
15.0349,15.0349,15.0344,15.034,15.0342,15.0345,15.0342,15.033,15.0324,15.0324,15.0328,15.0328,15.033,15.0325,15.0307,15.0315,15.0314,15.0314,15.0301,15.0311,15.0314,15.0307,15.0309,15.0307,15.0316,15.0312,15.0284,15.0279,15.0279,15.0273,15.0273,15.0266,15.027,15.0253,15.0258,15.0256,15.0248,15.0253,15.024,15.0245,15.0248,15.0245,15.0245,15.0243,15.0243,15.024,15.024,15.0233,15.0229,15.0232,15.0235,15.024,15.0255,15.0255,15.0258,15.0253,15.0253,15.0243,15.0243,15.0231,
Sun Apr 19 2020 23:52:01 GMT-0400 (Eastern Daylight Time)
15.0238,15.0231,15.0229,15.0226,15.0231,15.0231,15.024,15.024,15.0243,15.0233,15.0237,15.0237,15.0239,15.0248,15.0249,15.0221,15.0225,15.0227,15.0226,15.0232,15.0234,15.0231,15.0261,15.0262,15.0252,15.0252,15.0254,15.0248,15.0259,15.0259,15.0254,15.0258,15.0257,15.0257,15.026,15.025,15.025,15.024,15.0243,15.0234,15.0234,15.0231,15.0227,15.0222,15.0217,15.0209,15.0206,15.0201,15.0199,15.0199,15.0202,15.0189,15.0187,15.019,15.0192,15.0198,15.0201,15.0198,15.0198,15.0198,
Sun Apr 19 2020 23:53:01 GMT-0400 (Eastern Daylight Time)
15.0215,15.0215,15.0215,15.0215,15.0215,15.0215,15.0215,15.0208,15.0208,15.0212,15.0215,15.0231,15.0231,15.0255,15.0252,15.0252,15.025,15.0246,15.0246,15.0256,15.0256,15.0249,15.0254,15.0237,15.0234,15.0238,15.0236,15.0232,15.0241,15.0244,15.0249,15.024,15.0243,15.0248,15.0251,15.026,15.026,15.0259,15.026,15.0251,15.0263,15.0263,15.0271,15.027,15.0266,15.0263,15.027,15.0271,15.0278,15.028,15.0276,15.0275,15.0273,15.0282,15.0282,15.0285,15.0291,15.0288,15.0277,15.0284,
Sun Apr 19 2020 23:54:00 GMT-0400 (Eastern Daylight Time)
15.0284,15.0284,15.0284,15.0282,15.0282,15.0278,15.0278,15.0278,15.0273,15.0269,15.0269,15.0262,15.0268,15.0266,15.0269,15.0274,15.029,15.029,15.0301,15.0301,15.0301,15.0298,15.0289,15.0287,15.0286,15.0286,15.0286,15.0286,15.0286,15.0286,15.0279,15.0263,15.0263,15.0263,15.0269,15.0259,15.0258,15.0261,15.0253,15.0258,15.0256,15.0254,15.0252,15.0247,15.0247,15.0242,15.0247,15.0245,15.0267,15.0274,15.0267,15.0276,15.0279,15.0279,15.0282,15.0274,15.0274,15.0274,15.0274,15.0278,
Sun Apr 19 2020 23:55:01 GMT-0400 (Eastern Daylight Time)
15.0266,15.0266,15.0266,15.0273,15.0276,15.0294,15.0294,15.0306,15.0306,15.0311,15.0303,15.0306,15.0312,15.0301,15.0294,15.0281,15.0281,15.0273,15.027,15.0285,15.0268,15.0265,15.0262,15.026,15.0256,15.0262,15.0262,15.0257,15.0252,15.0252,15.0249,15.0253,15.0255,15.0247,15.0249,15.0252,15.0252,15.0248,15.0253,15.0258,15.0262,15.0267,15.0265,15.0274,15.0274,15.0268,15.0265,15.0261,15.0255,15.0258,15.0263,15.0244,15.0244,15.0243,15.0247,15.0251,15.0251,15.0246,15.0247,15.0244,
Sun Apr 19 2020 23:56:00 GMT-0400 (Eastern Daylight Time)
15.0244,15.0254,15.0243,15.0243,15.0254,15.0262,15.025,15.025,15.025,15.0256,15.0256,15.0263,15.0261,15.0263,15.0266,15.0269,15.0289,15.028,15.028,15.0278,15.028,15.028,15.0265,15.0266,15.0273,15.0276,15.0268,15.0274,15.0272,15.0272,15.0282,15.0292,15.0295,15.0299,15.0296,15.0289,15.0286,15.0294,15.0289,15.0289,15.0296,15.0298,15.0293,15.0291,15.0284,15.0283,15.0289,15.0283,15.0283,15.0285,15.0282,15.0297,15.0291,15.0278,15.0275,15.0275,15.0279,15.0279,15.0274,15.0251,
Sun Apr 19 2020 23:57:01 GMT-0400 (Eastern Daylight Time)
15.0248,15.0251,15.0248,15.0249,15.0262,15.026,15.026,15.0255,15.0268,15.0268,15.0271,15.0275,15.0271,15.0268,15.0264,15.0262,15.0265,15.0258,15.0258,15.0252,15.0256,15.0259,15.0259,15.0259,15.0259,15.0272,15.027,15.027,15.0268,15.0268,15.0268,15.0272,15.029,15.029,15.029,15.0285,15.0289,15.0293,15.0298,15.0303,15.0324,15.0327,15.0327,15.0331,15.032,15.032,15.0323,15.0323,15.0329,15.0327,15.0327,15.0325,15.0327,15.0327,15.0327,15.032,15.0317,15.0311,15.0311,15.0314,
Sun Apr 19 2020 23:58:01 GMT-0400 (Eastern Daylight Time)
15.0313,15.0306,15.0302,15.0328,15.0337,15.0344,15.0357,15.0362,15.0368,15.0371,15.0374,15.0378,15.0378,15.0381,15.0377,15.0377,15.0386,15.0382,15.0382,15.0384,15.0375,15.0371,15.0369,15.0371,15.0376,15.0372,15.0376,15.0376,15.0378,15.0373,15.0372,15.0382,15.0377,15.037,15.0384,15.038,15.0378,15.0375,15.0375,15.037,15.0367,15.0369,15.0374,15.0376,15.0378,15.0376,15.0381,15.0381,15.0379,15.0379,15.0369,15.0372,15.0374,15.0376,15.0378,15.0378,15.0374,15.0371,15.0363,15.0357,
Sun Apr 19 2020 23:59:00 GMT-0400 (Eastern Daylight Time)
15.0359,15.0359,15.0359,15.0359,15.0359,15.0359,15.0354,15.0351,15.0348,15.0342,15.0345,15.0342,15.0335,15.0335,15.0335,15.0346,15.0344,15.0341,15.0341,15.0335,15.0337,15.0344,15.0339,15.0335,15.0335,15.0331,15.0328,15.0332,15.0326,15.0323,15.0326,15.0323,15.0315,15.031,15.0318,15.0316,15.0293,15.0297,15.0301,15.0301,15.0303,15.0295,15.0299,15.0308,15.0304,15.0313,15.0316,15.0309,15.0312,15.0312,15.0312,15.0316,15.033,15.0325,15.0325,15.0328,15.0326,15.0323,15.0329,15.0333,
Mon Apr 20 2020 00:00:00 GMT-0400 (Eastern Daylight Time)
15.0331,15.0331,15.0328,15.0317,15.0313,15.0321,15.033,15.033,15.0331,15.0334,15.0341,15.0341,15.0334,15.0334,15.033,15.0328,15.0323,15.0318,15.0331,15.0331,15.033,15.0325,15.0316,15.0313,15.0317,15.0323,15.0337,15.034,15.0339,15.0353,15.0348,15.0351,15.0344,15.0346,15.0355,15.0368,15.037,15.0363,15.0363,15.0355,15.0358,15.0357,15.0353,15.0353,15.0356,15.035,15.0352,15.0355,15.0356,15.0358,15.0358,15.036,15.0355,15.0355,15.0355,15.0378,15.0378,15.0392,15.0403,15.0404,
Mon Apr 20 2020 00:01:01 GMT-0400 (Eastern Daylight Time)
15.0404,15.041,15.0422,15.0419,15.0415,15.0412,15.0412,15.042,15.0433,15.0433,15.0429,15.0433,15.0435,15.0435,15.0435,15.0432,15.0447,15.0442,15.0444,15.0434,15.0442,15.0445,15.046,15.0456,15.0456,15.0456,15.0454,15.0457,15.0457,15.0457,15.0456,15.0453,15.0449,15.0451,15.0449,15.0449,15.0449,15.0449,15.0452,15.0452,15.0461,15.0458,15.0458,15.0458,15.0458,15.0458,15.0458,15.0455,15.0459,15.0462,15.0459,15.0461,15.0458,15.0452,15.0452,15.0452,15.045,15.0458,15.0463,15.0465,
Mon Apr 20 2020 00:02:01 GMT-0400 (Eastern Daylight Time)
15.0476,15.0491,15.0487,15.0493,15.0493,15.0496,15.0496,15.0503,15.0503,15.0495,15.0495,15.0506,15.0527,15.0527,15.053,15.0536,15.0531,15.0533,15.0528,15.0543,15.0527,15.0527,15.0526,15.0526,15.0531,15.0534,15.053,15.053,15.0507,15.0504,15.0504,15.0504,15.0506,15.0503,15.0506,15.0509,15.0512,15.0512,15.0528,15.0535,15.0535,15.0544,15.0544,15.0543,15.0545,15.0541,15.0541,15.053,15.053,15.0538,15.0541,15.0541,15.0531,15.0528,15.0517,15.0517,15.0526,15.0512,15.0515,15.0515,
Mon Apr 20 2020 00:03:01 GMT-0400 (Eastern Daylight Time)
15.052,15.0524,15.0524,15.0521,15.0531,15.0533,15.0536,15.0539,15.0551,15.0551,15.0554,15.0553,15.0551,15.0548,15.055,15.0553,15.0555,15.0557,15.0555,15.0527,15.0527,15.0526,15.0529,15.053,15.053,15.0526,15.0522,15.0526,15.0517,15.052,15.0522,15.0518,15.052,15.0526,15.052,15.052,15.0522,15.052,15.0523,15.0519,15.0513,15.051,15.051,15.0515,15.0513,15.0515,15.0515,15.0515,15.0508,15.0506,15.0503,15.0506,15.0504,15.0505,15.0505,15.0509,15.0508,15.0516,15.0516,15.0516,
Mon Apr 20 2020 00:04:02 GMT-0400 (Eastern Daylight Time)
15.0516,15.0516,15.0503,15.0503,15.0499,15.0506,15.0506,15.0513,15.0523,15.0519,15.053,15.0533,15.0533,15.0534,15.0538,15.054,15.0552,15.0552,15.0553,15.0562,15.0559,15.0561,15.0561,15.0561,15.0558,15.0547,15.054,15.0554,15.0559,15.0579,15.0585,15.0592,15.0587,15.0587,15.0584,15.0587,15.0584,15.0584,15.0584,15.0581,15.0581,15.0579,15.0582,15.0585,15.0572,15.0578,15.0582,15.0575,15.0573,15.0576,15.0579,15.0587,15.0592,15.0587,15.0589,15.0589,15.0589,15.0589,15.0589,15.0589,
Mon Apr 20 2020 00:05:00 GMT-0400 (Eastern Daylight Time)
15.0595,15.0603,15.06,15.06,15.0598,15.06,15.0603,15.0606,15.0611,15.0614,15.0612,15.0608,15.0609,15.0613,15.0613,15.0613,15.061,15.061,15.0617,15.0619,15.0624,15.062,15.0624,15.062,15.0613,15.0609,15.0605,15.0616,15.0614,15.0618,15.0624,15.0626,15.0621,15.0624,15.0621,15.0616,15.0645,15.0645,15.0639,15.0639,15.0636,15.0651,15.0651,15.0651,15.0651,15.0658,15.0652,15.0652,15.0655,15.0661,15.0661,15.0655,15.0663,15.0663,15.0666,15.067,15.0663,15.066,15.0667,15.0667,
Mon Apr 20 2020 00:06:00 GMT-0400 (Eastern Daylight Time)
15.0667,15.0656,15.0653,15.0653,15.0655,15.066,15.0657,15.066,15.0656,15.0661,15.0661,15.0653,15.0655,15.0667,15.0683,15.0683,15.0693,15.0684,15.0688,15.0692,15.0697,15.0699,15.0701,15.0701,15.0704,15.0707,15.0704,15.0711,15.072,15.0724,15.0724,15.0684,15.0698,15.0707,15.071,15.0703,15.0705,15.0709,15.0706,15.0691,15.0695,15.0695,15.0706,15.0706,15.071,15.071,15.0717,15.0714,15.0714,15.0714,15.0711,15.0709,15.0719,15.0719,15.0723,15.0725,15.0725,15.0727,15.0723,15.0713,
Mon Apr 20 2020 00:07:00 GMT-0400 (Eastern Daylight Time)
15.0716,15.0718,15.0711,15.0711,15.07,15.07,15.0694,15.0694,15.0694,15.0696,15.0704,15.0704,15.0712,15.0712,15.0684,15.0694,15.069,15.0692,15.0688,15.0691,15.0693,15.069,15.0684,15.0684,15.0687,15.069,15.0684,15.0684,15.0688,15.0695,15.0695,15.0706,15.0706,15.07,15.0702,15.0702,15.0705,15.0707,15.0708,15.071,15.0707,15.0702,15.0705,15.0709,15.07,15.0702,15.0702,15.0705,15.0707,15.071,15.0704,15.0709,15.0716,15.0716,15.0716,15.0712,15.0708,15.07,15.0703,15.0701,
Mon Apr 20 2020 00:08:01 GMT-0400 (Eastern Daylight Time)
15.0694,15.0694,15.0699,15.0699,15.0699,15.0704,15.0699,15.0699,15.0708,15.0708,15.0712,15.0722,15.0722,15.0719,15.071,15.0714,15.0712,15.0736,15.0733,15.0728,15.0732,15.0765,15.0765,15.0765,15.0763,15.0759,15.0761,15.0755,15.0758,15.0756,15.0753,15.0756,15.0751,15.0747,15.0747,15.0747,15.0744,15.0751,15.0752,15.0756,15.0774,15.0778,15.078,15.0781,15.0784,15.0781,15.0781,15.0784,15.0784,15.0792,15.0797,15.0797,15.0794,15.0789,15.0794,15.0789,15.0793,15.0791,15.0788,15.0784,
Mon Apr 20 2020 00:09:00 GMT-0400 (Eastern Daylight Time)
15.0784,15.0786,15.0778,15.0778,15.0778,15.0793,15.0814,15.0816,15.0819,15.0821,15.0826,15.083,15.0827,15.0811,15.0811,15.0808,15.0808,15.0811,15.0845,15.0831,15.0829,15.0823,15.083,15.0835,15.0833,15.083,15.0837,15.0837,15.0837,15.0836,15.083,15.082,15.0813,15.0813,15.0819,15.0815,15.0818,15.0814,15.0821,15.0828,15.0828,15.0821,15.0813,15.0816,15.0827,15.0821,15.0828,15.0824,15.0824,15.0829,15.0829,15.0842,15.0845,15.0838,15.0838,15.0827,15.0831,15.0831,15.0829,15.0825,
Mon Apr 20 2020 00:10:00 GMT-0400 (Eastern Daylight Time)
15.0825,15.0822,15.0836,15.0836,15.0832,15.0826,15.0819,15.0824,15.0824,15.0827,15.0831,15.0828,15.083,15.083,15.082,15.082,15.0813,15.0803,15.0798,15.0798,15.0777,15.0773,15.0773,15.0778,15.0778,15.0786,15.0788,15.0786,15.0783,15.0776,15.0776,15.0782,15.0782,15.0778,15.0778,15.0778,15.0778,15.0778,15.0778,15.0775,15.0775,15.0777,15.0764,15.0757,15.0772,15.0786,15.0786,15.0783,15.0776,15.0769,15.0767,15.0767,15.0775,15.0757,15.0772,15.0769,15.0767,15.0752,15.076,15.0757,
Mon Apr 20 2020 00:11:00 GMT-0400 (Eastern Daylight Time)
15.0757,15.0757,15.0763,15.0766,15.0766,15.077,15.0776,15.0764,15.078,15.078,15.0779,15.0779,15.077,15.0773,15.0776,15.0764,15.0764,15.0763,15.0768,15.0772,15.0772,15.077,15.0777,15.0777,15.0767,15.077,15.0781,15.0785,15.0781,15.0779,15.0792,15.0792,15.0795,15.0813,15.081,15.0812,15.0812,15.0808,15.0811,15.0805,15.0802,15.0804,15.08,15.0796,15.0796,15.0791,15.0791,15.0787,15.0782,15.078,15.078,15.078,15.0771,15.0768,15.0764,15.0773,15.0769,15.0767,15.0767,15.0763,
Mon Apr 20 2020 00:12:00 GMT-0400 (Eastern Daylight Time)
15.0763,15.0759,15.0763,15.0761,15.0763,15.0751,15.0747,15.075,15.0749,15.0743,15.074,15.0755,15.0751,15.0753,15.0762,15.0765,15.075,15.0753,15.075,15.0748,15.0754,15.0757,15.076,15.0728,15.0722,15.0726,15.073,15.073,15.0732,15.0736,15.0738,15.0727,15.0727,15.072,15.072,15.0715,15.0709,15.0694,15.0722,15.0721,15.0721,15.0726,15.0723,15.0727,15.0732,15.0739,15.0736,15.0734,15.0726,15.0716,15.0719,15.0726,15.0722,15.0722,15.0717,15.0723,15.0723,15.0727,15.0727,15.0724,
Mon Apr 20 2020 00:13:00 GMT-0400 (Eastern Daylight Time)
15.0709,15.0699,15.0696,15.0693,15.069,15.0684,15.0684,15.0695,15.0695,15.0695,15.0691,15.0691,15.0696,15.0686,15.0686,15.0684,15.0684,15.0681,15.0681,15.0683,15.0683,15.0687,15.0689,15.0689,15.0692,15.0697,15.0691,15.0689,15.0686,15.0683,15.0686,15.0676,15.0678,15.0677,15.0689,15.0678,15.068,15.068,15.0687,15.068,15.0683,15.0692,15.0692,15.0694,15.0697,15.0698,15.0701,15.0702,15.0702,15.0708,15.0711,15.0708,15.0708,15.0712,15.0717,15.0717,15.0713,15.0713,15.0707,15.0712,
Mon Apr 20 2020 00:14:00 GMT-0400 (Eastern Daylight Time)
15.0715,15.074,15.0737,15.0733,15.073,15.0726,15.0721,15.0723,15.0723,15.072,15.0728,15.0723,15.0723,15.0724,15.0736,15.0736,15.0742,15.0745,15.0751,15.0756,15.0763,15.0761,15.0758,15.0761,15.0778,15.0765,15.0794,15.0787,15.0787,15.0795,15.0816,15.0805,15.0803,15.0805,15.0795,15.0788,15.0791,15.0794,15.0801,15.0804,15.0807,15.0807,15.0809,15.0811,15.0812,15.0805,15.0805,15.0808,15.0811,15.0819,15.083,15.0832,15.0832,15.0829,15.0831,15.0828,15.0825,15.0829,15.0826,15.0834,
Mon Apr 20 2020 00:15:01 GMT-0400 (Eastern Daylight Time)
15.0833,15.0838,15.0831,15.0838,15.0835,15.0832,15.0819,15.0822,15.0818,15.0821,15.0818,15.0815,15.0813,15.0812,15.081,15.081,15.0813,15.0812,15.0819,15.0819,15.081,15.0802,15.0806,15.0798,15.0794,15.0806,15.0806,15.08,15.08,15.0802,15.0797,15.0792,15.0798,15.08,15.08,15.0792,15.0767,15.0771,15.0771,15.0774,15.0784,15.078,15.0783,15.0783,15.0781,15.0778,15.0778,15.0776,15.0774,15.0778,15.0775,15.077,15.077,15.0772,15.0769,15.0773,15.0774,15.0775,15.0775,15.078,
Mon Apr 20 2020 00:16:00 GMT-0400 (Eastern Daylight Time)
15.0783,15.0783,15.0791,15.0794,15.0796,15.0801,15.0804,15.0809,15.0813,15.0812,15.0805,15.0822,15.0829,15.0832,15.0832,15.0825,15.0825,15.0819,15.0819,15.0814,15.0817,15.0831,15.0827,15.0822,15.0824,15.083,15.0848,15.0859,15.0874,15.0862,15.0859,15.0859,15.0851,15.0851,15.0848,15.0842,15.0845,15.0845,15.0849,15.0846,15.085,15.0852,15.0858,15.0866,15.0864,15.0868,15.0885,15.0889,15.0886,15.0896,15.09,15.09,15.091,15.0903,15.0903,15.0906,15.0906,15.0907,15.0907,15.0897,
Mon Apr 20 2020 00:17:01 GMT-0400 (Eastern Daylight Time)
15.0899,15.0867,15.0867,15.0872,15.0872,15.0873,15.0873,15.0878,15.0882,15.086,15.0882,15.0879,15.0881,15.0877,15.0882,15.0891,15.0891,15.0894,15.0899,15.0901,15.0901,15.0895,15.0896,15.0896,15.0896,15.0896,15.0893,15.0899,15.0893,15.0897,15.0903,15.0901,15.0906,15.0895,15.0891,15.0891,15.0891,15.0891,15.0888,15.0892,15.0892,15.091,15.0907,15.0899,15.0899,15.0896,15.0898,15.0898,15.0907,15.0904,15.0908,15.0906,15.0897,15.0885,15.0882,15.0882,15.0895,15.0897,15.0891,15.089,
Mon Apr 20 2020 00:18:01 GMT-0400 (Eastern Daylight Time)
15.089,15.0881,15.0881,15.0881,15.0881,15.0876,15.0873,15.0877,15.0877,15.0879,15.0882,15.0878,15.0875,15.088,15.0877,15.0879,15.0879,15.0881,15.0882,15.0871,15.0875,15.0872,15.0867,15.0864,15.0861,15.0855,15.0852,15.0845,15.0842,15.0833,15.0827,15.0833,15.084,15.0842,15.0845,15.0838,15.0841,15.0831,15.084,15.0835,15.0824,15.0824,15.0824,15.0821,15.0818,15.0813,15.0813,15.0798,15.0795,15.0795,15.0789,15.0774,15.0774,15.0781,15.0791,15.0789,15.0794,15.0794,15.0806,15.0817,
Mon Apr 20 2020 00:19:01 GMT-0400 (Eastern Daylight Time)
15.0825,15.0825,15.0825,15.0825,15.0827,15.0831,15.0837,15.0849,15.0846,15.0846,15.084,15.0834,15.0834,15.083,15.083,15.083,15.0841,15.0843,15.0846,15.0843,15.0844,15.0844,15.0828,15.0828,15.0812,15.0817,15.0811,15.0817,15.0791,15.0791,15.0786,15.0786,15.0787,15.0787,15.0773,15.077,15.077,15.0778,15.0772,15.0796,15.0781,15.0781,15.0778,15.079,15.079,15.0797,15.0781,15.0781,15.0773,15.077,15.0785,15.0782,15.0777,15.0779,15.0782,15.0792,15.0792,15.0793,15.0806,15.0806,
Mon Apr 20 2020 00:20:01 GMT-0400 (Eastern Daylight Time)
15.0806,15.0806,15.0806,15.082,15.082,15.0817,15.0828,15.0831,15.0831,15.0824,15.0838,15.084,15.084,15.0854,15.0857,15.0857,15.0854,15.0854,15.0862,15.0866,15.0867,15.0867,15.0856,15.0862,15.0858,15.0849,15.0852,15.0854,15.0863,15.0863,15.0875,15.0885,15.0882,15.0884,15.0888,15.0893,15.0893,15.0893,15.0886,15.0889,15.0882,15.0885,15.0878,15.0878,15.0881,15.0879,15.0878,15.0874,15.0879,15.0879,15.0882,15.0878,15.0877,15.0872,15.0892,15.0892,15.0895,15.0885,15.0893,15.0893,
Mon Apr 20 2020 00:21:01 GMT-0400 (Eastern Daylight Time)
15.0885,15.0885,15.0883,15.0883,15.0883,15.0883,15.0865,15.0868,15.0868,15.0865,15.0868,15.0864,15.0864,15.086,15.0862,15.0858,15.0858,15.0858,15.0858,15.0848,15.0842,15.084,15.0812,15.0814,15.0819,15.0831,15.0834,15.0818,15.0849,15.0849,15.0849,15.0849,15.0849,15.0842,15.084,15.084,15.084,15.0838,15.0843,15.0838,15.0842,15.0846,15.0846,15.0856,15.0859,15.0879,15.0882,15.0882,15.0882,15.0888,15.0894,15.0894,15.0887,15.0881,15.0885,15.0892,15.0887,15.0884,15.0881,15.0876,
Mon Apr 20 2020 00:22:01 GMT-0400 (Eastern Daylight Time)
15.0876,15.0872,15.0872,15.0863,15.086,15.0857,15.0839,15.0841,15.0851,15.0848,15.0843,15.0836,15.0833,15.083,15.0841,15.0841,15.0844,15.0851,15.0859,15.0859,15.0854,15.0854,15.0865,15.0868,15.0871,15.0863,15.0859,15.0854,15.0851,15.085,15.0828,15.0824,15.0831,15.0831,15.0821,15.0821,15.0824,15.0832,15.0828,15.0822,15.0841,15.0834,15.0841,15.0853,15.0854,15.0856,15.0879,15.0879,15.087,15.087,15.0873,15.0883,15.0877,15.0877,15.0875,15.0869,15.0863,15.0863,15.086,15.0863,
Mon Apr 20 2020 00:23:01 GMT-0400 (Eastern Daylight Time)
15.0862,15.0864,15.0864,15.0851,15.0846,15.0825,15.0825,15.082,15.0817,15.0817,15.0809,15.0813,15.0829,15.0829,15.0821,15.0818,15.083,15.083,15.083,15.082,15.0822,15.0832,15.083,15.0829,15.0829,15.0821,15.0815,15.0805,15.0805,15.0795,15.0802,15.081,15.0807,15.0799,15.0797,15.0797,15.0787,15.0787,15.0787,15.0787,15.079,15.0794,15.0795,15.0818,15.0821,15.0818,15.0806,15.0807,15.0804,15.0812,15.0804,15.0808,15.0813,15.0813,15.0811,15.0811,15.0812,15.0812,15.0825,15.0822,
Mon Apr 20 2020 00:24:01 GMT-0400 (Eastern Daylight Time)
15.0822,15.0829,15.0829,15.0836,15.0836,15.0834,15.0837,15.0837,15.0839,15.0844,15.0838,15.0835,15.0836,15.0836,15.0833,15.0833,15.083,15.0833,15.0839,15.0842,15.0847,15.0842,15.0842,15.0842,15.0842,15.0845,15.0875,15.0876,15.0882,15.0882,15.088,15.0877,15.0877,15.0882,15.0876,15.0873,15.0862,15.0862,15.086,15.0862,15.0864,15.0866,15.087,15.0866,15.0862,15.0858,15.0856,15.0856,15.0853,15.0853,15.0847,15.084,15.0837,15.0833,15.0845,15.0842,15.0831,15.0831,15.0828,15.0828,
Mon Apr 20 2020 00:25:01 GMT-0400 (Eastern Daylight Time)
15.0828,15.0813,15.0801,15.0801,15.0782,15.0782,15.0792,15.0792,15.0791,15.0791,15.0801,15.0807,15.0809,15.0809,15.082,15.0816,15.0816,15.082,15.0795,15.0792,15.0792,15.0792,15.0797,15.0793,15.0799,15.0787,15.0767,15.076,15.0779,15.0779,15.0776,15.0785,15.0785,15.0788,15.0783,15.0783,15.0792,15.0792,15.0792,15.0796,15.0785,15.0788,15.0795,15.0792,15.0789,15.0789,15.0799,15.0789,15.0789,15.0789,15.0771,15.0768,15.0765,15.076,15.0763,15.076,15.0754,15.0783,15.0796,15.0799,
Mon Apr 20 2020 00:26:00 GMT-0400 (Eastern Daylight Time)
15.0796,15.0796,15.0786,15.0774,15.0766,15.0766,15.077,15.0765,15.0765,15.0757,15.0754,15.0754,15.0752,15.075,15.075,15.0748,15.0754,15.0749,15.0747,15.0749,15.0747,15.0749,15.0757,15.0757,15.0743,15.0745,15.0752,15.0749,15.0743,15.0745,15.0726,15.072,15.0722,15.0722,15.0718,15.0708,15.0715,15.0707,15.0704,15.0694,15.0705,15.0705,15.0701,15.0687,15.0688,15.0686,15.0683,15.0683,15.0688,15.0685,15.0673,15.0676,15.0683,15.0683,15.0685,15.0681,15.0675,15.0674,15.0665,15.0665,
Mon Apr 20 2020 00:27:01 GMT-0400 (Eastern Daylight Time)
15.0674,15.067,15.0675,15.0674,15.0676,15.0676,15.0676,15.0676,15.0681,15.0686,15.068,15.0691,15.0689,15.069,15.0698,15.0698,15.0724,15.0724,15.0733,15.0733,15.0744,15.0744,15.0742,15.0745,15.0745,15.0749,15.0762,15.078,15.078,15.0783,15.078,15.0783,15.0795,15.0795,15.079,15.0784,15.0784,15.078,15.0777,15.0784,15.0784,15.0794,15.0813,15.0807,15.0778,15.0778,15.0754,15.0751,15.0751,15.0746,15.074,15.0737,15.0733,15.0736,15.0748,15.0748,15.0755,15.0751,15.0755,15.076,
Mon Apr 20 2020 00:28:01 GMT-0400 (Eastern Daylight Time)
15.0768,15.0768,15.0766,15.0747,15.0743,15.0743,15.0752,15.0758,15.0762,15.0762,15.0768,15.077,15.0772,15.0775,15.0778,15.0782,15.0782,15.0793,15.0793,15.0787,15.0789,15.0785,15.0791,15.0791,15.0795,15.0793,15.0793,15.0793,15.0788,15.0792,15.0782,15.0779,15.0784,15.0784,15.0788,15.0816,15.0812,15.0809,15.0809,15.0822,15.0825,15.0816,15.0828,15.0838,15.0838,15.0838,15.0823,15.0828,15.0832,15.0832,15.0835,15.0831,15.0831,15.0831,15.0834,15.0839,15.0847,15.0839,15.0839,15.0847,
Mon Apr 20 2020 00:29:00 GMT-0400 (Eastern Daylight Time)
15.0854,15.0848,15.0869,15.0867,15.0864,15.0858,15.0865,15.0869,15.0871,15.086,15.0866,15.087,15.0874,15.087,15.0863,15.0863,15.0868,15.0862,15.0858,15.0868,15.0881,15.0878,15.0876,15.0861,15.0851,15.0855,15.0852,15.0852,15.0856,15.0868,15.0858,15.0866,15.0869,15.0874,15.0865,15.0862,15.0866,15.0872,15.0869,15.0874,15.0876,15.0859,15.0859,15.0859,15.0859,15.0869,15.0866,15.0866,15.0864,15.0864,15.0861,15.0851,15.0855,15.0855,15.0852,15.0855,15.0855,15.0848,15.0851,15.0844,
