Thu Apr 16 2020 03:49:55 GMT-0400 (Eastern Daylight Time)
15.4903,15.4901,15.4909,15.4904,15.4904,15.4899,15.4899,15.4899,15.4899,15.4883,15.4887,15.4887,15.4887,15.4889,15.4891,15.4891,15.4895,15.4896,15.4896,15.4896,15.4899,15.4899,15.4901,15.4903,15.4896,15.4894,15.4903,15.4907,15.4907,15.4903,15.4898,15.4909,15.4909,15.4921,15.4925,15.4925,15.4923,15.4923,15.4923,15.492,15.492,15.4911,15.4911,15.4911,15.4915,15.4918,15.4933,15.4933,15.4936,15.4939,15.4946,15.4943,15.4955,15.4948,15.4948,15.4948,15.4954,15.4957,15.496,15.4956,
Thu Apr 16 2020 03:50:54 GMT-0400 (Eastern Daylight Time)
15.4965,15.4965,15.4965,15.4965,15.4965,15.4965,15.4965,15.4984,15.4984,15.4984,15.4977,15.4977,15.4977,15.4949,15.4941,15.4938,15.4938,15.4932,15.4926,15.4918,15.4918,15.4905,15.4901,15.4904,15.4904,15.491,15.491,15.4914,15.4906,15.4906,15.4911,15.4915,15.4909,15.4915,15.4915,15.4915,15.4912,15.4912,15.4915,15.4911,15.4905,15.4905,15.4908,15.4906,15.4911,15.4918,15.4915,15.4907,15.4903,15.4903,15.4909,15.4912,15.4912,15.4905,15.4907,15.4907,15.49,15.4911,15.4911,15.4911,
Thu Apr 16 2020 03:51:54 GMT-0400 (Eastern Daylight Time)
15.4911,15.4908,15.4908,15.4908,15.4908,15.4936,15.4929,15.4929,15.4924,15.4932,15.493,15.4931,15.4931,15.4926,15.492,15.492,15.4912,15.4912,15.4912,15.4895,15.4895,15.4904,15.4896,15.4896,15.4924,15.4927,15.4929,15.4928,15.4928,15.4916,15.4919,15.4926,15.4927,15.493,15.4932,15.4935,15.4928,15.4928,15.4919,15.4926,15.4926,15.4925,15.4928,15.4928,15.4928,15.4924,15.4924,15.4924,15.4917,15.4921,15.4919,15.4919,15.4927,15.4923,15.4914,15.4917,15.4923,15.492,15.4925,15.4922,
Thu Apr 16 2020 03:52:53 GMT-0400 (Eastern Daylight Time)
15.4922,15.4936,15.4936,15.4936,15.4945,15.4945,15.4945,15.4953,15.4958,15.4952,15.4962,15.497,15.496,15.4955,15.4963,15.4974,15.4974,15.4971,15.4966,15.4963,15.4963,15.4963,15.4967,15.4972,15.4971,15.4965,15.4954,15.4957,15.4957,15.4954,15.4955,15.4955,15.4939,15.4943,15.4947,15.493,15.493,15.493,15.493,15.4936,15.4946,15.4952,15.4944,15.4943,15.4943,15.4965,15.4956,15.4967,15.4967,15.4957,15.4954,15.4954,15.495,15.4944,15.494,15.4932,15.4927,15.4928,15.4926,15.4929,
Thu Apr 16 2020 03:53:53 GMT-0400 (Eastern Daylight Time)
15.4929,15.4938,15.4943,15.4943,15.4935,15.4935,15.4942,15.4937,15.4942,15.4937,15.4935,15.4947,15.4944,15.4931,15.4932,15.4932,15.4932,15.4935,15.4941,15.4941,15.4941,15.4943,15.4943,15.4937,15.4937,15.4936,15.4924,15.4921,15.4924,15.4922,15.493,15.4927,15.4927,15.4928,15.4932,15.4928,15.4916,15.4918,15.4911,15.4923,15.4923,15.4901,15.4913,15.4889,15.4889,15.4889,15.4867,15.4867,15.4895,15.4881,15.4881,15.4876,15.4881,15.4878,15.4875,15.4877,15.4884,15.4881,15.4883,15.4878,
Thu Apr 16 2020 03:54:54 GMT-0400 (Eastern Daylight Time)
15.487,15.4867,15.4867,15.4867,15.4867,15.4867,15.4867,15.488,15.488,15.488,15.4875,15.4873,15.4878,15.487,15.4862,15.4862,15.4862,15.4865,15.4863,15.4863,15.4863,15.4865,15.4865,15.4871,15.4867,15.4871,15.4873,15.4871,15.4874,15.4886,15.4886,15.4889,15.4882,15.4885,15.4888,15.4891,15.4888,15.4885,15.4882,15.4877,15.4877,15.4877,15.4879,15.4882,15.4895,15.4892,15.4884,15.4881,15.4881,15.4885,15.4885,15.4888,15.4869,15.4878,15.486,15.486,15.4879,15.4881,15.4881,15.4888,
Thu Apr 16 2020 03:55:54 GMT-0400 (Eastern Daylight Time)
15.4888,15.4885,15.4885,15.4885,15.4885,15.4885,15.4894,15.4894,15.4888,15.4888,15.4895,15.4895,15.4889,15.4889,15.4893,15.4893,15.4893,15.4896,15.4903,15.4897,15.4901,15.4903,15.4901,15.491,15.4906,15.4902,15.4891,15.4904,15.4904,15.4897,15.4895,15.4895,15.4899,15.4895,15.4921,15.4923,15.4923,15.4919,15.4926,15.4915,15.4914,15.4913,15.4916,15.492,15.4917,15.4911,15.4914,15.4914,15.4914,15.4897,15.4901,15.4901,15.4904,15.492,15.4918,15.4921,15.4917,15.4914,15.492,15.492,
Thu Apr 16 2020 03:56:54 GMT-0400 (Eastern Daylight Time)
15.492,15.4925,15.4914,15.4914,15.492,15.493,15.4946,15.4943,15.4939,15.4942,15.4941,15.4938,15.4938,15.4943,15.4943,15.4943,15.4947,15.4945,15.4935,15.494,15.4937,15.4935,15.4928,15.4928,15.493,15.4943,15.4946,15.4946,15.4937,15.4937,15.4927,15.4942,15.494,15.4931,15.4943,15.494,15.494,15.4941,15.4949,15.4954,15.4954,15.4959,15.4957,15.496,15.4958,15.4948,15.4951,15.4955,15.4955,15.4955,15.4964,15.4964,15.4968,15.4968,15.4974,15.4979,15.4985,15.4987,15.4994,15.4991,
Thu Apr 16 2020 03:57:54 GMT-0400 (Eastern Daylight Time)
15.4987,15.4985,15.4996,15.4996,15.4996,15.4996,15.5002,15.4998,15.4998,15.4995,15.4998,15.4996,15.5002,15.5002,15.5014,15.5014,15.5014,15.5016,15.5009,15.5009,15.5006,15.5005,15.5004,15.5011,15.5012,15.5009,15.5006,15.4999,15.5001,15.5001,15.5004,15.5008,15.5008,15.5007,15.5006,15.5002,15.5002,15.4981,15.4983,15.4988,15.4988,15.4988,15.4985,15.4991,15.4994,15.4994,15.4997,15.4997,15.4997,15.4991,15.4993,15.4997,15.4999,15.5002,15.4995,15.5,15.4997,15.4995,15.4986,15.4983,
Thu Apr 16 2020 03:58:54 GMT-0400 (Eastern Daylight Time)
15.4986,15.4979,15.4979,15.4993,15.4991,15.4988,15.4986,15.4984,15.4984,15.4987,15.4984,15.4984,15.4984,15.4988,15.5,15.5017,15.5019,15.5017,15.5017,15.5011,15.4998,15.4994,15.4992,15.4988,15.4992,15.4994,15.4999,15.4999,15.4998,15.4994,15.5,15.5,15.5003,15.5003,15.4973,15.4973,15.4967,15.4967,15.4967,15.4978,15.4978,15.4982,15.4979,15.4973,15.4973,15.4973,15.498,15.4982,15.4982,15.4987,15.4983,15.4983,15.4982,15.4984,15.4984,15.4984,15.4983,15.4988,15.4992,15.499,
Thu Apr 16 2020 03:59:54 GMT-0400 (Eastern Daylight Time)
15.4991,15.4991,15.4981,15.4981,15.4983,15.4986,15.4983,15.4993,15.5001,15.5004,15.4998,15.5,15.5,15.4997,15.5,15.5003,15.499,15.499,15.4989,15.4984,15.4984,15.4987,15.4987,15.4988,15.4991,15.4995,15.4983,15.499,15.499,15.499,15.4972,15.497,15.4968,15.4964,15.4962,15.4962,15.4939,15.4934,15.4943,15.4941,15.4941,15.4927,15.4925,15.4927,15.4927,15.4933,15.4926,15.492,15.4924,15.492,15.4926,15.4926,15.4929,15.4929,15.4931,15.4936,15.4936,15.4936,15.4934,15.4943,
Thu Apr 16 2020 04:00:54 GMT-0400 (Eastern Daylight Time)
15.4945,15.4945,15.495,15.495,15.495,15.4957,15.4957,15.4957,15.4969,15.4965,15.4974,15.4978,15.4975,15.4972,15.4972,15.4972,15.4972,15.4975,15.4965,15.4959,15.4959,15.4949,15.4962,15.4962,15.4968,15.4975,15.4972,15.4945,15.4945,15.4933,15.4939,15.4936,15.4936,15.4936,15.4932,15.4935,15.4939,15.4941,15.4938,15.4941,15.4934,15.4934,15.4935,15.4935,15.4932,15.4932,15.4932,15.4927,15.4927,15.4938,15.4935,15.4926,15.4926,15.4929,15.4918,15.4913,15.4913,15.491,15.4911,15.4913,
Thu Apr 16 2020 04:01:53 GMT-0400 (Eastern Daylight Time)
15.4913,15.491,15.4909,15.4909,15.4909,15.4919,15.4919,15.4919,15.4912,15.4908,15.4909,15.4913,15.4908,15.4897,15.4894,15.4899,15.4893,15.4893,15.4898,15.4898,15.4884,15.4888,15.4888,15.4877,15.4883,15.4882,15.4882,15.4882,15.4879,15.4876,15.4872,15.4877,15.4876,15.4876,15.4879,15.4863,15.4859,15.4864,15.4853,15.4853,15.4853,15.485,15.485,15.4837,15.4837,15.4832,15.4836,15.4836,15.4833,15.4845,15.4841,15.4843,15.484,15.4836,15.4826,15.483,15.4826,15.4826,15.4823,15.4821,
Thu Apr 16 2020 04:02:54 GMT-0400 (Eastern Daylight Time)
15.483,15.4828,15.4828,15.4828,15.4807,15.481,15.4795,15.4801,15.4805,15.4798,15.4801,15.4797,15.4797,15.48,15.4799,15.4809,15.4809,15.4812,15.4809,15.4809,15.4813,15.4787,15.4787,15.4785,15.4785,15.4789,15.4794,15.4796,15.4799,15.4802,15.4805,15.481,15.4818,15.4818,15.4837,15.4839,15.4839,15.4842,15.4842,15.4844,15.485,15.485,15.4837,15.4844,15.4842,15.4842,15.4836,15.484,15.484,15.4834,15.4828,15.4834,15.4834,15.4823,15.4823,15.4823,15.4823,15.4803,15.4805,15.4805,
Thu Apr 16 2020 04:03:53 GMT-0400 (Eastern Daylight Time)
15.4805,15.4808,15.4804,15.4804,15.4804,15.4804,15.4804,15.4784,15.4789,15.4789,15.478,15.4782,15.4782,15.4782,15.4785,15.4785,15.4792,15.4788,15.4782,15.4779,15.4779,15.4789,15.4789,15.4789,15.4789,15.4797,15.4791,15.4786,15.4782,15.4778,15.4772,15.4768,15.4759,15.4765,15.4762,15.4762,15.4759,15.4752,15.4754,15.4761,15.4761,15.4767,15.4765,15.4773,15.4773,15.4779,15.4776,15.478,15.478,15.4784,15.4789,15.4795,15.4793,15.4793,15.4786,15.4777,15.4773,15.4777,15.4767,15.476,
Thu Apr 16 2020 04:04:54 GMT-0400 (Eastern Daylight Time)
15.4756,15.475,15.4753,15.4753,15.4753,15.4757,15.4754,15.4763,15.4763,15.4758,15.4754,15.4754,15.4748,15.4759,15.4759,15.4761,15.4758,15.4755,15.4763,15.4766,15.4766,15.4769,15.4772,15.4773,15.4776,15.478,15.4805,15.4805,15.4809,15.4813,15.4807,15.4788,15.4791,15.4791,15.4788,15.4786,15.4784,15.4779,15.4783,15.4788,15.4777,15.4777,15.4784,15.4781,15.4804,15.4804,15.481,15.4814,15.481,15.4813,15.4813,15.4817,15.4814,15.481,15.481,15.4827,15.4823,15.482,15.4815,15.4836,
Thu Apr 16 2020 04:05:53 GMT-0400 (Eastern Daylight Time)
15.4833,15.4833,15.4833,15.4833,15.4833,15.4833,15.4833,15.4857,15.4851,15.4825,15.4825,15.4846,15.4853,15.4853,15.4857,15.4851,15.4855,15.4855,15.4836,15.4843,15.484,15.4843,15.4846,15.4847,15.4845,15.4842,15.4842,15.4849,15.4845,15.4845,15.4839,15.4834,15.4831,15.4831,15.4823,15.4825,15.4834,15.4837,15.4828,15.4832,15.4823,15.4823,15.4827,15.4833,15.4835,15.4839,15.4838,15.4838,15.484,15.4823,15.4823,15.4816,15.4835,15.4836,15.4836,15.4842,15.4844,15.4841,15.4838,15.4837,
Thu Apr 16 2020 04:07:54 GMT-0400 (Eastern Daylight Time)
15.4713,15.4718,15.4718,15.4718,15.4716,15.4723,15.4723,15.4727,15.4727,15.471,15.4712,15.4709,15.4702,15.4705,15.4702,15.4702,15.4697,15.4681,15.4681,15.4684,15.4679,15.4682,15.4682,15.4701,15.4696,15.4696,15.4694,15.4709,15.4712,15.4714,15.4714,15.4714,15.4714,15.4712,15.4718,15.471,15.4706,15.4681,15.4685,15.4682,15.4684,15.4692,15.4692,15.4702,15.4699,15.4696,15.4703,15.4709,15.4709,15.4709,15.4709,15.4716,15.4725,15.4729,15.4729,15.4731,15.473,15.4735,15.4735,15.4735,
Thu Apr 16 2020 04:08:54 GMT-0400 (Eastern Daylight Time)
15.4735,15.4735,15.4735,15.4735,15.4735,15.4735,15.4735,15.4737,15.4737,15.4729,15.4734,15.4734,15.4734,15.4734,15.4734,15.4734,15.4728,15.4728,15.4728,15.4701,15.4706,15.471,15.4698,15.4703,15.4701,15.4695,15.4696,15.4706,15.4712,15.4712,15.4708,15.4708,15.4704,15.4704,15.47,15.4695,15.4695,15.4695,15.4668,15.467,15.4667,15.4669,15.4666,15.4658,15.4673,15.4676,15.4678,15.4682,15.4694,15.47,15.47,15.4701,15.4694,15.4694,15.4699,15.4704,15.4699,15.4704,15.4723,15.4714,
Thu Apr 16 2020 04:09:54 GMT-0400 (Eastern Daylight Time)
15.4709,15.4704,15.4699,15.4699,15.4699,15.4699,15.4699,15.468,15.468,15.468,15.468,15.4678,15.4678,15.4686,15.4683,15.4683,15.4683,15.4683,15.4683,15.4679,15.4679,15.4676,15.4673,15.4671,15.4667,15.4663,15.4663,15.4673,15.4677,15.4677,15.467,15.467,15.467,15.4672,15.4677,15.4671,15.4658,15.4656,15.4656,15.4651,15.4651,15.4647,15.4649,15.4661,15.4661,15.4666,15.4668,15.4671,15.4678,15.4678,15.4703,15.47,15.4697,15.4702,15.4699,15.4696,15.4692,15.4692,15.4689,15.4697,
Thu Apr 16 2020 04:10:54 GMT-0400 (Eastern Daylight Time)
15.4702,15.4702,15.4705,15.4705,15.4705,15.4705,15.4705,15.4705,15.4696,15.4692,15.4687,15.4696,15.4688,15.4698,15.4698,15.47,15.4697,15.4697,15.4703,15.4706,15.4708,15.4708,15.4708,15.4703,15.4704,15.4701,15.4685,15.469,15.4681,15.4681,15.469,15.4687,15.4683,15.4683,15.4683,15.4691,15.4675,15.4675,15.4675,15.4666,15.4667,15.4667,15.4664,15.4673,15.4673,15.4681,15.4674,15.4681,15.4677,15.4677,15.4684,15.4679,15.4677,15.4674,15.4674,15.4669,15.4673,15.467,15.4676,15.4686,
Thu Apr 16 2020 04:11:54 GMT-0400 (Eastern Daylight Time)
15.4684,15.4688,15.4688,15.4697,15.4701,15.4701,15.4698,15.4701,15.4699,15.4697,15.4697,15.4691,15.47,15.4697,15.4697,15.4695,15.4695,15.4695,15.4691,15.47,15.4698,15.4691,15.4691,15.4699,15.4699,15.4699,15.4711,15.4728,15.4722,15.4719,15.4719,15.4719,15.4726,15.4727,15.4727,15.4735,15.473,15.473,15.4723,15.4725,15.4727,15.4726,15.4731,15.4734,15.4722,15.4722,15.4713,15.4713,15.4705,15.4705,15.471,15.471,15.471,15.4703,15.4703,15.4706,15.4706,15.4709,15.4701,15.4701,
Thu Apr 16 2020 04:12:54 GMT-0400 (Eastern Daylight Time)
15.47,15.47,15.4705,15.4709,15.4709,15.4709,15.4709,15.4709,15.4709,15.4709,15.4708,15.47,15.47,15.47,15.47,15.47,15.47,15.47,15.4699,15.4699,15.47,15.47,15.47,15.47,15.47,15.47,15.47,15.4703,15.4703,15.4697,15.4697,15.4691,15.4691,15.4691,15.4691,15.4683,15.4683,15.469,15.469,15.469,15.469,15.469,15.469,15.469,15.4694,15.4694,15.4688,15.4688,15.4688,15.4693,15.4693,15.4697,15.4697,15.4697,15.4697,15.4697,15.4701,15.4701,15.4697,15.4684,
Thu Apr 16 2020 04:13:54 GMT-0400 (Eastern Daylight Time)
15.4684,15.4677,15.4677,15.4677,15.4668,15.4668,15.4668,15.4668,15.4671,15.4671,15.4671,15.4671,15.4655,15.4655,15.4641,15.4644,15.4647,15.465,15.4648,15.4644,15.463,15.4626,15.4639,15.4636,15.4636,15.4633,15.4629,15.4626,15.4629,15.4629,15.4637,15.4628,15.462,15.4616,15.4611,15.4616,15.4609,15.4607,15.4612,15.4601,15.4601,15.4599,15.4597,15.4611,15.4591,15.4591,15.4597,15.4597,15.46,15.46,15.4603,15.4606,15.4606,15.4613,15.4618,15.4632,15.4634,15.4639,15.4639,15.4642,
Thu Apr 16 2020 04:14:57 GMT-0400 (Eastern Daylight Time)
15.4644,15.4641,15.4635,15.4633,15.4633,15.4633,15.463,15.4647,15.4644,15.4644,15.4644,15.4646,15.4646,15.4651,15.4654,15.4654,15.4661,15.4664,15.4661,15.4662,15.4661,15.4666,15.4669,15.4673,15.4673,15.4681,15.4678,15.4698,15.4706,15.4711,15.4703,15.4697,15.4726,15.4723,15.4728,15.4723,15.4723,15.4723,15.472,15.4728,15.4719,15.4719,15.4723,15.4722,15.4709,15.4713,15.4702,15.4705,15.4701,15.4699,15.4699,15.4697,15.4697,15.47,15.4704,15.4704,15.4704,15.4704,15.4691,15.4687,
Thu Apr 16 2020 04:15:54 GMT-0400 (Eastern Daylight Time)
15.4693,15.4693,15.4676,15.4676,15.4676,15.4676,15.4676,15.4676,15.4676,15.4662,15.4662,15.4657,15.4659,15.4659,15.4653,15.4657,15.4657,15.4649,15.4652,15.4643,15.4646,15.4652,15.465,15.4655,15.4656,15.4656,15.466,15.4656,15.4657,15.4657,15.4644,15.4648,15.4649,15.4656,15.4656,15.4671,15.4668,15.4673,15.4671,15.4679,15.4683,15.4683,15.4676,15.467,15.4674,15.4669,15.4669,15.4678,15.4682,15.469,15.4717,15.4726,15.4731,15.4734,15.4734,15.4754,15.473,15.4726,15.4726,15.4726,
Thu Apr 16 2020 04:16:54 GMT-0400 (Eastern Daylight Time)
15.4737,15.4745,15.4745,15.4737,15.4735,15.4735,15.4729,15.4733,15.4717,15.4717,15.4717,15.4717,15.473,15.473,15.4725,15.4734,15.4739,15.4734,15.4731,15.4721,15.4719,15.4714,15.4714,15.4727,15.4727,15.4723,15.4716,15.4716,15.4696,15.4699,15.4709,15.4712,15.4716,15.4733,15.4752,15.4752,15.4752,15.4752,15.4752,15.4755,15.4757,15.4754,15.4761,15.4761,15.472,15.4717,15.4717,15.4706,15.4711,15.4711,15.4714,15.4711,15.4719,15.4716,15.472,15.4725,15.4746,15.4746,15.4746,15.475,
Thu Apr 16 2020 04:17:54 GMT-0400 (Eastern Daylight Time)
15.4745,15.4745,15.4745,15.4753,15.4753,15.475,15.4761,15.4768,15.4768,15.4768,15.4765,15.4762,15.4762,15.4767,15.4767,15.4768,15.4765,15.4773,15.4777,15.4772,15.4772,15.4763,15.4753,15.4753,15.4743,15.4736,15.4736,15.473,15.473,15.4735,15.474,15.4735,15.4732,15.4725,15.473,15.4724,15.4724,15.4717,15.4724,15.4727,15.473,15.4724,15.4738,15.4738,15.4727,15.4727,15.473,15.4735,15.4738,15.473,15.473,15.473,15.474,15.4738,15.473,15.4728,15.4726,15.4728,15.4725,15.472,
Thu Apr 16 2020 04:18:54 GMT-0400 (Eastern Daylight Time)
15.473,15.4739,15.4746,15.4746,15.4746,15.4746,15.4746,15.4746,15.4746,15.4741,15.4741,15.4751,15.4755,15.4767,15.4763,15.4759,15.4752,15.4757,15.4754,15.4756,15.4761,15.4771,15.4768,15.4763,15.4761,15.4761,15.4761,15.4759,15.4769,15.4769,15.4772,15.4775,15.4776,15.4772,15.4767,15.4764,15.4771,15.4774,15.4774,15.4777,15.4777,15.4809,15.4815,15.4826,15.48,15.48,15.4797,15.4797,15.4805,15.4803,15.4801,15.4801,15.4806,15.4809,15.4809,15.4813,15.4808,15.4808,15.4802,15.4805,
Thu Apr 16 2020 04:19:54 GMT-0400 (Eastern Daylight Time)
15.48,15.48,15.4796,15.4796,15.4796,15.4796,15.4815,15.4815,15.4812,15.4812,15.4815,15.4815,15.4812,15.4815,15.481,15.4807,15.4807,15.4805,15.4803,15.4803,15.4803,15.4804,15.4804,15.4804,15.4806,15.4796,15.4793,15.4787,15.4787,15.4788,15.4788,15.479,15.4784,15.4788,15.4784,15.4782,15.4779,15.4779,15.4779,15.4779,15.4779,15.4787,15.4784,15.479,15.4787,15.4787,15.4781,15.4776,15.4782,15.4782,15.4787,15.4792,15.4795,15.4792,15.4795,15.479,15.4796,15.4787,15.4785,15.4777,
Thu Apr 16 2020 04:20:54 GMT-0400 (Eastern Daylight Time)
15.4777,15.4777,15.4774,15.4774,15.4774,15.4774,15.4774,15.4774,15.4774,15.4754,15.4755,15.4755,15.4763,15.4768,15.4768,15.4761,15.4756,15.4758,15.4767,15.4767,15.478,15.478,15.4777,15.4783,15.4783,15.4777,15.4777,15.478,15.4772,15.4763,15.4763,15.476,15.4753,15.4761,15.4761,15.4758,15.4758,15.4765,15.4762,15.4756,15.4758,15.4758,15.476,15.4768,15.4771,15.4768,15.4768,15.4776,15.478,15.4774,15.4774,15.478,15.478,15.4778,15.4781,15.4778,15.4791,15.4793,15.4795,15.4791,
Thu Apr 16 2020 04:21:54 GMT-0400 (Eastern Daylight Time)
15.4791,15.4788,15.4788,15.4788,15.4788,15.4781,15.4781,15.4781,15.4784,15.4781,15.4793,15.4785,15.4786,15.4789,15.4798,15.4798,15.4804,15.4807,15.4807,15.4807,15.4806,15.4814,15.4822,15.4822,15.4822,15.4822,15.4825,15.4821,15.482,15.482,15.4822,15.4831,15.4831,15.4828,15.482,15.4822,15.483,15.4837,15.4842,15.4842,15.4845,15.4845,15.4844,15.4837,15.4837,15.4848,15.4845,15.4857,15.4857,15.4857,15.486,15.4857,15.4854,15.4857,15.486,15.486,15.4852,15.486,15.486,15.4857,
Thu Apr 16 2020 04:22:54 GMT-0400 (Eastern Daylight Time)
15.4859,15.4859,15.4858,15.4858,15.4863,15.4861,15.4869,15.4869,15.4864,15.4855,15.4855,15.4862,15.4859,15.486,15.485,15.485,15.4849,15.4852,15.4855,15.4855,15.4865,15.4871,15.4871,15.4878,15.487,15.4848,15.4853,15.4853,15.4867,15.4867,15.4867,15.4882,15.4887,15.4885,15.489,15.489,15.4885,15.4881,15.4881,15.4884,15.4877,15.4897,15.4897,15.4911,15.4911,15.4896,15.4898,15.4903,15.4903,15.4924,15.4924,15.4924,15.4939,15.4939,15.4939,15.4951,15.4948,15.4953,15.4953,15.496,
Thu Apr 16 2020 04:23:54 GMT-0400 (Eastern Daylight Time)
15.4963,15.496,15.496,15.4962,15.4962,15.4966,15.4966,15.4972,15.4983,15.498,15.498,15.498,15.498,15.498,15.4987,15.4986,15.4981,15.4986,15.4986,15.4987,15.4996,15.5001,15.5001,15.5001,15.5003,15.5003,15.5,15.5001,15.4997,15.4994,15.4984,15.4975,15.4977,15.4967,15.4967,15.4973,15.4967,15.4978,15.4988,15.4988,15.4982,15.4982,15.4989,15.4989,15.4981,15.4976,15.4973,15.4973,15.4979,15.4982,15.4975,15.4967,15.497,15.4982,15.4976,15.4982,15.4973,15.4967,15.4951,15.4951,
Thu Apr 16 2020 04:24:54 GMT-0400 (Eastern Daylight Time)
15.4948,15.4925,15.4925,15.4925,15.4945,15.494,15.493,15.493,15.493,15.4934,15.4937,15.4933,15.4931,15.4927,15.493,15.4929,15.4933,15.4923,15.4926,15.4918,15.4915,15.4915,15.4913,15.4911,15.4915,15.4918,15.4929,15.4921,15.4921,15.4926,15.4923,15.4924,15.4924,15.4924,15.4924,15.4919,15.4919,15.4911,15.4911,15.4896,15.4899,15.4894,15.4869,15.4869,15.488,15.4884,15.4907,15.4903,15.4889,15.4893,15.4893,15.489,15.4891,15.4898,15.4901,15.4901,15.4908,15.49,15.4907,15.4898,
Thu Apr 16 2020 04:25:54 GMT-0400 (Eastern Daylight Time)
15.4898,15.4902,15.4899,15.4899,15.4899,15.4899,15.4899,15.4875,15.4872,15.4859,15.4861,15.4868,15.4868,15.4871,15.4871,15.4868,15.4866,15.487,15.487,15.487,15.4869,15.4869,15.4866,15.4863,15.4884,15.4856,15.4858,15.4846,15.4843,15.4843,15.4839,15.4839,15.4833,15.4817,15.4821,15.4807,15.4814,15.4814,15.4811,15.4809,15.4809,15.4806,15.481,15.4816,15.4814,15.481,15.4809,15.4811,15.4808,15.4811,15.4816,15.4816,15.4808,15.4815,15.4826,15.4826,15.483,15.4834,15.4834,15.4839,
Thu Apr 16 2020 04:26:54 GMT-0400 (Eastern Daylight Time)
15.483,15.4826,15.4823,15.4824,15.4831,15.4823,15.4819,15.4819,15.481,15.481,15.4809,15.4809,15.4806,15.4802,15.48,15.48,15.4789,15.4787,15.4786,15.4786,15.4787,15.4783,15.4795,15.4809,15.4814,15.4799,15.4792,15.4789,15.4784,15.4778,15.477,15.4764,15.4775,15.4775,15.4803,15.4803,15.4815,15.4813,15.4816,15.4842,15.4841,15.4838,15.4838,15.4838,15.4839,15.4836,15.4836,15.4841,15.4812,15.4812,15.4816,15.4816,15.4809,15.4796,15.4799,15.4796,15.4798,15.4796,15.48,15.48,
Thu Apr 16 2020 04:27:54 GMT-0400 (Eastern Daylight Time)
15.4801,15.4795,15.4792,15.4792,15.4775,15.4775,15.4775,15.4773,15.478,15.478,15.4785,15.4789,15.4789,15.4789,15.4786,15.4827,15.4827,15.4827,15.4829,15.4832,15.4832,15.4834,15.4842,15.4844,15.4841,15.4845,15.4843,15.4843,15.4842,15.4842,15.4834,15.4827,15.4824,15.4824,15.483,15.4832,15.4826,15.4826,15.4826,15.4829,15.4815,15.4814,15.4819,15.4823,15.4829,15.4832,15.4834,15.483,15.4828,15.4831,15.4831,15.4831,15.4831,15.4836,15.4838,15.4847,15.4847,15.4848,15.484,15.484,
Thu Apr 16 2020 04:28:53 GMT-0400 (Eastern Daylight Time)
15.4834,15.485,15.485,15.485,15.4848,15.4848,15.4846,15.4842,15.4828,15.4826,15.4823,15.4823,15.4823,15.4825,15.4825,15.4825,15.4825,15.482,15.482,15.4818,15.482,15.4829,15.4824,15.482,15.4799,15.4798,15.4806,15.4822,15.4822,15.4848,15.4843,15.4845,15.4848,15.4841,15.4844,15.4844,15.4845,15.4845,15.4845,15.4845,15.4837,15.4838,15.4838,15.4838,15.4835,15.4832,15.4832,15.4832,15.4832,15.4837,15.4837,15.4851,15.4846,15.4845,15.4837,15.4833,15.4835,15.4835,15.4827,15.4827,
Thu Apr 16 2020 04:29:54 GMT-0400 (Eastern Daylight Time)
15.4825,15.4827,15.4806,15.4799,15.4799,15.4799,15.4792,15.479,15.4786,15.4786,15.4784,15.4781,15.4789,15.4793,15.4783,15.4783,15.4786,15.4789,15.4792,15.4793,15.4793,15.4802,15.4795,15.4795,15.4812,15.4815,15.4812,15.4819,15.481,15.4806,15.4806,15.4801,15.4803,15.4808,15.48,15.48,15.48,15.4805,15.4801,15.4798,15.4825,15.482,15.4823,15.4826,15.4823,15.4833,15.4827,15.4822,15.4816,15.4829,15.4829,15.4834,15.4836,15.4831,15.4821,15.4817,15.4821,15.4824,15.4827,15.4823,
Thu Apr 16 2020 04:30:54 GMT-0400 (Eastern Daylight Time)
15.4824,15.4822,15.4822,15.4822,15.4822,15.4822,15.4822,15.4797,15.4797,15.4815,15.4815,15.4815,15.4823,15.4823,15.4815,15.4815,15.4811,15.482,15.4825,15.4832,15.4837,15.4847,15.4851,15.4861,15.4861,15.4858,15.4855,15.4852,15.4846,15.4852,15.485,15.485,15.4853,15.4843,15.4849,15.4847,15.4844,15.4847,15.4838,15.4843,15.4839,15.4844,15.4841,15.4841,15.4835,15.4835,15.483,15.4827,15.4824,15.4824,15.4826,15.4828,15.4828,15.4822,15.4819,15.4821,15.4828,15.4836,15.4836,15.4839,
Thu Apr 16 2020 04:31:54 GMT-0400 (Eastern Daylight Time)
15.4844,15.4848,15.4848,15.4848,15.4852,15.4856,15.4852,15.4854,15.4844,15.4825,15.4825,15.4822,15.4799,15.4798,15.4802,15.4807,15.4811,15.4819,15.4822,15.4822,15.4822,15.4822,15.4826,15.4834,15.483,15.4826,15.4826,15.4826,15.4821,15.4825,15.4825,15.4828,15.4828,15.4836,15.4835,15.4832,15.4832,15.485,15.4847,15.4845,15.4843,15.484,15.4844,15.4843,15.4843,15.4838,15.4845,15.4836,15.4842,15.4852,15.4849,15.4847,15.4845,15.484,15.4858,15.4863,15.4863,15.4863,15.4873,15.4869,
Thu Apr 16 2020 04:33:54 GMT-0400 (Eastern Daylight Time)
15.4932,15.4927,15.4927,15.4927,15.4927,15.4931,15.4931,15.4931,15.4935,15.4946,15.4943,15.4943,15.4943,15.4931,15.4929,15.4932,15.4933,15.4941,15.4947,15.4943,15.4932,15.4925,15.4928,15.4922,15.4922,15.4924,15.4926,15.4926,15.493,15.4927,15.4931,15.4924,15.4924,15.4921,15.4916,15.4916,15.492,15.4923,15.4927,15.4926,15.493,15.4933,15.4922,15.4922,15.4924,15.4924,15.4924,15.4924,15.4923,15.4919,15.4919,15.4924,15.4924,15.4922,15.4922,15.4917,15.491,15.4907,15.491,15.4907,
Thu Apr 16 2020 04:34:54 GMT-0400 (Eastern Daylight Time)
15.491,15.4913,15.4913,15.4913,15.4916,15.4909,15.4912,15.4908,15.4905,15.4911,15.4911,15.4915,15.4915,15.4913,15.49,15.4904,15.4909,15.4916,15.4909,15.4909,15.4905,15.4918,15.4923,15.4916,15.4916,15.4922,15.4922,15.4922,15.4923,15.4925,15.4925,15.4934,15.4932,15.4947,15.4944,15.4947,15.4943,15.4958,15.4958,15.4955,15.4955,15.4963,15.4965,15.4963,15.4963,15.4966,15.4974,15.4978,15.4983,15.4983,15.498,15.4982,15.4984,15.4987,15.4984,15.4986,15.4986,15.4989,15.5,15.5004,
Thu Apr 16 2020 04:35:54 GMT-0400 (Eastern Daylight Time)
15.5004,15.5004,15.5004,15.5004,15.4997,15.4997,15.4997,15.4996,15.5008,15.5006,15.5002,15.5,15.5003,15.5015,15.5015,15.5007,15.5004,15.5,15.4996,15.5006,15.5006,15.4988,15.4988,15.4988,15.4983,15.4989,15.4991,15.4989,15.4993,15.499,15.4987,15.4987,15.4985,15.4975,15.4975,15.4975,15.4975,15.497,15.497,15.4966,15.496,15.4958,15.4954,15.4954,15.4958,15.4956,15.4956,15.4958,15.4958,15.4958,15.4961,15.4965,15.4962,15.4966,15.4962,15.4962,15.4959,15.4953,15.4953,15.4961,
Thu Apr 16 2020 04:36:54 GMT-0400 (Eastern Daylight Time)
15.4967,15.4963,15.4963,15.4963,15.4963,15.4963,15.4942,15.4942,15.4942,15.4942,15.4942,15.4938,15.4935,15.4942,15.4937,15.4935,15.4935,15.4938,15.4938,15.4942,15.4942,15.4938,15.4941,15.4941,15.4949,15.4952,15.4952,15.4947,15.4947,15.4947,15.4941,15.4941,15.4941,15.493,15.4933,15.4928,15.4924,15.4938,15.4944,15.4947,15.4943,15.4935,15.4938,15.4934,15.4939,15.4951,15.4951,15.4951,15.4957,15.4953,15.4975,15.4975,15.4969,15.4977,15.4979,15.4989,15.4987,15.4978,15.4975,15.4973,
Thu Apr 16 2020 04:37:54 GMT-0400 (Eastern Daylight Time)
15.4973,15.4982,15.4982,15.4994,15.4986,15.4986,15.4981,15.4985,15.4985,15.4985,15.4981,15.4981,15.4983,15.4978,15.4997,15.5004,15.5006,15.5009,15.5011,15.5014,15.5019,15.5014,15.4993,15.4993,15.4991,15.4988,15.5003,15.501,15.501,15.5007,15.4997,15.4997,15.5005,15.5005,15.5,15.5,15.5001,15.4998,15.4993,15.4988,15.5,15.4989,15.4989,15.4989,15.4994,15.4994,15.501,15.5013,15.5009,15.5006,15.5009,15.5009,15.5016,15.5016,15.5024,15.5028,15.5028,15.5029,15.5026,15.5019,
Thu Apr 16 2020 04:38:54 GMT-0400 (Eastern Daylight Time)
15.5006,15.5004,15.5021,15.5033,15.5033,15.5033,15.5026,15.5026,15.5026,15.503,15.5032,15.5029,15.5029,15.5026,15.5012,15.5018,15.5026,15.5026,15.5012,15.5024,15.5024,15.5021,15.5021,15.5018,15.5016,15.5011,15.5011,15.5015,15.5015,15.5012,15.5016,15.5018,15.5018,15.502,15.5019,15.5024,15.5024,15.5024,15.5011,15.5011,15.5013,15.501,15.5003,15.5003,15.5007,15.5003,15.4988,15.4991,15.4981,15.499,15.4992,15.4992,15.4992,15.4997,15.4997,15.4993,15.499,15.499,15.4992,15.4981,
Thu Apr 16 2020 04:39:54 GMT-0400 (Eastern Daylight Time)
15.4976,15.4977,15.4976,15.4976,15.4976,15.4976,15.4979,15.4973,15.4976,15.4976,15.4973,15.4975,15.4985,15.4982,15.4994,15.4994,15.4994,15.4994,15.4994,15.4994,15.4994,15.4994,15.4987,15.4979,15.4981,15.4981,15.4985,15.4988,15.4971,15.4969,15.4966,15.4982,15.4982,15.4984,15.498,15.4986,15.4986,15.4983,15.4983,15.4978,15.4981,15.4985,15.4985,15.4992,15.4992,15.4995,15.4995,15.4993,15.4989,15.4989,15.5004,15.5007,15.5007,15.5004,15.5004,15.5011,15.5011,15.5014,15.5009,15.5005,
Thu Apr 16 2020 04:40:54 GMT-0400 (Eastern Daylight Time)
15.4999,15.4999,15.4999,15.4999,15.4993,15.4993,15.4999,15.4995,15.4993,15.4991,15.4991,15.5006,15.5009,15.5002,15.4998,15.4998,15.4998,15.5,15.5,15.4983,15.4983,15.4977,15.498,15.4984,15.4984,15.4984,15.4976,15.4982,15.4985,15.4986,15.4982,15.4979,15.4979,15.4975,15.4979,15.4979,15.4973,15.4971,15.4952,15.4952,15.4945,15.495,15.4949,15.4933,15.4937,15.4934,15.4944,15.4949,15.4949,15.4954,15.4956,15.4956,15.4953,15.4958,15.4958,15.4975,15.4975,15.4971,15.4981,15.4988,
Thu Apr 16 2020 04:41:54 GMT-0400 (Eastern Daylight Time)
15.4996,15.4997,15.5011,15.5005,15.5008,15.5033,15.5026,15.5026,15.5026,15.503,15.5058,15.5055,15.5066,15.5059,15.5072,15.5072,15.5076,15.5079,15.5079,15.5079,15.5064,15.506,15.506,15.5062,15.5055,15.5055,15.5047,15.5047,15.5041,15.5041,15.5044,15.5038,15.5018,15.5018,15.5018,15.5028,15.5023,15.5023,15.4986,15.4974,15.4968,15.4968,15.4962,15.4962,15.4979,15.4986,15.4984,15.498,15.4965,15.4965,15.497,15.4967,15.4984,15.4984,15.498,15.4993,15.4993,15.4993,15.4963,15.4967,
Thu Apr 16 2020 04:42:54 GMT-0400 (Eastern Daylight Time)
15.497,15.4969,15.4969,15.4969,15.4973,15.4973,15.497,15.4975,15.4971,15.4978,15.4975,15.4978,15.4978,15.4968,15.4974,15.4969,15.4969,15.4973,15.4968,15.4962,15.4967,15.4967,15.4994,15.4996,15.5002,15.4999,15.4996,15.4993,15.499,15.499,15.4986,15.4986,15.498,15.498,15.4991,15.4991,15.4996,15.4994,15.5,15.5002,15.5002,15.5004,15.5004,15.5004,15.5007,15.5011,15.5008,15.5007,15.5007,15.5019,15.5017,15.5013,15.5013,15.5016,15.5018,15.5018,15.5018,15.5015,15.5017,15.5022,
Thu Apr 16 2020 04:43:54 GMT-0400 (Eastern Daylight Time)
15.5025,15.5036,15.5036,15.5039,15.502,15.5023,15.5025,15.5023,15.5027,15.5027,15.5024,15.5022,15.5026,15.5018,15.5021,15.5021,15.5019,15.5022,15.5006,15.4995,15.499,15.4995,15.4995,15.5009,15.501,15.5013,15.5008,15.5014,15.5015,15.4994,15.4992,15.4991,15.4991,15.4991,15.4987,15.4991,15.4988,15.4988,15.4978,15.4967,15.4967,15.4982,15.4982,15.4982,15.499,15.499,15.4993,15.4993,15.4993,15.4993,15.499,15.4986,15.4986,15.4986,15.4973,15.4981,15.4984,15.4984,15.498,15.498,
Thu Apr 16 2020 04:44:54 GMT-0400 (Eastern Daylight Time)
15.4986,15.4986,15.4986,15.4986,15.4987,15.499,15.4993,15.5,15.5006,15.5009,15.4998,15.4999,15.5004,15.5001,15.4997,15.5006,15.5013,15.501,15.501,15.5012,15.5014,15.5019,15.5016,15.5027,15.502,15.4993,15.4993,15.4997,15.4993,15.4993,15.5001,15.5006,15.5006,15.4994,15.4998,15.4998,15.5001,15.5005,15.5013,15.501,15.5004,15.4995,15.4995,15.4997,15.4993,15.5005,15.4999,15.5006,15.5006,15.5009,15.5009,15.5009,15.5007,15.501,15.5003,15.4993,15.499,15.4988,15.4986,15.4988,
Thu Apr 16 2020 04:45:54 GMT-0400 (Eastern Daylight Time)
15.4991,15.4984,15.4979,15.4979,15.4979,15.4979,15.4993,15.4989,15.5001,15.4984,15.4986,15.4997,15.4997,15.5001,15.4994,15.4994,15.5003,15.5003,15.5003,15.5003,15.5007,15.5005,15.4999,15.5006,15.501,15.5011,15.5011,15.5006,15.5003,15.5007,15.501,15.5007,15.5004,15.5009,15.5014,15.5014,15.5026,15.5026,15.5026,15.5026,15.5026,15.5029,15.5025,15.5022,15.5022,15.5018,15.5017,15.5014,15.5018,15.5018,15.5015,15.5012,15.5015,15.5018,15.5013,15.5015,15.5019,15.5018,15.5022,15.5024,
Thu Apr 16 2020 04:46:54 GMT-0400 (Eastern Daylight Time)
15.5019,15.5019,15.5018,15.5012,15.5007,15.5004,15.5006,15.4989,15.5,15.5,15.5006,15.5006,15.5018,15.5015,15.5026,15.5026,15.5015,15.5012,15.4992,15.4992,15.4987,15.4974,15.4974,15.4988,15.4988,15.4983,15.498,15.4978,15.4973,15.4969,15.4973,15.498,15.498,15.4971,15.4973,15.4973,15.4976,15.4976,15.4973,15.4976,15.4976,15.4972,15.497,15.4967,15.497,15.497,15.4976,15.4962,15.4962,15.4958,15.4969,15.4969,15.4969,15.4972,15.4977,15.4977,15.4974,15.4974,15.4983,15.4991,
Thu Apr 16 2020 04:47:54 GMT-0400 (Eastern Daylight Time)
15.5018,15.5022,15.5022,15.5022,15.5032,15.5032,15.501,15.501,15.5006,15.5015,15.5029,15.5026,15.5024,15.5021,15.5028,15.503,15.503,15.5024,15.5024,15.502,15.5024,15.5027,15.5022,15.5025,15.5021,15.502,15.5017,15.5005,15.5005,15.5011,15.5009,15.5007,15.4996,15.4996,15.5002,15.5011,15.5008,15.4991,15.4986,15.4984,15.4973,15.4979,15.4981,15.4967,15.4969,15.4969,15.4969,15.4972,15.497,15.4974,15.4972,15.4978,15.4978,15.4984,15.4987,15.4991,15.4993,15.4979,15.498,15.4986,
Thu Apr 16 2020 04:48:54 GMT-0400 (Eastern Daylight Time)
15.4978,15.4976,15.4976,15.4976,15.4976,15.4975,15.4975,15.4975,15.498,15.4984,15.4984,15.4984,15.4984,15.4984,15.4988,15.4993,15.499,15.4986,15.4978,15.4974,15.4957,15.4957,15.4932,15.4929,15.4917,15.492,15.4924,15.4923,15.4926,15.4928,15.4928,15.4952,15.4952,15.4943,15.4943,15.4918,15.4918,15.4916,15.4916,15.4919,15.4919,15.4914,15.4914,15.4917,15.4923,15.4922,15.4922,15.4932,15.4934,15.4925,15.4925,15.4936,15.4939,15.4945,15.4941,15.4932,15.4932,15.4933,15.4927,15.4919,
Thu Apr 16 2020 04:49:54 GMT-0400 (Eastern Daylight Time)
15.4915,15.4912,15.4912,15.4912,15.4906,15.4906,15.4909,15.4906,15.4902,15.4888,15.4891,15.4895,15.4899,15.49,15.49,15.4888,15.4885,15.4887,15.4892,15.4895,15.4892,15.4911,15.4909,15.4914,15.4924,15.4914,15.4915,15.4922,15.4929,15.4922,15.4922,15.4924,15.4924,15.4921,15.4944,15.4937,15.4943,15.4943,15.4938,15.4943,15.4943,15.4937,15.4937,15.4937,15.4933,15.4935,15.4934,15.4959,15.4959,15.4962,15.4958,15.496,15.4949,15.4954,15.4954,15.4965,15.4965,15.4963,15.496,15.4971,
Thu Apr 16 2020 04:50:54 GMT-0400 (Eastern Daylight Time)
15.498,15.498,15.4978,15.4978,15.4978,15.4978,15.4988,15.4991,15.4995,15.4994,15.4994,15.4991,15.4987,15.4989,15.4987,15.4999,15.4987,15.4988,15.4988,15.4979,15.497,15.4976,15.4973,15.4971,15.4971,15.4972,15.4968,15.4994,15.499,15.4983,15.4983,15.499,15.4987,15.4978,15.4978,15.4975,15.4978,15.4988,15.4985,15.4997,15.4997,15.4992,15.4996,15.5001,15.5001,15.5003,15.5003,15.5003,15.5003,15.5009,15.5009,15.5011,15.5032,15.5032,15.5029,15.5026,15.5022,15.5019,15.5014,15.502,
Thu Apr 16 2020 04:51:54 GMT-0400 (Eastern Daylight Time)
15.5017,15.501,15.501,15.501,15.501,15.5004,15.5004,15.501,15.4998,15.4998,15.5,15.4993,15.5002,15.5012,15.5008,15.5012,15.5012,15.4998,15.5005,15.5,15.4989,15.4989,15.4968,15.4968,15.4964,15.4968,15.4968,15.4956,15.496,15.4962,15.4967,15.4964,15.4967,15.4973,15.4977,15.498,15.4977,15.498,15.4971,15.4964,15.4958,15.4975,15.4975,15.4992,15.4979,15.4979,15.4977,15.4979,15.4981,15.4974,15.498,15.4975,15.4969,15.4969,15.4969,15.4961,15.4971,15.4975,15.4975,15.4984,
Thu Apr 16 2020 04:52:54 GMT-0400 (Eastern Daylight Time)
15.4991,15.5012,15.5005,15.5013,15.5007,15.5007,15.5003,15.5004,15.5008,15.5008,15.5011,15.502,15.5016,15.502,15.5017,15.5017,15.5008,15.5008,15.5008,15.5008,15.5002,15.5002,15.5008,15.5008,15.5005,15.5002,15.4997,15.4976,15.4976,15.4974,15.4971,15.4975,15.4975,15.4978,15.4975,15.498,15.4977,15.4972,15.4968,15.4976,15.4968,15.4968,15.4971,15.498,15.4977,15.4976,15.4976,15.4988,15.4991,15.4991,15.4988,15.4985,15.4989,15.4983,15.4983,15.4986,15.4984,15.4976,15.4976,15.4978,
Thu Apr 16 2020 04:53:54 GMT-0400 (Eastern Daylight Time)
15.4982,15.4982,15.4986,15.4963,15.4963,15.4963,15.4963,15.4952,15.4955,15.4958,15.4962,15.4962,15.4958,15.4958,15.4958,15.4948,15.4945,15.4941,15.4935,15.4955,15.4951,15.4946,15.4949,15.4943,15.4943,15.4943,15.4943,15.4944,15.4959,15.4959,15.4959,15.4952,15.4952,15.4956,15.4952,15.4949,15.4952,15.4964,15.496,15.4962,15.4962,15.4962,15.4964,15.4961,15.4961,15.4954,15.4954,15.4951,15.4958,15.4955,15.4961,15.4961,15.4961,15.4962,15.4964,15.4967,15.4965,15.4968,15.4976,15.4979,
Thu Apr 16 2020 04:54:54 GMT-0400 (Eastern Daylight Time)
15.4976,15.4972,15.4981,15.4981,15.4981,15.4981,15.4974,15.497,15.4964,15.4964,15.4953,15.4963,15.4984,15.4987,15.4987,15.4992,15.4988,15.4985,15.4994,15.4997,15.4988,15.4989,15.4992,15.4985,15.4982,15.4975,15.4982,15.4981,15.4985,15.4981,15.4983,15.4986,15.4983,15.4983,15.4994,15.4983,15.4983,15.4987,15.498,15.4983,15.4979,15.4987,15.4985,15.4981,15.4981,15.4978,15.4978,15.4975,15.4978,15.4973,15.4978,15.4978,15.4973,15.498,15.498,15.4976,15.4976,15.4969,15.4969,15.4964,
Thu Apr 16 2020 04:55:54 GMT-0400 (Eastern Daylight Time)
15.496,15.496,15.4966,15.4966,15.4966,15.4966,15.4966,15.4961,15.4961,15.4961,15.4958,15.4958,15.4952,15.4956,15.4956,15.4956,15.4949,15.4949,15.494,15.494,15.4946,15.4951,15.4959,15.4955,15.4959,15.4956,15.4953,15.4946,15.4953,15.4947,15.4947,15.4943,15.4946,15.4962,15.4962,15.4965,15.4961,15.4957,15.4962,15.496,15.4968,15.4966,15.4972,15.4976,15.4976,15.4976,15.4976,15.4956,15.4958,15.4958,15.4957,15.4955,15.495,15.4947,15.4955,15.4955,15.496,15.4957,15.4967,15.4955,
Thu Apr 16 2020 04:56:54 GMT-0400 (Eastern Daylight Time)
15.4955,15.4943,15.4943,15.4943,15.4946,15.4946,15.4946,15.4913,15.4913,15.4909,15.4906,15.491,15.491,15.4913,15.4918,15.4918,15.4922,15.4917,15.4905,15.4906,15.491,15.491,15.4907,15.4909,15.4906,15.491,15.4919,15.4934,15.4934,15.4934,15.4934,15.4941,15.4943,15.4949,15.4945,15.4941,15.4944,15.4942,15.4948,15.495,15.4953,15.495,15.4953,15.4957,15.4954,15.4948,15.4948,15.4939,15.4939,15.494,15.4937,15.4934,15.493,15.4928,15.4917,15.4914,15.4924,15.4924,15.4924,15.4928,
Thu Apr 16 2020 04:57:54 GMT-0400 (Eastern Daylight Time)
15.4928,15.4928,15.4928,15.4928,15.4928,15.4928,15.4925,15.4925,15.4922,15.4901,15.4892,15.4895,15.4895,15.4892,15.4895,15.4895,15.4898,15.4902,15.4905,15.4896,15.4896,15.4893,15.4888,15.4888,15.4895,15.4895,15.4895,15.49,15.4895,15.49,15.4897,15.4899,15.4899,15.4894,15.4903,15.4903,15.4906,15.4906,15.4913,15.4912,15.4912,15.491,15.491,15.4908,15.4907,15.4907,15.4914,15.492,15.4917,15.4921,15.4917,15.4917,15.4912,15.4909,15.4909,15.4908,15.4905,15.4905,15.4905,15.4902,
Thu Apr 16 2020 04:58:54 GMT-0400 (Eastern Daylight Time)
15.4897,15.4889,15.4892,15.4896,15.4893,15.4893,15.4889,15.4889,15.4896,15.4896,15.4904,15.4904,15.491,15.4913,15.4916,15.4913,15.4916,15.4916,15.4911,15.4923,15.4907,15.4907,15.4907,15.491,15.4908,15.4911,15.4911,15.4901,15.489,15.4898,15.4901,15.4904,15.4889,15.4907,15.4904,15.4904,15.4904,15.4904,15.4907,15.4902,15.4899,15.489,15.4897,15.4894,15.49,15.4896,15.4898,15.4901,15.488,15.4879,15.4873,15.4876,15.4876,15.4884,15.4884,15.4887,15.4882,15.489,15.4893,15.4894,
Thu Apr 16 2020 04:59:54 GMT-0400 (Eastern Daylight Time)
15.4895,15.4895,15.4906,15.4906,15.4914,15.4916,15.4916,15.4916,15.4919,15.4915,15.4915,15.4917,15.4915,15.4915,15.4919,15.4913,15.4918,15.4918,15.4916,15.491,15.491,15.4903,15.4901,15.4903,15.4888,15.4893,15.4867,15.4867,15.4853,15.4853,15.4855,15.4858,15.4852,15.4847,15.4847,15.4839,15.4836,15.4839,15.4839,15.4837,15.4832,15.4816,15.4816,15.4815,15.4809,15.4813,15.4813,15.4809,15.4806,15.4806,15.4801,15.4801,15.4799,15.479,15.4778,15.4772,15.4784,15.4782,15.4779,15.4776,
Thu Apr 16 2020 05:00:54 GMT-0400 (Eastern Daylight Time)
15.4772,15.4771,15.4768,15.4768,15.4768,15.4768,15.4768,15.474,15.4728,15.4732,15.4735,15.4733,15.4738,15.4741,15.4746,15.4743,15.4736,15.4722,15.4725,15.4725,15.4727,15.4719,15.4719,15.4711,15.4706,15.4722,15.4722,15.4719,15.4715,15.4715,15.4712,15.4707,15.4704,15.4704,15.4701,15.471,15.471,15.4713,15.4713,15.4704,15.4719,15.4722,15.4717,15.4717,15.4726,15.4731,15.473,15.4726,15.4726,15.4732,15.4732,15.4732,15.4732,15.4737,15.4743,15.4736,15.4721,15.4722,15.4722,15.4722,
Thu Apr 16 2020 05:01:54 GMT-0400 (Eastern Daylight Time)
15.4714,15.4714,15.4714,15.4717,15.4715,15.4715,15.4717,15.4715,15.4719,15.4738,15.4738,15.4732,15.4741,15.4748,15.476,15.4748,15.4747,15.4747,15.474,15.4753,15.4751,15.4748,15.4738,15.4731,15.4747,15.4767,15.4767,15.4767,15.4767,15.4773,15.4775,15.4778,15.4778,15.478,15.4778,15.4783,15.4783,15.4775,15.4775,15.4771,15.4774,15.4764,15.4764,15.4768,15.4766,15.4758,15.4758,15.4735,15.4733,15.4735,15.4735,15.4739,15.4736,15.4732,15.4733,15.4734,15.4737,15.4735,15.4739,15.4745,
Thu Apr 16 2020 05:02:54 GMT-0400 (Eastern Daylight Time)
15.475,15.4746,15.4746,15.4741,15.4761,15.4756,15.4761,15.4757,15.4753,15.4753,15.4753,15.4753,15.4752,15.4778,15.4785,15.4786,15.4775,15.4771,15.4771,15.4781,15.4791,15.4783,15.4778,15.4769,15.477,15.4772,15.4769,15.4772,15.4751,15.4755,15.4758,15.4748,15.4746,15.4746,15.4753,15.4753,15.4748,15.4747,15.4742,15.4742,15.4775,15.4778,15.4778,15.477,15.4769,15.4772,15.4776,15.4776,15.4778,15.4788,15.4785,15.4782,15.4785,15.4782,15.4786,15.4786,15.4786,15.4786,15.4786,15.479,
Thu Apr 16 2020 05:03:54 GMT-0400 (Eastern Daylight Time)
15.479,15.4792,15.4798,15.4798,15.4798,15.4798,15.4779,15.4779,15.4775,15.4783,15.4777,15.4777,15.478,15.4778,15.4777,15.4773,15.4772,15.4772,15.4769,15.4767,15.4773,15.4778,15.4774,15.4779,15.4779,15.4782,15.4782,15.4782,15.4785,15.4777,15.4777,15.477,15.4765,15.4762,15.4756,15.4754,15.4766,15.4768,15.4764,15.4767,15.4774,15.4773,15.4775,15.4772,15.4774,15.4778,15.4773,15.4781,15.479,15.4793,15.4799,15.4795,15.4801,15.4807,15.4806,15.4807,15.482,15.4824,15.4842,15.4845,
Thu Apr 16 2020 05:04:54 GMT-0400 (Eastern Daylight Time)
15.4862,15.4858,15.4861,15.4852,15.4852,15.4864,15.4864,15.4859,15.4859,15.4861,15.4857,15.4859,15.4851,15.4851,15.4854,15.4839,15.4839,15.4842,15.4842,15.4842,15.4839,15.4842,15.4842,15.484,15.4866,15.4867,15.4864,15.4875,15.4873,15.4866,15.4876,15.4876,15.4876,15.4872,15.4872,15.4869,15.4873,15.4866,15.4858,15.4862,15.4865,15.4854,15.4855,15.4848,15.4848,15.4843,15.4843,15.4838,15.4831,15.4831,15.4831,15.4831,15.4831,15.4825,15.4825,15.4825,15.4825,15.4823,15.4823,15.4817,
Thu Apr 16 2020 05:05:54 GMT-0400 (Eastern Daylight Time)
15.4817,15.4817,15.4819,15.4819,15.4819,15.4819,15.4817,15.4817,15.4817,15.4817,15.4866,15.4866,15.4866,15.4866,15.4866,15.4866,15.4866,15.4873,15.4873,15.4874,15.4874,15.487,15.4873,15.4869,15.4859,15.486,15.487,15.4866,15.4864,15.4854,15.4821,15.4821,15.4821,15.4817,15.4819,15.4817,15.4823,15.4824,15.483,15.4816,15.4814,15.4814,15.4818,15.4815,15.481,15.4807,15.4804,15.4809,15.4803,15.48,15.4804,15.4804,15.4806,15.4806,15.4802,15.4802,15.4805,15.4805,15.48,15.4793,
Thu Apr 16 2020 05:06:54 GMT-0400 (Eastern Daylight Time)
15.4799,15.4788,15.4788,15.4788,15.4788,15.4788,15.4759,15.4759,15.4761,15.4756,15.4763,15.4763,15.4763,15.4756,15.4753,15.4749,15.4752,15.4749,15.477,15.477,15.477,15.4767,15.4764,15.4769,15.477,15.477,15.4773,15.4777,15.4771,15.4775,15.4775,15.4775,15.4775,15.48,15.4804,15.4798,15.4805,15.4802,15.4799,15.4803,15.48,15.4801,15.4794,15.4789,15.4792,15.4799,15.4778,15.4775,15.4784,15.479,15.4784,15.4779,15.4772,15.4784,15.4784,15.4787,15.4794,15.4805,15.4797,15.48,
Thu Apr 16 2020 05:07:54 GMT-0400 (Eastern Daylight Time)
15.4792,15.4793,15.4793,15.4776,15.4776,15.4768,15.4786,15.4786,15.4781,15.4791,15.4791,15.4791,15.4786,15.4767,15.477,15.477,15.477,15.4781,15.4781,15.4778,15.4771,15.4768,15.4761,15.4761,15.4761,15.4764,15.4767,15.477,15.477,15.4772,15.4777,15.4777,15.4777,15.478,15.478,15.478,15.4777,15.4761,15.4764,15.4764,15.4774,15.4776,15.4773,15.4771,15.4769,15.4766,15.4763,15.4763,15.4765,15.4765,15.4754,15.4754,15.4752,15.4749,15.4746,15.474,15.474,15.4771,15.4767,15.4766,
Thu Apr 16 2020 05:08:54 GMT-0400 (Eastern Daylight Time)
15.4764,15.4764,15.4764,15.4751,15.4751,15.4755,15.4755,15.4755,15.4755,15.4757,15.4753,15.4753,15.4739,15.4732,15.4752,15.4746,15.4744,15.475,15.4753,15.4753,15.4761,15.4765,15.4768,15.4764,15.4756,15.4762,15.4774,15.4771,15.4769,15.4792,15.4784,15.4771,15.4771,15.4755,15.4748,15.4748,15.4755,15.4751,15.4754,15.4748,15.4751,15.4754,15.4754,15.4754,15.475,15.475,15.4754,15.475,15.4763,15.4775,15.4771,15.4776,15.4749,15.4752,15.4752,15.475,15.4759,15.4759,15.4756,15.4752,
Thu Apr 16 2020 05:09:54 GMT-0400 (Eastern Daylight Time)
15.4758,15.476,15.476,15.4757,15.4757,15.4763,15.4763,15.4801,15.4797,15.4793,15.4793,15.4793,15.4796,15.48,15.48,15.48,15.4797,15.4792,15.4798,15.4789,15.4803,15.4799,15.4799,15.4799,15.4803,15.4792,15.4792,15.4789,15.4782,15.4811,15.4816,15.4811,15.4814,15.4805,15.4809,15.4809,15.4806,15.4801,15.4806,15.4809,15.4809,15.4802,15.4806,15.4806,15.4788,15.4784,15.4787,15.4792,15.4792,15.4795,15.4799,15.4799,15.4799,15.4819,15.4821,15.4825,15.4828,15.483,15.4826,15.483,
Thu Apr 16 2020 05:10:54 GMT-0400 (Eastern Daylight Time)
15.483,15.4835,15.4835,15.4835,15.4835,15.4835,15.4835,15.484,15.4837,15.4836,15.4813,15.4818,15.4821,15.4816,15.482,15.4817,15.4817,15.4828,15.4834,15.4837,15.4834,15.4833,15.483,15.4833,15.4833,15.4813,15.4813,15.4816,15.4817,15.4811,15.481,15.4837,15.4833,15.4833,15.4835,15.4827,15.4806,15.4806,15.4802,15.4805,15.4815,15.4817,15.4824,15.4827,15.4825,15.4823,15.4815,15.4819,15.4819,15.4813,15.4807,15.4805,15.4793,15.4783,15.4791,15.4791,15.4779,15.4779,15.4776,15.4776,
Thu Apr 16 2020 05:11:54 GMT-0400 (Eastern Daylight Time)
15.4777,15.4783,15.4783,15.4777,15.4777,15.4781,15.4786,15.4784,15.4784,15.4808,15.4808,15.4808,15.4797,15.4799,15.4794,15.4802,15.4794,15.4787,15.4792,15.4794,15.4799,15.4797,15.4797,15.4797,15.4797,15.4786,15.4786,15.4789,15.4789,15.4792,15.4789,15.4787,15.4793,15.4793,15.4798,15.4805,15.4805,15.4809,15.4809,15.4823,15.4828,15.4828,15.4833,15.4833,15.4833,15.482,15.4822,15.4824,15.4824,15.4831,15.4822,15.4819,15.4817,15.4811,15.4808,15.4808,15.4808,15.4811,15.4804,15.4798,
Thu Apr 16 2020 05:12:54 GMT-0400 (Eastern Daylight Time)
15.4806,15.4806,15.4807,15.4807,15.4807,15.4813,15.4816,15.4812,15.4812,15.4818,15.481,15.4819,15.4817,15.4817,15.481,15.4809,15.4809,15.4803,15.4828,15.4815,15.4818,15.4814,15.4814,15.4818,15.4809,15.4809,15.4802,15.4801,15.4796,15.4803,15.4801,15.4793,15.4793,15.4788,15.4795,15.4789,15.48,15.4796,15.4808,15.481,15.481,15.4824,15.4827,15.4818,15.4823,15.4823,15.4835,15.4837,15.4834,15.4832,15.4829,15.4829,15.4829,15.4826,15.4834,15.4849,15.4849,15.4846,15.4848,15.4832,
