Sun Apr 12 2020 02:41:03 GMT-0400 (Eastern Daylight Time)
15.4922,15.4928,15.4928,15.4928,15.4928,15.4925,15.4932,15.4932,15.4938,15.4938,15.4938,15.4933,15.4933,15.4929,15.4929,15.4929,15.4929,15.4929,15.4934,15.494,15.4945,15.4952,15.4952,15.4947,15.4955,15.4972,15.4981,15.497,15.497,15.497,15.497,15.4974,15.4976,15.4985,15.4985,15.499,15.499,15.499,15.499,15.4987,15.4978,15.4975,15.4975,15.4975,15.4975,15.4975,15.4973,15.4968,15.4968,15.4966,15.4966,15.4966,15.4966,15.4963,15.4952,15.4947,15.4947,15.4953,15.4957,15.4956,
Sun Apr 12 2020 02:42:03 GMT-0400 (Eastern Daylight Time)
15.4956,15.4955,15.4953,15.4953,15.4959,15.4952,15.4952,15.4964,15.4964,15.4967,15.4964,15.4964,15.4964,15.4964,15.4964,15.4962,15.4956,15.4959,15.4959,15.4959,15.4954,15.4954,15.4954,15.4953,15.4953,15.4957,15.4957,15.4954,15.4957,15.4954,15.4954,15.4951,15.4953,15.4964,15.4964,15.496,15.4964,15.4964,15.4967,15.4958,15.4951,15.4954,15.495,15.4947,15.4949,15.4944,15.4949,15.4949,15.4949,15.4949,15.4952,15.4952,15.4954,15.4954,15.4959,15.4959,15.4959,15.4959,15.4956,15.4952,
Sun Apr 12 2020 02:43:03 GMT-0400 (Eastern Daylight Time)
15.4952,15.4952,15.496,15.496,15.496,15.4965,15.4973,15.4975,15.498,15.4977,15.498,15.498,15.4984,15.4984,15.4973,15.4972,15.4979,15.4984,15.4987,15.4996,15.4996,15.5002,15.5002,15.5001,15.5001,15.5001,15.4995,15.4989,15.4986,15.4986,15.4991,15.4994,15.4994,15.4994,15.4994,15.4994,15.499,15.499,15.4983,15.4983,15.4983,15.4985,15.4991,15.4991,15.4996,15.4993,15.5001,15.4997,15.4997,15.5,15.5,15.5,15.5,15.5007,15.5,15.4996,15.5001,15.5001,15.5001,15.4998,
Sun Apr 12 2020 02:44:03 GMT-0400 (Eastern Daylight Time)
15.5007,15.501,15.5007,15.4998,15.4998,15.4998,15.4996,15.499,15.499,15.499,15.4973,15.4977,15.4977,15.4977,15.4983,15.4991,15.4991,15.4994,15.4997,15.4997,15.5,15.5003,15.5,15.4996,15.4999,15.4999,15.4999,15.4999,15.4999,15.4999,15.5001,15.4999,15.4999,15.4994,15.499,15.5001,15.4993,15.4993,15.4991,15.4991,15.4988,15.4981,15.4983,15.4989,15.4989,15.4989,15.4983,15.4985,15.4985,15.4985,15.4975,15.4975,15.4971,15.4971,15.4967,15.4967,15.4967,15.499,15.499,15.499,
Sun Apr 12 2020 02:45:03 GMT-0400 (Eastern Daylight Time)
15.499,15.4988,15.4985,15.4974,15.4993,15.4975,15.4972,15.497,15.497,15.4974,15.4983,15.4977,15.4972,15.4975,15.5004,15.5018,15.5034,15.5034,15.5034,15.504,15.504,15.5037,15.5041,15.5041,15.5041,15.5041,15.5042,15.5042,15.5042,15.5045,15.5037,15.5037,15.5037,15.5037,15.5037,15.5039,15.5042,15.5042,15.5041,15.5041,15.5041,15.5037,15.5029,15.5029,15.5009,15.5009,15.5003,15.5003,15.5003,15.5003,15.5,15.5,15.5,15.5,15.4996,15.4992,15.4992,15.4998,15.5001,15.5004,
Sun Apr 12 2020 02:46:03 GMT-0400 (Eastern Daylight Time)
15.5006,15.5006,15.4999,15.5003,15.5003,15.5005,15.5008,15.5015,15.5015,15.5017,15.5012,15.5003,15.5,15.5013,15.4998,15.4998,15.4998,15.5001,15.5001,15.5001,15.5003,15.5003,15.5004,15.4998,15.4995,15.4995,15.4995,15.4998,15.4991,15.4991,15.4991,15.4987,15.4987,15.4982,15.4982,15.4982,15.4982,15.4993,15.4993,15.4993,15.4998,15.4982,15.4993,15.5007,15.5003,15.5007,15.5007,15.5009,15.5009,15.5011,15.5011,15.5011,15.5019,15.5019,15.5019,15.5019,15.5019,15.5015,15.5015,15.5015,
Sun Apr 12 2020 02:47:03 GMT-0400 (Eastern Daylight Time)
15.5015,15.5015,15.5015,15.5015,15.5015,15.5015,15.5017,15.5017,15.5017,15.5017,15.5017,15.5017,15.5017,15.5017,15.5017,15.5015,15.5015,15.5015,15.5015,15.5015,15.5015,15.5015,15.5011,15.4997,15.5015,15.5015,15.5028,15.5028,15.5028,15.5028,15.5025,15.5025,15.5022,15.5022,15.5022,15.5022,15.5018,15.5023,15.5038,15.5038,15.5041,15.5034,15.5027,15.5032,15.5032,15.5032,15.5037,15.5037,15.5025,15.5025,15.5031,15.5031,15.5022,15.5022,15.5015,15.504,15.504,15.5047,15.5047,15.5051,
Sun Apr 12 2020 02:48:03 GMT-0400 (Eastern Daylight Time)
15.5051,15.5051,15.5063,15.5061,15.5061,15.5071,15.5071,15.5071,15.5074,15.5086,15.5089,15.5089,15.5089,15.5093,15.5108,15.5112,15.5112,15.5116,15.5114,15.5115,15.5112,15.5117,15.5117,15.5113,15.5113,15.5118,15.5118,15.5118,15.512,15.5117,15.5117,15.5117,15.5112,15.5108,15.5112,15.5113,15.5113,15.5113,15.511,15.5104,15.5104,15.5104,15.5117,15.5132,15.5132,15.5137,15.5131,15.514,15.5137,15.5137,15.5142,15.5133,15.5133,15.5136,15.5136,15.5125,15.5125,15.5125,15.5125,15.5121,
Sun Apr 12 2020 02:49:02 GMT-0400 (Eastern Daylight Time)
15.5121,15.5121,15.5121,15.5114,15.5114,15.5109,15.5105,15.5108,15.5104,15.5104,15.5106,15.5106,15.51,15.51,15.51,15.51,15.5096,15.5096,15.5099,15.5093,15.5093,15.5093,15.5093,15.5093,15.5093,15.5093,15.5093,15.5093,15.5093,15.5093,15.5093,15.5093,15.5093,15.5093,15.5093,15.5093,15.5093,15.5093,15.5089,15.5087,15.5082,15.5087,15.5091,15.5082,15.5082,15.5078,15.5078,15.5108,15.5108,15.5108,15.5111,15.5122,15.5119,15.5115,15.5115,15.5105,15.5105,15.5105,15.5109,15.5106,
Sun Apr 12 2020 02:50:03 GMT-0400 (Eastern Daylight Time)
15.5106,15.5104,15.5104,15.5104,15.5107,15.5107,15.511,15.511,15.5115,15.5108,15.5105,15.5105,15.5105,15.5105,15.5107,15.5109,15.5115,15.5117,15.5121,15.5135,15.5135,15.5137,15.5133,15.5137,15.5137,15.5137,15.5141,15.514,15.5137,15.5137,15.5134,15.5137,15.513,15.513,15.513,15.5124,15.5124,15.5121,15.5121,15.5121,15.5113,15.5113,15.5106,15.5106,15.5106,15.5106,15.5106,15.5111,15.5103,15.5105,15.5108,15.5105,15.5109,15.5109,15.5113,15.511,15.5107,15.5105,15.5112,15.5112,
Sun Apr 12 2020 02:51:03 GMT-0400 (Eastern Daylight Time)
15.5108,15.5108,15.5108,15.5105,15.5098,15.5089,15.5089,15.5093,15.5093,15.5091,15.5119,15.5119,15.5123,15.5125,15.5122,15.5115,15.5115,15.5118,15.5118,15.5118,15.5118,15.5125,15.5125,15.5122,15.512,15.512,15.512,15.512,15.5112,15.5109,15.5106,15.5102,15.5102,15.5102,15.5102,15.5096,15.5092,15.5092,15.5094,15.5093,15.5097,15.5094,15.5097,15.5091,15.5091,15.5091,15.5095,15.5095,15.5101,15.5108,15.5113,15.512,15.5104,15.5104,15.5104,15.5104,15.5104,15.51,15.51,15.51,
Sun Apr 12 2020 02:52:03 GMT-0400 (Eastern Daylight Time)
15.5098,15.5098,15.5103,15.51,15.5097,15.5107,15.5107,15.5105,15.5102,15.5095,15.5102,15.5099,15.5095,15.5099,15.5113,15.5117,15.5117,15.5125,15.5123,15.5121,15.5121,15.5121,15.5121,15.5117,15.5121,15.5121,15.5131,15.5129,15.5129,15.5132,15.5129,15.5122,15.5115,15.5115,15.5115,15.5105,15.509,15.5084,15.5084,15.5084,15.5084,15.5084,15.5079,15.5087,15.5087,15.5084,15.5084,15.5091,15.5094,15.5094,15.5094,15.51,15.51,15.51,15.5101,15.5101,15.5102,15.5102,15.5104,15.5106,
Sun Apr 12 2020 02:53:03 GMT-0400 (Eastern Daylight Time)
15.5103,15.5103,15.51,15.51,15.51,15.5107,15.5107,15.5106,15.5106,15.5106,15.5108,15.5108,15.5108,15.5108,15.5108,15.5108,15.5108,15.5108,15.5108,15.5108,15.5108,15.5111,15.5111,15.5111,15.5114,15.5114,15.5108,15.5108,15.5108,15.51,15.5102,15.5118,15.5118,15.5118,15.5118,15.5114,15.511,15.5114,15.5128,15.5131,15.5131,15.5136,15.5136,15.5139,15.5139,15.5136,15.5133,15.512,15.5121,15.5121,15.513,15.5135,15.5138,15.5138,15.5128,15.5128,15.5132,15.5127,15.5127,15.5127,
Sun Apr 12 2020 02:54:03 GMT-0400 (Eastern Daylight Time)
15.513,15.513,15.5127,15.5125,15.5119,15.5119,15.5114,15.5114,15.5114,15.5114,15.5109,15.5106,15.5101,15.5101,15.5099,15.5099,15.5103,15.5103,15.5103,15.5103,15.5089,15.5089,15.5089,15.5082,15.5082,15.5082,15.5085,15.5088,15.5092,15.51,15.51,15.51,15.5098,15.5098,15.5101,15.5101,15.5103,15.5101,15.5106,15.5106,15.5118,15.5125,15.5125,15.5128,15.5136,15.5132,15.5132,15.5135,15.5136,15.5136,15.5131,15.5138,15.5133,15.5135,15.5138,15.5143,15.5143,15.5134,15.5134,15.5127,
Sun Apr 12 2020 02:55:03 GMT-0400 (Eastern Daylight Time)
15.5127,15.5127,15.5127,15.5127,15.5129,15.5129,15.5129,15.5129,15.5129,15.5129,15.5129,15.5129,15.5132,15.5131,15.5128,15.5122,15.5124,15.5121,15.5121,15.5121,15.5123,15.5127,15.5123,15.5121,15.5118,15.511,15.5113,15.5113,15.5107,15.5103,15.5103,15.5104,15.5101,15.5087,15.5087,15.5087,15.51,15.51,15.5103,15.5096,15.5099,15.5094,15.5094,15.508,15.5069,15.5074,15.5074,15.5072,15.5078,15.5071,15.5081,15.5079,15.5071,15.5088,15.509,15.5082,15.5089,15.5098,15.5101,15.5107,
Sun Apr 12 2020 02:56:03 GMT-0400 (Eastern Daylight Time)
15.511,15.511,15.5095,15.5093,15.5095,15.5098,15.5096,15.5096,15.5092,15.5093,15.5093,15.5093,15.5091,15.5091,15.5088,15.5088,15.5096,15.5096,15.5096,15.5092,15.5089,15.5095,15.5092,15.5087,15.5083,15.5076,15.5076,15.5069,15.5069,15.5069,15.5069,15.5069,15.5072,15.5068,15.5068,15.5068,15.5062,15.5062,15.5066,15.5066,15.5061,15.5063,15.5066,15.5039,15.5036,15.5036,15.5034,15.5034,15.5031,15.5029,15.5027,15.5027,15.5027,15.503,15.503,15.503,15.5035,15.505,15.505,15.5057,
Sun Apr 12 2020 02:57:03 GMT-0400 (Eastern Daylight Time)
15.5057,15.5058,15.5055,15.506,15.5063,15.5063,15.5063,15.5059,15.5059,15.5063,15.506,15.506,15.5055,15.5062,15.5062,15.5061,15.5059,15.5065,15.5065,15.5065,15.5065,15.5065,15.5067,15.5067,15.507,15.5072,15.5072,15.5072,15.5077,15.5077,15.5073,15.5073,15.5071,15.5071,15.5061,15.5054,15.5054,15.5054,15.5051,15.5051,15.5051,15.5051,15.5051,15.5067,15.5077,15.5077,15.5077,15.5077,15.5074,15.5074,15.5074,15.5077,15.509,15.509,15.509,15.5094,15.5094,15.5099,15.5102,15.5105,
Sun Apr 12 2020 02:59:03 GMT-0400 (Eastern Daylight Time)
15.5105,15.505,15.5055,15.5055,15.5042,15.504,15.504,15.5043,15.5038,15.5038,15.5036,15.5036,15.5046,15.5051,15.5051,15.5051,15.5051,15.5053,15.5053,15.5047,15.5051,15.5048,15.5038,15.5055,15.5048,15.5048,15.5042,15.5042,15.5049,15.5045,15.504,15.504,15.5036,15.5039,15.5042,15.5051,15.5048,15.5052,15.5052,15.504,15.5031,15.5031,15.5054,15.5057,15.5064,15.5047,15.5045,15.5048,15.5061,15.5058,15.5058,15.5054,15.505,15.505,15.5053,15.5061,15.5061,15.5061,15.5061,15.5061,
Sun Apr 12 2020 03:00:03 GMT-0400 (Eastern Daylight Time)
15.5061,15.5066,15.5066,15.5062,15.5065,15.5065,15.5065,15.5071,15.5077,15.5077,15.5077,15.5077,15.5072,15.5072,15.5072,15.5072,15.506,15.506,15.506,15.506,15.5062,15.5059,15.5059,15.5059,15.5061,15.5061,15.5061,15.5061,15.5066,15.5066,15.5072,15.5072,15.5075,15.5072,15.5072,15.5072,15.5072,15.5072,15.5072,15.5067,15.5067,15.5067,15.5067,15.5067,15.5071,15.5071,15.5075,15.5079,15.5075,15.5075,15.5077,15.5075,15.5075,15.5075,15.508,15.5082,15.5077,15.5071,15.5067,15.5072,
Sun Apr 12 2020 03:01:02 GMT-0400 (Eastern Daylight Time)
15.5072,15.5075,15.5075,15.5078,15.5078,15.5075,15.5072,15.5072,15.5072,15.5076,15.5079,15.5076,15.5076,15.5076,15.5076,15.5076,15.5076,15.5082,15.5082,15.5082,15.5082,15.5074,15.5074,15.5084,15.5084,15.5084,15.5084,15.5084,15.5084,15.5069,15.5071,15.5071,15.5071,15.5074,15.5074,15.5074,15.5074,15.5074,15.5076,15.5076,15.5073,15.5073,15.5073,15.5073,15.5088,15.5072,15.5073,15.5075,15.5075,15.5078,15.5069,15.5069,15.5069,15.5065,15.5065,15.5065,15.5065,15.5059,15.5059,15.5056,
Sun Apr 12 2020 03:02:03 GMT-0400 (Eastern Daylight Time)
15.5056,15.5056,15.5056,15.5059,15.5059,15.5059,15.5063,15.5065,15.5065,15.5068,15.5068,15.5064,15.5064,15.5053,15.506,15.506,15.5065,15.5067,15.5064,15.5061,15.5061,15.5061,15.5067,15.5067,15.5063,15.5056,15.5052,15.5054,15.5056,15.5056,15.5059,15.5059,15.5047,15.505,15.5046,15.5052,15.5054,15.5057,15.5057,15.5055,15.5055,15.504,15.504,15.504,15.5043,15.5043,15.5046,15.5045,15.5045,15.5047,15.5056,15.5056,15.5059,15.5057,15.506,15.5068,15.5074,15.5074,15.5102,15.5127,
Sun Apr 12 2020 03:03:02 GMT-0400 (Eastern Daylight Time)
15.5141,15.5136,15.5129,15.5126,15.5122,15.512,15.512,15.5115,15.5115,15.512,15.512,15.512,15.512,15.5118,15.5118,15.5111,15.5111,15.5115,15.5115,15.512,15.512,15.5118,15.5118,15.5121,15.5117,15.5113,15.5113,15.5113,15.511,15.511,15.511,15.511,15.5102,15.5102,15.5098,15.5095,15.5095,15.5092,15.5092,15.5092,15.5094,15.5096,15.5096,15.5093,15.5097,15.5107,15.5104,15.5101,15.5105,15.5105,15.5105,15.5108,15.5111,15.5115,15.5115,15.5117,15.5117,15.5126,15.5126,15.5126,
Sun Apr 12 2020 03:04:03 GMT-0400 (Eastern Daylight Time)
15.5126,15.5123,15.5123,15.5123,15.5123,15.512,15.512,15.512,15.5123,15.5123,15.5123,15.5121,15.5121,15.5124,15.5124,15.5119,15.5116,15.5104,15.5104,15.5101,15.5101,15.5098,15.5098,15.5095,15.5095,15.5092,15.5089,15.5089,15.5089,15.5089,15.5089,15.5099,15.5099,15.5099,15.5103,15.5103,15.5098,15.51,15.5102,15.5102,15.5119,15.5123,15.5123,15.5137,15.5137,15.5142,15.5142,15.5142,15.5136,15.5136,15.514,15.514,15.5143,15.5143,15.5143,15.5143,15.5148,15.5152,15.5146,15.5146,
Sun Apr 12 2020 03:05:04 GMT-0400 (Eastern Daylight Time)
15.5146,15.5168,15.517,15.517,15.517,15.5166,15.5166,15.5166,15.5166,15.5166,15.5166,15.5163,15.5163,15.5158,15.516,15.5165,15.5175,15.5175,15.5175,15.5175,15.518,15.518,15.518,15.5174,15.5171,15.5169,15.5172,15.5176,15.5176,15.5176,15.5176,15.5173,15.5183,15.5183,15.5187,15.5187,15.5187,15.5179,15.5179,15.5176,15.5176,15.5176,15.517,15.517,15.517,15.5172,15.5172,15.5172,15.5174,15.5178,15.5178,15.5178,15.5174,15.5197,15.5197,15.5197,15.5197,15.5197,15.5197,15.5197,
Sun Apr 12 2020 03:06:03 GMT-0400 (Eastern Daylight Time)
15.5197,15.5189,15.5194,15.5194,15.5197,15.5197,15.5195,15.5195,15.5195,15.5197,15.5195,15.5196,15.5196,15.5196,15.5196,15.5196,15.5196,15.52,15.5195,15.5197,15.5193,15.5202,15.5202,15.52,15.52,15.52,15.5207,15.5207,15.5211,15.5216,15.5212,15.5204,15.5204,15.5218,15.5218,15.5218,15.5218,15.5218,15.5218,15.5218,15.5218,15.5218,15.5218,15.5215,15.5215,15.5215,15.5215,15.5215,15.5215,15.5217,15.5217,15.5217,15.5216,15.5216,15.522,15.522,15.5225,15.5225,15.5225,15.5225,
Sun Apr 12 2020 03:07:03 GMT-0400 (Eastern Daylight Time)
15.5229,15.5226,15.5226,15.5226,15.5223,15.5223,15.5223,15.5223,15.5223,15.5221,15.5221,15.5224,15.5224,15.5242,15.5248,15.5244,15.5247,15.5239,15.5239,15.5239,15.5269,15.5269,15.5266,15.5266,15.5266,15.5268,15.5268,15.5268,15.5268,15.5272,15.5272,15.5272,15.5266,15.5266,15.5267,15.5273,15.5273,15.5273,15.5273,15.5273,15.5271,15.5271,15.5271,15.5275,15.5275,15.5271,15.5271,15.5271,15.5271,15.5268,15.5272,15.5272,15.5272,15.5272,15.5279,15.5277,15.5281,15.5292,15.5296,15.53,
Sun Apr 12 2020 03:08:03 GMT-0400 (Eastern Daylight Time)
15.5304,15.5307,15.5331,15.5331,15.5331,15.5331,15.5328,15.532,15.5329,15.5329,15.5342,15.5345,15.5342,15.5342,15.5339,15.5334,15.533,15.533,15.5328,15.5328,15.5334,15.5334,15.5334,15.5337,15.5337,15.5339,15.5333,15.5329,15.5327,15.5306,15.5313,15.5313,15.5304,15.53,15.53,15.53,15.5297,15.5295,15.5296,15.5292,15.5276,15.5276,15.5273,15.5279,15.5275,15.5278,15.5297,15.529,15.529,15.5285,15.5282,15.5282,15.5286,15.5286,15.5286,15.5286,15.5285,15.529,15.5285,15.5285,
Sun Apr 12 2020 03:09:03 GMT-0400 (Eastern Daylight Time)
15.5279,15.5283,15.5265,15.5261,15.526,15.5253,15.525,15.5254,15.5247,15.5241,15.5241,15.5238,15.5241,15.5259,15.5257,15.5257,15.5265,15.5278,15.5277,15.528,15.5282,15.5282,15.5274,15.528,15.5283,15.5283,15.5289,15.5295,15.5295,15.5305,15.5305,15.5322,15.5322,15.5322,15.5321,15.5331,15.5331,15.5329,15.5318,15.5321,15.5317,15.5317,15.5328,15.5309,15.5309,15.5309,15.5309,15.5309,15.5309,15.5309,15.5301,15.5301,15.5301,15.5301,15.5301,15.5309,15.5301,15.5301,15.5301,15.5301,
Sun Apr 12 2020 03:10:03 GMT-0400 (Eastern Daylight Time)
15.5301,15.5297,15.5297,15.5297,15.5297,15.5297,15.5297,15.5293,15.5293,15.5289,15.5289,15.5289,15.5289,15.5294,15.5294,15.5294,15.5294,15.531,15.5322,15.5325,15.5329,15.533,15.5337,15.534,15.5336,15.534,15.5352,15.5349,15.5349,15.5344,15.5356,15.536,15.536,15.5362,15.5365,15.5384,15.5387,15.5387,15.5398,15.5392,15.5392,15.5392,15.5389,15.539,15.5393,15.5393,15.5389,15.5397,15.5397,15.5394,15.5388,15.5385,15.5381,15.5381,15.5381,15.5384,15.5384,15.5384,15.5377,15.5363,
Sun Apr 12 2020 03:11:03 GMT-0400 (Eastern Daylight Time)
15.533,15.533,15.5326,15.5338,15.5385,15.5385,15.5388,15.5388,15.5391,15.5391,15.5399,15.5399,15.5404,15.5404,15.5398,15.5398,15.5403,15.5403,15.54,15.5383,15.5373,15.5359,15.5349,15.5341,15.5338,15.5338,15.5335,15.5335,15.5341,15.5341,15.5341,15.5341,15.5336,15.5336,15.5353,15.5353,15.535,15.535,15.5354,15.5357,15.5357,15.5362,15.5359,15.5359,15.5364,15.5364,15.5364,15.5364,15.5363,15.5365,15.536,15.536,15.5353,15.5353,15.5355,15.5349,15.5343,15.5348,15.5353,15.5346,
Sun Apr 12 2020 03:12:03 GMT-0400 (Eastern Daylight Time)
15.5339,15.5335,15.5344,15.5337,15.5334,15.5334,15.5328,15.5328,15.533,15.533,15.5334,15.5336,15.5326,15.532,15.5326,15.5343,15.5341,15.5341,15.5348,15.5348,15.5336,15.5336,15.5333,15.5347,15.5349,15.5342,15.5353,15.5349,15.5345,15.5338,15.5341,15.5341,15.5344,15.5344,15.5347,15.535,15.5353,15.5353,15.5345,15.5345,15.5345,15.5345,15.5348,15.5351,15.5348,15.5348,15.5355,15.5353,15.5353,15.5348,15.5342,15.5342,15.5333,15.5329,15.5337,15.5337,15.5331,15.5331,15.5329,15.5329,
Sun Apr 12 2020 03:13:03 GMT-0400 (Eastern Daylight Time)
15.5329,15.5329,15.5344,15.5344,15.5339,15.5335,15.5329,15.5329,15.5336,15.5336,15.5322,15.5322,15.5336,15.534,15.534,15.5337,15.5337,15.534,15.5347,15.5347,15.5337,15.5342,15.5345,15.5333,15.5333,15.533,15.5319,15.5316,15.5316,15.5316,15.5316,15.5299,15.5285,15.5285,15.529,15.529,15.5305,15.5305,15.5309,15.5312,15.5314,15.5318,15.5324,15.5322,15.5318,15.533,15.533,15.5338,15.5335,15.5345,15.5345,15.5388,15.5388,15.5388,15.5392,15.5392,15.5392,15.5392,15.5392,15.5392,
Sun Apr 12 2020 03:14:03 GMT-0400 (Eastern Daylight Time)
15.5391,15.5391,15.5391,15.5392,15.5392,15.5392,15.5392,15.5392,15.5392,15.5392,15.5392,15.5396,15.5389,15.5386,15.5345,15.5358,15.534,15.5352,15.5324,15.5324,15.5318,15.5309,15.5312,15.5316,15.5324,15.5331,15.5329,15.5329,15.5336,15.5336,15.5341,15.5336,15.5341,15.5341,15.5338,15.533,15.533,15.533,15.5327,15.5334,15.5336,15.5343,15.534,15.5347,15.5347,15.5344,15.5342,15.5355,15.5355,15.5355,15.5355,15.5361,15.5356,15.5356,15.5356,15.5366,15.5374,15.5375,15.5375,15.5377,
Sun Apr 12 2020 03:15:03 GMT-0400 (Eastern Daylight Time)
15.5369,15.5381,15.5381,15.5377,15.5371,15.5366,15.5363,15.5355,15.5359,15.5363,15.5363,15.5367,15.5362,15.5362,15.5366,15.5393,15.5395,15.5395,15.5391,15.5402,15.5396,15.5393,15.539,15.5393,15.5393,15.5393,15.538,15.5383,15.5383,15.5381,15.5381,15.5374,15.5374,15.537,15.5375,15.5372,15.5372,15.5366,15.5369,15.5372,15.5377,15.5374,15.5372,15.5379,15.5384,15.5386,15.5384,15.539,15.5387,15.539,15.5384,15.538,15.538,15.5376,15.5376,15.5372,15.5374,15.5374,15.5368,15.5362,
Sun Apr 12 2020 03:16:03 GMT-0400 (Eastern Daylight Time)
15.5364,15.5359,15.5359,15.5369,15.5369,15.5369,15.5369,15.5367,15.537,15.537,15.5365,15.5373,15.5364,15.5368,15.5374,15.5394,15.539,15.5391,15.5378,15.5375,15.5391,15.5391,15.5391,15.5387,15.5397,15.5411,15.5414,15.5414,15.5403,15.5403,15.5405,15.5395,15.5406,15.5406,15.5412,15.5415,15.5417,15.5431,15.5423,15.5416,15.542,15.5411,15.5411,15.5405,15.5405,15.5405,15.5405,15.5397,15.5397,15.5397,15.5397,15.5387,15.5387,15.5387,15.5387,15.5386,15.5386,15.5387,15.5387,15.5385,
Sun Apr 12 2020 03:17:03 GMT-0400 (Eastern Daylight Time)
15.5378,15.5378,15.5378,15.5377,15.5378,15.5378,15.5378,15.5374,15.5384,15.5384,15.5393,15.5393,15.5402,15.5402,15.5408,15.5408,15.5408,15.5411,15.5411,15.541,15.541,15.5418,15.5411,15.5414,15.5414,15.5414,15.5414,15.5414,15.5411,15.5406,15.5402,15.54,15.5397,15.5401,15.5401,15.5405,15.5405,15.5405,15.5405,15.5403,15.5394,15.5394,15.5388,15.5377,15.5374,15.5372,15.5372,15.5367,15.5369,15.5374,15.5379,15.5379,15.5383,15.5383,15.5383,15.5391,15.5391,15.5399,15.5399,15.5397,
Sun Apr 12 2020 03:18:03 GMT-0400 (Eastern Daylight Time)
15.5397,15.5395,15.5389,15.5389,15.5389,15.5389,15.5389,15.5394,15.5394,15.5389,15.5389,15.5381,15.5381,15.5387,15.5387,15.5379,15.5376,15.5376,15.5372,15.5372,15.5372,15.5382,15.5382,15.5382,15.5382,15.5382,15.5382,15.5391,15.5387,15.5387,15.5393,15.5395,15.5391,15.5391,15.5391,15.5391,15.5391,15.5391,15.5391,15.5387,15.5384,15.5395,15.5395,15.54,15.5404,15.5408,15.5408,15.5411,15.5407,15.5407,15.5411,15.5411,15.5398,15.5398,15.5402,15.5402,15.5405,15.5401,15.5401,15.5396,
Sun Apr 12 2020 03:19:03 GMT-0400 (Eastern Daylight Time)
15.5396,15.5393,15.5405,15.5405,15.5418,15.5415,15.5415,15.5411,15.5413,15.5411,15.5411,15.5411,15.5411,15.5411,15.5415,15.5411,15.5415,15.5415,15.541,15.541,15.5407,15.5409,15.5404,15.5407,15.5423,15.5423,15.5423,15.5417,15.5417,15.5415,15.5415,15.5412,15.5415,15.5412,15.5408,15.5406,15.5406,15.5409,15.5409,15.5409,15.5409,15.5409,15.5403,15.5403,15.54,15.54,15.54,15.5406,15.5425,15.5425,15.5425,15.543,15.5428,15.5428,15.5428,15.5428,15.5428,15.5428,15.5432,15.5432,
Sun Apr 12 2020 03:20:03 GMT-0400 (Eastern Daylight Time)
15.5432,15.5426,15.5423,15.5423,15.5429,15.5414,15.5411,15.5411,15.542,15.542,15.5414,15.5421,15.5424,15.5429,15.5429,15.5423,15.5411,15.5411,15.5411,15.5411,15.5411,15.5408,15.5408,15.5405,15.54,15.5399,15.5399,15.5401,15.5394,15.5398,15.5398,15.5398,15.54,15.54,15.5404,15.5404,15.5407,15.5407,15.5411,15.5408,15.5411,15.5406,15.5406,15.5406,15.5421,15.5423,15.5432,15.5429,15.5434,15.5434,15.5434,15.5434,15.543,15.543,15.543,15.5433,15.5436,15.5443,15.5443,15.5438,
Sun Apr 12 2020 03:21:03 GMT-0400 (Eastern Daylight Time)
15.544,15.544,15.5446,15.5449,15.5456,15.5448,15.5448,15.5448,15.5445,15.5439,15.5439,15.5444,15.5434,15.5436,15.5431,15.5446,15.5454,15.5457,15.5453,15.5449,15.5439,15.5439,15.5439,15.5442,15.5446,15.5446,15.5442,15.546,15.5455,15.5455,15.5455,15.5455,15.5465,15.5465,15.5456,15.5456,15.5464,15.5461,15.5458,15.5465,15.5468,15.5448,15.5445,15.5445,15.5439,15.5439,15.5434,15.5438,15.5434,15.5438,15.5446,15.5438,15.5435,15.5443,15.5443,15.5443,15.5443,15.5439,15.5442,15.5442,
Sun Apr 12 2020 03:22:03 GMT-0400 (Eastern Daylight Time)
15.5442,15.5442,15.5444,15.5463,15.5464,15.5468,15.5468,15.5468,15.5465,15.5465,15.5465,15.5466,15.5459,15.5459,15.5456,15.5456,15.5458,15.5458,15.5458,15.5461,15.5461,15.5461,15.5464,15.5464,15.5456,15.5458,15.5458,15.5471,15.5465,15.5465,15.5472,15.5472,15.5467,15.5467,15.5472,15.5469,15.5469,15.5469,15.5469,15.5466,15.5466,15.5466,15.5466,15.5472,15.5472,15.5475,15.5469,15.5469,15.5469,15.5469,15.5469,15.5469,15.5464,15.5464,15.5464,15.5464,15.547,15.5465,15.5465,15.5473,
Sun Apr 12 2020 03:23:03 GMT-0400 (Eastern Daylight Time)
15.5477,15.5482,15.5478,15.5475,15.5478,15.5476,15.5476,15.5451,15.544,15.5442,15.5446,15.5442,15.5442,15.5446,15.5446,15.5446,15.5448,15.5451,15.5446,15.5446,15.5448,15.5452,15.5455,15.5472,15.5478,15.5481,15.5484,15.5487,15.5493,15.5491,15.5491,15.5491,15.5495,15.5495,15.5491,15.5491,15.5494,15.5491,15.5491,15.5491,15.5491,15.5494,15.5494,15.5494,15.549,15.5493,15.5491,15.5488,15.5483,15.5466,15.5466,15.5466,15.5466,15.5466,15.5462,15.5462,15.5462,15.5462,15.5462,15.5462,
Sun Apr 12 2020 03:24:02 GMT-0400 (Eastern Daylight Time)
15.5462,15.5462,15.5462,15.5462,15.5462,15.5458,15.5458,15.5462,15.5462,15.5468,15.5465,15.5465,15.546,15.5454,15.545,15.545,15.545,15.545,15.545,15.545,15.545,15.545,15.5447,15.5455,15.5459,15.5462,15.5462,15.5465,15.5468,15.5468,15.5465,15.5452,15.5454,15.5451,15.5451,15.5448,15.5449,15.5452,15.5452,15.5452,15.5448,15.5448,15.5448,15.5452,15.5452,15.5447,15.5447,15.545,15.5449,15.5452,15.5447,15.5444,15.5452,15.5456,15.5456,15.5456,15.5458,15.5458,15.5454,15.5451,
Sun Apr 12 2020 03:25:02 GMT-0400 (Eastern Daylight Time)
15.5445,15.5453,15.5453,15.5453,15.5456,15.5456,15.546,15.5462,15.5459,15.5464,15.5466,15.5466,15.5464,15.5456,15.5449,15.5453,15.5445,15.5447,15.5441,15.5441,15.5441,15.5447,15.5447,15.5423,15.5433,15.5425,15.5425,15.5425,15.5425,15.5428,15.5428,15.545,15.5447,15.5444,15.5447,15.5447,15.5452,15.5444,15.5444,15.5452,15.5452,15.5449,15.5447,15.5442,15.544,15.544,15.5443,15.5449,15.5449,15.5449,15.5449,15.5449,15.5449,15.5449,15.5449,15.5449,15.5446,15.5446,15.5446,15.5449,
Sun Apr 12 2020 03:26:03 GMT-0400 (Eastern Daylight Time)
15.5449,15.5442,15.5441,15.5438,15.5438,15.5438,15.5461,15.5461,15.5461,15.5461,15.5465,15.5465,15.5465,15.5467,15.5478,15.5478,15.5478,15.5479,15.5479,15.5479,15.5479,15.5492,15.5492,15.5489,15.5489,15.5484,15.5479,15.5474,15.5482,15.5486,15.5488,15.5493,15.5486,15.5486,15.5486,15.5486,15.5486,15.5483,15.5482,15.5479,15.5476,15.5478,15.5491,15.5489,15.5507,15.5509,15.5503,15.5503,15.5507,15.551,15.5508,15.5508,15.5508,15.5508,15.5508,15.5508,15.5512,15.5511,15.5517,15.5524,
Sun Apr 12 2020 03:27:03 GMT-0400 (Eastern Daylight Time)
15.5518,15.5518,15.5514,15.5514,15.5512,15.5516,15.5513,15.5513,15.5504,15.5529,15.5516,15.5513,15.5513,15.5516,15.5521,15.5525,15.5517,15.5522,15.5522,15.5522,15.5522,15.5534,15.5539,15.5535,15.5537,15.5537,15.553,15.553,15.553,15.5529,15.5524,15.5526,15.5518,15.5518,15.5512,15.5512,15.5512,15.5517,15.5514,15.5514,15.5512,15.5507,15.5516,15.5508,15.5513,15.552,15.5516,15.5521,15.5521,15.5524,15.5537,15.5533,15.5533,15.5533,15.5533,15.5533,15.5533,15.5516,15.5519,15.5525,
Sun Apr 12 2020 03:28:03 GMT-0400 (Eastern Daylight Time)
15.5525,15.5523,15.5518,15.5518,15.5522,15.5522,15.5525,15.5525,15.5525,15.5521,15.5517,15.5523,15.552,15.552,15.552,15.552,15.552,15.5508,15.5508,15.5508,15.5538,15.5545,15.5545,15.5542,15.5538,15.5538,15.5534,15.5538,15.5538,15.5552,15.5558,15.5558,15.5566,15.5566,15.5558,15.5558,15.5558,15.5553,15.5556,15.5552,15.5552,15.5545,15.5545,15.5543,15.5539,15.5536,15.5534,15.5534,15.5537,15.5544,15.5544,15.5548,15.5548,15.5548,15.5539,15.5539,15.5539,15.5532,15.5532,15.5532,
Sun Apr 12 2020 03:29:03 GMT-0400 (Eastern Daylight Time)
15.5532,15.5534,15.5537,15.5544,15.5544,15.5548,15.5546,15.5543,15.5544,15.5544,15.5547,15.5547,15.555,15.555,15.555,15.5559,15.5572,15.5577,15.5565,15.5562,15.5557,15.5554,15.5554,15.5554,15.5558,15.5561,15.5563,15.5563,15.5563,15.5561,15.5552,15.5549,15.5549,15.5554,15.5554,15.5554,15.5554,15.5554,15.5558,15.5558,15.5558,15.5551,15.5548,15.5548,15.5545,15.5545,15.5548,15.5551,15.5551,15.5551,15.5557,15.5557,15.5557,15.5564,15.5566,15.5563,15.5563,15.5553,15.5532,15.5532,
Sun Apr 12 2020 03:30:03 GMT-0400 (Eastern Daylight Time)
15.5535,15.5538,15.5544,15.5544,15.5546,15.5549,15.5549,15.5549,15.5549,15.5549,15.5545,15.552,15.552,15.5518,15.5518,15.5523,15.552,15.552,15.5522,15.5519,15.5522,15.5522,15.5522,15.5522,15.5525,15.5525,15.5533,15.5537,15.5537,15.5539,15.5539,15.5539,15.5539,15.5536,15.5536,15.5548,15.5552,15.5552,15.5544,15.5544,15.5539,15.5539,15.5536,15.5534,15.5531,15.5529,15.5509,15.5518,15.5528,15.5528,15.5528,15.5528,15.5528,15.5528,15.5521,15.5521,15.5521,15.5528,15.5528,15.5528,
Sun Apr 12 2020 03:31:03 GMT-0400 (Eastern Daylight Time)
15.5528,15.5516,15.5496,15.548,15.548,15.548,15.548,15.548,15.5474,15.5474,15.5478,15.5482,15.5482,15.5482,15.5485,15.5484,15.5481,15.5481,15.5477,15.5477,15.5477,15.5474,15.5474,15.5474,15.5474,15.5477,15.5474,15.5474,15.5474,15.5474,15.5478,15.548,15.548,15.548,15.5474,15.5477,15.5472,15.5461,15.5469,15.5472,15.5469,15.5469,15.5461,15.5461,15.5456,15.5456,15.5459,15.5459,15.5459,15.5456,15.5446,15.5446,15.5454,15.5454,15.5475,15.5475,15.5478,15.5478,15.5481,15.5479,
Sun Apr 12 2020 03:32:03 GMT-0400 (Eastern Daylight Time)
15.5484,15.5484,15.5501,15.5496,15.55,15.5497,15.5496,15.5492,15.5492,15.5486,15.549,15.5494,15.5494,15.5494,15.5494,15.5496,15.5504,15.5486,15.5492,15.5497,15.5494,15.5494,15.5489,15.5491,15.5495,15.5495,15.5498,15.5496,15.5496,15.5489,15.5489,15.5489,15.5477,15.5477,15.5473,15.5473,15.5473,15.5473,15.5479,15.5479,15.5479,15.5476,15.5478,15.5478,15.5474,15.5474,15.5471,15.5471,15.5468,15.5468,15.5475,15.5479,15.5479,15.5479,15.5479,15.5479,15.5479,15.551,15.551,15.551,
Sun Apr 12 2020 03:33:03 GMT-0400 (Eastern Daylight Time)
15.551,15.5503,15.5502,15.5507,15.5507,15.551,15.5518,15.5523,15.5527,15.5527,15.5527,15.5527,15.5527,15.5527,15.5527,15.5533,15.5535,15.5535,15.5535,15.5535,15.5535,15.5538,15.554,15.5537,15.5537,15.5544,15.5538,15.5538,15.5535,15.5535,15.5541,15.5541,15.5541,15.5541,15.5544,15.5538,15.5547,15.5547,15.5547,15.5533,15.5533,15.5537,15.5543,15.5536,15.554,15.5537,15.5567,15.5567,15.5567,15.5567,15.5571,15.5571,15.556,15.5558,15.5581,15.5581,15.5581,15.5578,15.5578,15.5578,
Sun Apr 12 2020 03:34:03 GMT-0400 (Eastern Daylight Time)
15.5578,15.5587,15.5589,15.5592,15.5597,15.5597,15.5594,15.5591,15.5599,15.5602,15.5604,15.5612,15.561,15.5613,15.5613,15.5609,15.5606,15.5614,15.5617,15.5617,15.5622,15.5616,15.562,15.562,15.5631,15.5637,15.5631,15.5634,15.5634,15.5637,15.5637,15.5634,15.5634,15.5634,15.563,15.5626,15.563,15.5624,15.562,15.5628,15.5628,15.5622,15.5628,15.562,15.5627,15.5627,15.5625,15.5645,15.5649,15.5649,15.562,15.562,15.5623,15.562,15.5611,15.5611,15.5611,15.5611,15.5611,15.561,
Sun Apr 12 2020 03:35:03 GMT-0400 (Eastern Daylight Time)
15.561,15.5615,15.5615,15.5619,15.5619,15.5617,15.5617,15.5615,15.5615,15.5629,15.5629,15.5632,15.5632,15.5636,15.5636,15.5636,15.5636,15.5634,15.5634,15.564,15.5647,15.5647,15.5647,15.5647,15.5647,15.565,15.5648,15.5651,15.5657,15.5657,15.5654,15.565,15.565,15.5644,15.5644,15.5639,15.5637,15.5637,15.5635,15.5638,15.5638,15.5633,15.5633,15.5625,15.5625,15.562,15.562,15.562,15.562,15.5617,15.562,15.5617,15.5617,15.5617,15.5617,15.5617,15.5614,15.5614,15.5609,15.5609,
Sun Apr 12 2020 03:36:03 GMT-0400 (Eastern Daylight Time)
15.5607,15.5607,15.5607,15.5598,15.5598,15.5604,15.5604,15.5601,15.5598,15.5594,15.5614,15.5621,15.5622,15.5619,15.5622,15.5625,15.5625,15.5625,15.5622,15.5622,15.5622,15.5626,15.5626,15.5626,15.5633,15.5633,15.5633,15.5633,15.5629,15.5629,15.5624,15.5624,15.5624,15.5622,15.5619,15.561,15.5613,15.5613,15.5616,15.5621,15.5621,15.5619,15.5623,15.5619,15.5626,15.5623,15.5627,15.5618,15.5618,15.5617,15.5617,15.5614,15.5609,15.5609,15.5609,15.5614,15.5607,15.5603,15.5618,15.5617,
Sun Apr 12 2020 03:37:03 GMT-0400 (Eastern Daylight Time)
15.5625,15.5625,15.5616,15.5616,15.562,15.5618,15.5623,15.5604,15.56,15.56,15.56,15.5607,15.5607,15.5616,15.5616,15.5609,15.5609,15.5613,15.5613,15.5616,15.5619,15.5619,15.5619,15.5625,15.5623,15.5628,15.5628,15.5628,15.5628,15.5634,15.5634,15.5634,15.5634,15.5634,15.563,15.563,15.5632,15.5616,15.5616,15.5625,15.5625,15.5625,15.5628,15.5625,15.5625,15.5625,15.5629,15.5623,15.5627,15.5627,15.5617,15.5611,15.5614,15.5617,15.5617,15.562,15.5624,15.5631,15.5631,15.563,
Sun Apr 12 2020 03:38:03 GMT-0400 (Eastern Daylight Time)
15.5636,15.5639,15.5639,15.5639,15.5639,15.5639,15.5644,15.5644,15.5649,15.5649,15.5649,15.5649,15.5652,15.5652,15.5648,15.5637,15.5637,15.5637,15.5637,15.5634,15.563,15.5633,15.5633,15.5623,15.563,15.5622,15.5624,15.5627,15.5627,15.5624,15.5622,15.5625,15.5607,15.5607,15.56,15.56,15.5602,15.5599,15.5597,15.56,15.56,15.5593,15.5593,15.5591,15.5591,15.5593,15.5593,15.5602,15.5607,15.5604,15.56,15.5596,15.5601,15.5598,15.5601,15.5598,15.5598,15.5598,15.5598,15.5595,
Sun Apr 12 2020 03:39:03 GMT-0400 (Eastern Daylight Time)
15.5589,15.5583,15.5583,15.5586,15.5577,15.5577,15.5577,15.5581,15.5581,15.5583,15.558,15.5591,15.5587,15.5589,15.5589,15.5586,15.5589,15.5589,15.5582,15.5576,15.5576,15.5578,15.5585,15.5588,15.5588,15.5592,15.5592,15.5589,15.5589,15.5589,15.5585,15.5588,15.5591,15.5591,15.5591,15.5606,15.5611,15.5609,15.5609,15.5609,15.5611,15.5611,15.5615,15.5618,15.5648,15.5648,15.5648,15.5645,15.5637,15.5633,15.5633,15.5633,15.5629,15.5632,15.5632,15.5632,15.564,15.564,15.5636,15.563,
Sun Apr 12 2020 03:41:03 GMT-0400 (Eastern Daylight Time)
15.563,15.5632,15.5636,15.5631,15.5631,15.5631,15.5628,15.5628,15.5628,15.5628,15.5644,15.5644,15.5637,15.5637,15.5637,15.5647,15.5647,15.565,15.5646,15.5648,15.5648,15.5651,15.5651,15.5648,15.5651,15.5654,15.5658,15.5655,15.565,15.565,15.565,15.5655,15.5663,15.5667,15.5667,15.5667,15.5664,15.567,15.567,15.5618,15.5618,15.5621,15.5617,15.5678,15.5678,15.5678,15.5678,15.5678,15.5678,15.5678,15.5678,15.5678,15.5672,15.5672,15.5667,15.5667,15.5673,15.5673,15.5687,15.569,
Sun Apr 12 2020 03:42:03 GMT-0400 (Eastern Daylight Time)
15.5693,15.5686,15.5687,15.5684,15.5695,15.5691,15.5691,15.5694,15.5689,15.5678,15.5678,15.5674,15.5682,15.5678,15.5673,15.5673,15.5667,15.5675,15.5668,15.5665,15.5667,15.5665,15.5659,15.5656,15.5665,15.5668,15.5671,15.5671,15.5669,15.5669,15.5669,15.5669,15.567,15.5666,15.5666,15.5666,15.5657,15.5659,15.5674,15.5673,15.5673,15.5663,15.5663,15.5663,15.5653,15.5653,15.5657,15.5655,15.5655,15.5662,15.566,15.5666,15.5674,15.5674,15.5674,15.5672,15.5669,15.5672,15.5665,15.5665,
Sun Apr 12 2020 03:43:03 GMT-0400 (Eastern Daylight Time)
15.5661,15.5658,15.5658,15.5661,15.5658,15.5658,15.5643,15.564,15.564,15.564,15.564,15.564,15.564,15.5653,15.5665,15.5665,15.5665,15.5672,15.5682,15.5688,15.5689,15.5689,15.5689,15.5689,15.5692,15.5688,15.5682,15.5682,15.5686,15.5689,15.5689,15.5692,15.5695,15.5693,15.5693,15.5701,15.571,15.5705,15.5702,15.5709,15.5709,15.5706,15.5703,15.5703,15.5696,15.5696,15.5705,15.5705,15.5705,15.5705,15.5705,15.5689,15.5689,15.5685,15.5688,15.5703,15.5706,15.5703,15.5701,15.5703,
Sun Apr 12 2020 03:44:03 GMT-0400 (Eastern Daylight Time)
15.5699,15.5709,15.5705,15.5705,15.5703,15.5706,15.5706,15.5706,15.5699,15.5696,15.5692,15.5695,15.5685,15.5697,15.5701,15.5701,15.5706,15.5706,15.571,15.571,15.5717,15.5717,15.572,15.572,15.5724,15.5724,15.5724,15.5724,15.5724,15.5724,15.5724,15.5724,15.5725,15.5728,15.5717,15.5731,15.5722,15.5722,15.572,15.5723,15.572,15.572,15.5724,15.5721,15.5727,15.5727,15.5727,15.5727,15.5722,15.5718,15.5715,15.5713,15.5705,15.5705,15.5702,15.5702,15.5702,15.57,15.57,15.57,
Sun Apr 12 2020 03:45:02 GMT-0400 (Eastern Daylight Time)
15.5697,15.5693,15.5693,15.5693,15.5684,15.568,15.568,15.5683,15.5676,15.5676,15.5684,15.5688,15.5698,15.5698,15.5698,15.57,15.5702,15.5682,15.5711,15.5709,15.5712,15.5712,15.5712,15.5712,15.5706,15.571,15.57,15.5703,15.5707,15.5704,15.5704,15.5704,15.5694,15.569,15.569,15.5688,15.5688,15.5682,15.5685,15.5688,15.5693,15.5687,15.5687,15.5684,15.5683,15.5691,15.5691,15.5686,15.5686,15.5672,15.5683,15.5683,15.5683,15.5683,15.5676,15.5679,15.5684,15.5681,15.5684,15.5684,
Sun Apr 12 2020 03:46:03 GMT-0400 (Eastern Daylight Time)
15.5684,15.5686,15.5698,15.5698,15.5698,15.57,15.57,15.5704,15.5704,15.5704,15.5701,15.5701,15.5711,15.5718,15.5733,15.5733,15.5733,15.573,15.573,15.573,15.573,15.573,15.5733,15.5739,15.5737,15.5737,15.5737,15.5739,15.5739,15.5739,15.5736,15.5736,15.5736,15.5733,15.5731,15.5726,15.5709,15.5709,15.5709,15.5709,15.5707,15.5713,15.5707,15.5707,15.5707,15.5704,15.5704,15.5707,15.5704,15.5715,15.5715,15.5715,15.5715,15.5711,15.5711,15.5711,15.5708,15.5707,15.571,15.571,
Sun Apr 12 2020 03:47:03 GMT-0400 (Eastern Daylight Time)
15.571,15.571,15.571,15.5707,15.5704,15.5704,15.5707,15.5704,15.5707,15.5707,15.5707,15.5707,15.5693,15.5692,15.5688,15.5691,15.5691,15.5688,15.5688,15.5688,15.5692,15.5689,15.5692,15.5686,15.5686,15.569,15.569,15.569,15.569,15.5673,15.567,15.567,15.5666,15.5663,15.5666,15.5654,15.5662,15.5664,15.5661,15.5657,15.5662,15.5645,15.5645,15.5648,15.5648,15.5642,15.5642,15.564,15.5635,15.5638,15.5625,15.5625,15.5622,15.5613,15.5615,15.5612,15.5607,15.5603,15.5607,15.5604,
Sun Apr 12 2020 03:48:03 GMT-0400 (Eastern Daylight Time)
15.5627,15.563,15.563,15.5643,15.5643,15.5642,15.5642,15.5645,15.5645,15.5652,15.5652,15.5656,15.5656,15.566,15.566,15.566,15.5661,15.5667,15.5667,15.5658,15.5652,15.5647,15.5647,15.5648,15.5648,15.5657,15.5654,15.5654,15.5651,15.5651,15.5657,15.5649,15.5649,15.5649,15.5651,15.5651,15.5651,15.5645,15.5642,15.5644,15.564,15.5646,15.5646,15.5653,15.5653,15.565,15.5647,15.5651,15.5654,15.5654,15.5682,15.5682,15.5688,15.5685,15.5687,15.5687,15.5679,15.5678,15.5678,15.5675,
Sun Apr 12 2020 03:49:03 GMT-0400 (Eastern Daylight Time)
15.5675,15.5675,15.5675,15.5675,15.5675,15.5669,15.5665,15.566,15.5658,15.5662,15.5662,15.5669,15.5666,15.5669,15.5669,15.5667,15.5667,15.5663,15.5658,15.5655,15.5683,15.5683,15.5679,15.5679,15.5679,15.5677,15.5688,15.5688,15.5691,15.5683,15.5683,15.5683,15.5676,15.5676,15.5682,15.5685,15.5685,15.5685,15.5685,15.5687,15.5695,15.5692,15.5692,15.5692,15.5692,15.5695,15.5691,15.5678,15.5668,15.5668,15.5674,15.5671,15.5671,15.5665,15.5665,15.5665,15.5665,15.5665,15.5665,15.5666,
Sun Apr 12 2020 03:50:03 GMT-0400 (Eastern Daylight Time)
15.5669,15.5669,15.5664,15.5657,15.5657,15.5657,15.5657,15.5658,15.5664,15.5666,15.5672,15.5672,15.5672,15.5677,15.5681,15.5684,15.5678,15.5669,15.5675,15.5675,15.5671,15.5664,15.5669,15.5669,15.5665,15.5656,15.5656,15.5658,15.566,15.566,15.5658,15.5658,15.5661,15.5661,15.5663,15.5663,15.566,15.5656,15.5656,15.5656,15.5659,15.5659,15.5646,15.565,15.565,15.5643,15.5646,15.5648,15.5648,15.5642,15.5649,15.5649,15.5649,15.5645,15.5654,15.5654,15.5654,15.5652,15.5656,15.5654,
Sun Apr 12 2020 03:51:03 GMT-0400 (Eastern Daylight Time)
15.5654,15.5654,15.565,15.5639,15.5639,15.5635,15.564,15.5638,15.5638,15.5638,15.5638,15.5641,15.5655,15.5655,15.5656,15.5652,15.5659,15.5662,15.5662,15.5662,15.5676,15.5676,15.5671,15.5667,15.5673,15.567,15.5674,15.5667,15.5662,15.5662,15.5665,15.5665,15.5665,15.5665,15.5661,15.5665,15.5665,15.5665,15.5665,15.5662,15.5657,15.5657,15.5674,15.566,15.566,15.566,15.5667,15.5671,15.5677,15.5677,15.5672,15.5672,15.5672,15.5678,15.5678,15.5678,15.568,15.568,15.5683,15.5683,
Sun Apr 12 2020 03:52:03 GMT-0400 (Eastern Daylight Time)
15.5686,15.5686,15.5692,15.5695,15.5693,15.5693,15.5697,15.5699,15.5695,15.5692,15.5703,15.5693,15.5693,15.5696,15.5698,15.5698,15.5695,15.5695,15.57,15.57,15.5703,15.5703,15.5703,15.57,15.57,15.5693,15.5694,15.569,15.569,15.5696,15.5696,15.5673,15.5673,15.5676,15.5667,15.5667,15.567,15.567,15.567,15.5667,15.5667,15.5669,15.5676,15.5681,15.5681,15.5681,15.5692,15.5692,15.568,15.5674,15.5678,15.5683,15.5683,15.5683,15.5686,15.5682,15.5678,15.5675,15.5681,15.5681,
Sun Apr 12 2020 03:53:03 GMT-0400 (Eastern Daylight Time)
15.5678,15.5675,15.5675,15.5652,15.5652,15.5643,15.5639,15.5637,15.5637,15.5637,15.5637,15.5627,15.563,15.5636,15.5636,15.5636,15.5627,15.5618,15.5618,15.5618,15.5616,15.5618,15.5618,15.5622,15.5622,15.5622,15.562,15.5606,15.5615,15.5619,15.5613,15.5607,15.5607,15.5612,15.5612,15.5605,15.5599,15.5592,15.5587,15.5587,15.5585,15.5581,15.5584,15.5587,15.5587,15.559,15.5582,15.5582,15.5579,15.5579,15.5584,15.5579,15.557,15.557,15.5575,15.5578,15.5578,15.5566,15.5561,15.5559,
Sun Apr 12 2020 03:54:03 GMT-0400 (Eastern Daylight Time)
15.5559,15.5551,15.5554,15.5559,15.5557,15.5557,15.5554,15.5548,15.5548,15.5542,15.5542,15.5542,15.5539,15.5535,15.5531,15.5527,15.5527,15.5527,15.5532,15.5529,15.5534,15.5534,15.5534,15.5534,15.5532,15.5532,15.5538,15.5535,15.5532,15.5546,15.5553,15.5553,15.5553,15.5553,15.5549,15.5555,15.5548,15.5551,15.5545,15.5542,15.5542,15.5545,15.5548,15.5548,15.5551,15.5551,15.5549,15.5552,15.5552,15.5534,15.5539,15.5536,15.5536,15.5536,15.5539,15.5536,15.5538,15.5538,15.5534,15.5533,
Sun Apr 12 2020 03:55:03 GMT-0400 (Eastern Daylight Time)
15.5533,15.5522,15.5516,15.552,15.5517,15.551,15.5528,15.5528,15.5528,15.5528,15.5526,15.5526,15.553,15.5533,15.5536,15.5532,15.553,15.553,15.5535,15.5537,15.554,15.554,15.554,15.554,15.5549,15.5554,15.5554,15.555,15.555,15.5553,15.5551,15.5551,15.5554,15.5554,15.5557,15.5557,15.5557,15.5557,15.555,15.5553,15.5553,15.5549,15.5545,15.5538,15.5538,15.5549,15.5549,15.5551,15.5551,15.5551,15.5543,15.5545,15.554,15.5538,15.5553,15.5553,15.555,15.5548,15.5558,15.5558,
Sun Apr 12 2020 03:56:03 GMT-0400 (Eastern Daylight Time)
15.5558,15.5555,15.5555,15.5551,15.5551,15.5563,15.5561,15.5569,15.5569,15.5569,15.5569,15.5566,15.5574,15.5574,15.5574,15.558,15.5588,15.5588,15.5592,15.5587,15.5582,15.5584,15.5584,15.5584,15.5584,15.5584,15.5584,15.5587,15.5591,15.5591,15.5591,15.5593,15.5593,15.5589,15.5589,15.5589,15.5584,15.5581,15.5576,15.5571,15.5578,15.5578,15.5578,15.5588,15.5599,15.56,15.56,15.5596,15.5589,15.5589,15.5582,15.5579,15.5577,15.5566,15.5566,15.556,15.556,15.5564,15.5566,15.556,
Sun Apr 12 2020 03:57:03 GMT-0400 (Eastern Daylight Time)
15.5563,15.5558,15.5561,15.5572,15.5576,15.558,15.558,15.5585,15.5579,15.5579,15.5579,15.5578,15.5578,15.5588,15.5595,15.5594,15.5594,15.5594,15.5594,15.5591,15.5588,15.5563,15.5563,15.5566,15.5572,15.5566,15.557,15.5578,15.5578,15.5589,15.5589,15.5592,15.5592,15.5592,15.5592,15.5589,15.5585,15.5582,15.5582,15.5559,15.5559,15.5567,15.556,15.556,15.5567,15.5562,15.556,15.5572,15.5575,15.5565,15.5565,15.5565,15.5557,15.5557,15.5554,15.5547,15.5547,15.5547,15.5547,15.5543,
Sun Apr 12 2020 03:58:03 GMT-0400 (Eastern Daylight Time)
15.5537,15.5534,15.5531,15.5517,15.552,15.552,15.552,15.552,15.552,15.5512,15.5512,15.5509,15.5509,15.5509,15.5497,15.5519,15.5516,15.5507,15.5496,15.5496,15.5499,15.5499,15.5495,15.5496,15.5496,15.5496,15.5501,15.5495,15.5495,15.5495,15.5502,15.55,15.5503,15.5498,15.5502,15.5502,15.5502,15.5509,15.5499,15.5496,15.5492,15.5492,15.5492,15.549,15.549,15.5496,15.5499,15.5499,15.5495,15.5492,15.5492,15.5483,15.5483,15.5479,15.5479,15.5469,15.5473,15.5471,15.5479,15.5483,
Sun Apr 12 2020 03:59:03 GMT-0400 (Eastern Daylight Time)
15.5483,15.5483,15.5483,15.5481,15.5477,15.548,15.548,15.548,15.5491,15.5491,15.5485,15.549,15.5488,15.5488,15.5491,15.5489,15.5517,15.5517,15.5517,15.5525,15.5521,15.5525,15.5525,15.5531,15.5523,15.5526,15.5529,15.5528,15.5528,15.5528,15.5528,15.5521,15.5528,15.5525,15.5528,15.5525,15.5519,15.5519,15.5516,15.5495,15.5499,15.5494,15.5494,15.5494,15.5492,15.549,15.549,15.5484,15.5484,15.5483,15.547,15.5474,15.548,15.548,15.548,15.5476,15.5476,15.5476,15.5476,15.5479,
Sun Apr 12 2020 04:00:04 GMT-0400 (Eastern Daylight Time)
15.5475,15.5475,15.5475,15.5487,15.5487,15.5485,15.5483,15.5483,15.5483,15.5485,15.5485,15.5483,15.5481,15.5481,15.5478,15.5486,15.5486,15.5474,15.5469,15.5469,15.5463,15.5463,15.5455,15.5455,15.5455,15.5455,15.5455,15.5462,15.5462,15.5454,15.5454,15.5468,15.547,15.5467,15.5467,15.5488,15.5491,15.5491,15.5469,15.5474,15.5478,15.5473,15.5478,15.5467,15.5467,15.5464,15.547,15.5466,15.5454,15.5461,15.5461,15.5459,15.5464,15.5464,15.5464,15.547,15.5474,15.5471,15.5474,15.5474,
Sun Apr 12 2020 04:01:03 GMT-0400 (Eastern Daylight Time)
15.5471,15.5471,15.5468,15.5461,15.5464,15.5464,15.5464,15.5464,15.5464,15.5478,15.5478,15.5482,15.5482,15.548,15.548,15.5474,15.5474,15.5474,15.5477,15.5477,15.5477,15.5477,15.5473,15.5469,15.5472,15.5472,15.5472,15.5471,15.5485,15.5485,15.5485,15.5485,15.5489,15.5489,15.5489,15.5501,15.5501,15.5501,15.5501,15.5501,15.5506,15.5506,15.5506,15.55,15.55,15.55,15.55,15.55,15.5492,15.5495,15.5495,15.5495,15.5495,15.5498,15.5498,15.5498,15.5501,15.5501,15.5515,15.5518,
Sun Apr 12 2020 04:02:04 GMT-0400 (Eastern Daylight Time)
15.552,15.5523,15.5523,15.552,15.552,15.552,15.5524,15.5521,15.5521,15.5514,15.5514,15.551,15.551,15.551,15.5524,15.5527,15.5527,15.5527,15.5527,15.5527,15.5531,15.5529,15.5532,15.5535,15.5535,15.5538,15.5538,15.5537,15.5533,15.5533,15.5548,15.5543,15.5543,15.555,15.555,15.5547,15.555,15.5547,15.554,15.5537,15.5535,15.5535,15.5535,15.5543,15.5532,15.553,15.5528,15.5528,15.5528,15.5528,15.5528,15.5528,15.5528,15.5528,15.5523,15.5523,15.552,15.552,15.5523,15.5523,
Sun Apr 12 2020 04:03:03 GMT-0400 (Eastern Daylight Time)
15.5523,15.5523,15.5518,15.5518,15.5522,15.5525,15.5525,15.5525,15.551,15.5513,15.5513,15.5516,15.5516,15.5513,15.5518,15.5514,15.5514,15.5514,15.5514,15.5519,15.5519,15.5519,15.5513,15.5529,15.5538,15.554,15.5538,15.5538,15.5542,15.5542,15.5542,15.5536,15.5529,15.5522,15.5522,15.5522,15.5522,15.5515,15.5518,15.5522,15.5519,15.5515,15.5516,15.5513,15.5507,15.5507,15.5501,15.5495,15.5497,15.5507,15.5507,15.5507,15.5503,15.5503,15.5505,15.5505,15.5505,15.5505,15.5507,15.551,
Sun Apr 12 2020 04:04:03 GMT-0400 (Eastern Daylight Time)
15.5514,15.5518,15.5518,15.5518,15.5497,15.5497,15.5501,15.5501,15.5501,15.5503,15.5503,15.55,15.5496,15.5496,15.5496,15.5497,15.5484,15.5484,15.5478,15.5481,15.5479,15.5493,15.5487,15.5487,15.5477,15.548,15.5473,15.5473,15.5473,15.548,15.548,15.548,15.5472,15.5469,15.5469,15.5473,15.5477,15.5477,15.5473,15.5474,15.548,15.548,15.548,15.5475,15.5475,15.5477,15.5483,15.548,15.5494,15.5491,15.5491,15.5485,15.5479,15.5479,15.5481,15.5481,15.5495,15.5495,15.5495,15.5495,
Sun Apr 12 2020 04:05:03 GMT-0400 (Eastern Daylight Time)
15.548,15.5476,15.5476,15.5476,15.5478,15.5478,15.5482,15.5482,15.5482,15.5464,15.5467,15.5467,15.5457,15.5454,15.5459,15.5459,15.5453,15.5453,15.545,15.5456,15.546,15.5463,15.5463,15.5442,15.5442,15.5446,15.5446,15.545,15.5446,15.5446,15.5446,15.5466,15.5466,15.5463,15.5463,15.5463,15.546,15.5455,15.5455,15.5455,15.5461,15.5464,15.5464,15.5464,15.547,15.547,15.5473,15.5473,15.5485,15.5482,15.5482,15.5485,15.5482,15.5492,15.5492,15.5478,15.5478,15.5506,15.5502,15.5502,
Sun Apr 12 2020 04:06:03 GMT-0400 (Eastern Daylight Time)
15.5511,15.5511,15.5511,15.5511,15.5509,15.5509,15.5512,15.5512,15.5515,15.5515,15.552,15.552,15.5525,15.5521,15.5524,15.5534,15.5531,15.5531,15.5531,15.5531,15.5528,15.5528,15.5531,15.5531,15.5528,15.5528,15.5528,15.5528,15.5528,15.5528,15.5528,15.5524,15.5524,15.5521,15.5521,15.5521,15.5518,15.5511,15.5516,15.5516,15.5502,15.5502,15.5499,15.5499,15.5476,15.5474,15.5474,15.5474,15.5479,15.5479,15.5479,15.5478,15.5481,15.5479,15.5479,15.5479,15.5479,15.5479,15.5479,15.5482,
Sun Apr 12 2020 04:07:03 GMT-0400 (Eastern Daylight Time)
15.5482,15.5486,15.5486,15.5489,15.5487,15.5487,15.5482,15.5482,15.5478,15.5478,15.5484,15.5482,15.5494,15.549,15.5505,15.5505,15.5502,15.5502,15.5505,15.551,15.551,15.5506,15.5511,15.5511,15.5508,15.5508,15.5508,15.5508,15.5503,15.5503,15.5503,15.5503,15.5499,15.5499,15.5496,15.5499,15.5493,15.5484,15.5484,15.5484,15.5486,15.5499,15.5502,15.5502,15.5504,15.5504,15.5506,15.5506,15.5506,15.5506,15.5502,15.5502,15.5504,15.551,15.551,15.5513,15.5515,15.5517,15.5517,15.5514,
Sun Apr 12 2020 04:08:03 GMT-0400 (Eastern Daylight Time)
15.5505,15.5502,15.5502,15.5502,15.5502,15.5502,15.5502,15.5502,15.5503,15.5503,15.5503,15.5503,15.5503,15.5503,15.5501,15.5501,15.5501,15.5494,15.5494,15.5498,15.5498,15.5485,15.5482,15.5487,15.5477,15.5477,15.5477,15.5477,15.5484,15.547,15.547,15.5473,15.5473,15.547,15.5473,15.5484,15.5484,15.5484,15.5489,15.5492,15.5492,15.5485,15.5485,15.5479,15.5476,15.548,15.548,15.548,15.5473,15.5473,15.547,15.547,15.547,15.5468,15.5469,15.5472,15.5472,15.547,15.547,15.5466,
Sun Apr 12 2020 04:09:03 GMT-0400 (Eastern Daylight Time)
15.5466,15.5464,15.5464,15.5461,15.5461,15.5461,15.5464,15.5466,15.5466,15.5461,15.5464,15.5464,15.5471,15.5477,15.5477,15.5475,15.5477,15.5477,15.5477,15.548,15.548,15.548,15.548,15.548,15.548,15.5476,15.548,15.5484,15.5487,15.5487,15.548,15.548,15.549,15.5492,15.5478,15.5478,15.5478,15.5486,15.5486,15.5486,15.5486,15.548,15.548,15.5483,15.5486,15.5493,15.5493,15.55,15.5495,15.5493,15.5493,15.5493,15.5496,15.5496,15.5496,15.5496,15.5496,15.55,15.5494,15.5494,
Sun Apr 12 2020 04:10:03 GMT-0400 (Eastern Daylight Time)
15.5516,15.5516,15.5513,15.552,15.5516,15.5519,15.5516,15.5516,15.5518,15.5527,15.5527,15.5524,15.5524,15.552,15.552,15.552,15.5526,15.5526,15.5526,15.5526,15.5521,15.5521,15.5521,15.5521,15.5518,15.5501,15.5503,15.551,15.5507,15.5511,15.5502,15.5493,15.5493,15.5494,15.5494,15.5492,15.5492,15.5488,15.5488,15.5488,15.5483,15.5501,15.5504,15.5504,15.55,15.5499,15.5499,15.5499,15.5496,15.5511,15.5514,15.5514,15.5514,15.5511,15.5509,15.5509,15.5515,15.5517,15.5513,15.5513,
Sun Apr 12 2020 04:11:03 GMT-0400 (Eastern Daylight Time)
15.5513,15.5516,15.5516,15.5516,15.5521,15.5521,15.5521,15.5523,15.552,15.5525,15.5523,15.5523,15.5525,15.5518,15.5518,15.5518,15.5507,15.551,15.551,15.5512,15.552,15.5524,15.5524,15.5524,15.5524,15.5526,15.5519,15.5519,15.5519,15.5516,15.5516,15.5516,15.5516,15.5512,15.5507,15.5507,15.5507,15.5499,15.5499,15.5499,15.5502,15.5499,15.5499,15.5499,15.5499,15.5499,15.5495,15.5495,15.5488,15.5489,15.5492,15.5492,15.5492,15.5495,15.5498,15.5506,15.5506,15.5494,15.5494,15.549,
Sun Apr 12 2020 04:12:03 GMT-0400 (Eastern Daylight Time)
15.5487,15.5484,15.5484,15.5484,15.5497,15.5488,15.5491,15.5491,15.5487,15.5491,15.5482,15.5482,15.5484,15.549,15.549,15.5495,15.5495,15.5501,15.5497,15.5508,15.5508,15.5505,15.551,15.5519,15.5522,15.5526,15.5535,15.5535,15.5543,15.5541,15.5535,15.5539,15.5539,15.5553,15.5557,15.556,15.556,15.5543,15.5541,15.5536,15.5536,15.5553,15.5553,15.555,15.5556,15.5559,15.5538,15.554,15.554,15.554,15.5542,15.554,15.5534,15.5531,15.5531,15.5533,15.5533,15.5535,15.5535,15.5539,
Sun Apr 12 2020 04:13:03 GMT-0400 (Eastern Daylight Time)
15.5539,15.5539,15.5547,15.5547,15.5547,15.5547,15.555,15.555,15.5545,15.5547,15.5541,15.5548,15.5548,15.5551,15.5551,15.5551,15.5559,15.5557,15.556,15.5556,15.5533,15.5533,15.5533,15.5533,15.5533,15.5533,15.5536,15.5536,15.5533,15.5529,15.5529,15.5525,15.5516,15.5519,15.5512,15.5512,15.5505,15.5505,15.5505,15.5512,15.5512,15.5512,15.5505,15.5505,15.551,15.551,15.551,15.551,15.5513,15.5513,15.5527,15.5513,15.5516,15.5514,15.5514,15.5514,15.5511,15.5505,15.5502,15.5506,
Sun Apr 12 2020 04:14:03 GMT-0400 (Eastern Daylight Time)
15.5503,15.5506,15.5509,15.5505,15.5505,15.5505,15.55,15.5496,15.5496,15.5496,15.5477,15.547,15.5473,15.5473,15.5475,15.5486,15.5486,15.5486,15.5489,15.5489,15.5489,15.5489,15.5495,15.5486,15.5486,15.5486,15.5485,15.5485,15.5485,15.5486,15.5486,15.548,15.5485,15.5481,15.549,15.549,15.5488,15.5488,15.5492,15.5492,15.5492,15.5495,15.5492,15.55,15.5503,15.5503,15.5485,15.5485,15.5488,15.548,15.5492,15.5492,15.5496,15.5496,15.5493,15.5481,15.5481,15.5481,15.5476,15.5476,
Sun Apr 12 2020 04:15:03 GMT-0400 (Eastern Daylight Time)
15.5473,15.5473,15.547,15.5473,15.547,15.547,15.5474,15.5476,15.5483,15.5483,15.5483,15.5499,15.5499,15.5499,15.5503,15.5499,15.5502,15.5502,15.5509,15.5509,15.5509,15.5512,15.5514,15.5514,15.5507,15.5507,15.551,15.5506,15.5499,15.5499,15.5499,15.5499,15.5499,15.5499,15.5499,15.5499,15.5499,15.5503,15.5507,15.5507,15.5507,15.5504,15.5504,15.5499,15.5502,15.5502,15.5502,15.5497,15.5495,15.5498,15.5501,15.5522,15.5522,15.5518,15.5517,15.552,15.552,15.552,15.552,15.552,
Sun Apr 12 2020 04:16:04 GMT-0400 (Eastern Daylight Time)
15.5523,15.5531,15.5529,15.5529,15.5523,15.5523,15.5526,15.5526,15.5526,15.5522,15.5522,15.5522,15.5519,15.5519,15.5519,15.5519,15.5513,15.5504,15.5504,15.5508,15.5508,15.5505,15.5505,15.551,15.5505,15.5505,15.5508,15.5508,15.5508,15.5508,15.5508,15.5508,15.5508,15.5505,15.551,15.5496,15.5499,15.5499,15.5492,15.5495,15.5498,15.5498,15.5498,15.5498,15.5498,15.5501,15.5517,15.5515,15.5515,15.5518,15.5511,15.5514,15.5516,15.5516,15.5516,15.5516,15.5516,15.5516,15.5513,15.5513,
Sun Apr 12 2020 04:17:03 GMT-0400 (Eastern Daylight Time)
15.5509,15.5509,15.5509,15.5509,15.5509,15.5504,15.5509,15.5512,15.551,15.551,15.5513,15.5513,15.5513,15.5513,15.5511,15.5515,15.5521,15.5521,15.5521,15.5521,15.5523,15.5523,15.5516,15.5522,15.5528,15.5528,15.5525,15.5518,15.5518,15.5521,15.5521,15.5522,15.5522,15.5526,15.5526,15.5529,15.5523,15.5517,15.5517,15.5518,15.5518,15.5511,15.5536,15.554,15.5535,15.5535,15.5535,15.5538,15.5538,15.5521,15.5521,15.5518,15.5518,15.5518,15.5518,15.552,15.5525,15.5531,15.5534,15.5527,
Sun Apr 12 2020 04:18:04 GMT-0400 (Eastern Daylight Time)
15.5529,15.5526,15.5526,15.55,15.55,15.55,15.55,15.55,15.55,15.55,15.5498,15.5498,15.5495,15.5491,15.5491,15.5489,15.5494,15.5494,15.5494,15.5478,15.5478,15.5476,15.5476,15.5473,15.5473,15.5469,15.5483,15.5494,15.5494,15.5498,15.5498,15.55,15.5504,15.5504,15.5504,15.5491,15.55,15.55,15.5488,15.5491,15.5491,15.5491,15.5491,15.5491,15.5494,15.5496,15.549,15.5479,15.5475,15.5464,15.5464,15.5461,15.5478,15.5478,15.549,15.5486,15.5486,15.5486,15.5481,15.5481,
Sun Apr 12 2020 04:19:04 GMT-0400 (Eastern Daylight Time)
15.5479,15.5479,15.5479,15.5479,15.5496,15.5506,15.5506,15.5525,15.5528,15.5528,15.5525,15.5529,15.5529,15.5514,15.5514,15.5527,15.5527,15.5527,15.5525,15.5525,15.5525,15.5518,15.5518,15.5505,15.5502,15.5502,15.5493,15.5496,15.5496,15.5496,15.5496,15.5485,15.5485,15.5485,15.5479,15.5474,15.5474,15.5477,15.5477,15.5486,15.5483,15.5509,15.5509,15.5517,15.5526,15.5526,15.553,15.5525,15.5527,15.553,15.5534,15.5534,15.5537,15.5518,15.5516,15.5516,15.5516,15.5516,15.5533,15.5533,
Sun Apr 12 2020 04:20:04 GMT-0400 (Eastern Daylight Time)
15.5517,15.5535,15.5535,15.5536,15.5536,15.5542,15.5539,15.5536,15.5533,15.5533,15.5539,15.554,15.5537,15.5533,15.5533,15.5533,15.553,15.5527,15.5523,15.552,15.5526,15.5526,15.5528,15.5526,15.5526,15.5526,15.5519,15.5519,15.5521,15.5521,15.5521,15.5529,15.5532,15.5532,15.5528,15.5528,15.5531,15.5527,15.5525,15.5525,15.5525,15.5525,15.5525,15.5529,15.5529,15.5529,15.553,15.553,15.553,15.553,15.5533,15.5533,15.5533,15.5524,15.5524,15.5526,15.5526,15.5521,15.552,15.5517,
Sun Apr 12 2020 04:21:04 GMT-0400 (Eastern Daylight Time)
15.552,15.552,15.552,15.552,15.552,15.552,15.5514,15.5514,15.5514,15.5514,15.551,15.551,15.551,15.551,15.5518,15.5522,15.5522,15.5522,15.5522,15.5528,15.553,15.553,15.553,15.5516,15.5516,15.551,15.55,15.5506,15.5501,15.5496,15.5496,15.5496,15.5496,15.5496,15.5496,15.5496,15.5488,15.5498,15.5495,15.5495,15.5498,15.5507,15.5499,15.5496,15.5496,15.5493,15.5493,15.549,15.5487,15.5489,15.5487,15.5487,15.5484,15.5484,15.5487,15.5488,15.5488,15.5488,15.5485,15.5485,
Sun Apr 12 2020 04:22:04 GMT-0400 (Eastern Daylight Time)
15.5485,15.5485,15.5473,15.5473,15.5471,15.5471,15.5478,15.5491,15.5494,15.5494,15.5498,15.5491,15.5491,15.5491,15.5488,15.5492,15.5492,15.5489,15.5489,15.5485,15.5485,15.548,15.548,15.548,15.5464,15.5464,15.5462,15.5462,15.5461,15.5461,15.5463,15.5452,15.5452,15.5455,15.5458,15.5458,15.5462,15.5462,15.5458,15.5458,15.5458,15.5458,15.5462,15.546,15.5451,15.544,15.5445,15.5443,15.5443,15.5442,15.5442,15.545,15.545,15.545,15.545,15.545,15.545,15.5433,15.5433,15.5433,
Sun Apr 12 2020 04:23:04 GMT-0400 (Eastern Daylight Time)
15.5444,15.5444,15.5444,15.5444,15.5444,15.5428,15.543,15.543,15.5421,15.5421,15.5428,15.5422,15.5407,15.5404,15.5401,15.5401,15.54,15.5403,15.5401,15.5401,15.5401,15.5399,15.5396,15.5396,15.5396,15.54,15.5397,15.54,15.5403,15.5398,15.54,15.54,15.5409,15.5409,15.5405,15.5397,15.5397,15.5401,15.5401,15.5401,15.5405,15.5405,15.5401,15.5401,15.5404,15.5404,15.5404,15.54,15.5405,15.5405,15.5405,15.5405,15.5401,15.5401,15.5399,15.5399,15.5374,15.5374,15.5372,15.5372,
Sun Apr 12 2020 04:24:04 GMT-0400 (Eastern Daylight Time)
15.5368,15.5365,15.5365,15.5372,15.5369,15.5371,15.5371,15.5371,15.5371,15.5389,15.5389,15.5387,15.5377,15.5377,15.5377,15.5377,15.5382,15.5382,15.5386,15.5386,15.5383,15.5383,15.5383,15.5383,15.5392,15.5404,15.5404,15.5407,15.5413,15.5413,15.5416,15.5416,15.5418,15.5418,15.5403,15.5403,15.5398,15.5401,15.5406,15.5406,15.5393,15.5393,15.5393,15.5393,15.5395,15.5395,15.5395,15.5399,15.5405,15.5405,15.5402,15.5402,15.5399,15.5416,15.5416,15.5419,15.5422,15.5424,15.5422,15.5422,
Sun Apr 12 2020 04:25:04 GMT-0400 (Eastern Daylight Time)
15.5422,15.5426,15.5426,15.5432,15.5429,15.5429,15.545,15.5456,15.5456,15.5454,15.5454,15.5454,15.5446,15.5446,15.5463,15.5448,15.5442,15.5442,15.5439,15.5439,15.5448,15.5448,15.5448,15.5444,15.5446,15.544,15.5433,15.5433,15.543,15.543,15.543,15.5435,15.5439,15.5433,15.5425,15.5425,15.5433,15.5433,15.5425,15.5425,15.5426,15.5426,15.541,15.541,15.541,15.5395,15.5392,15.539,15.5387,15.5387,15.539,15.5393,15.5393,15.5385,15.5385,15.5393,15.5393,15.5403,15.5405,15.5405,
Sun Apr 12 2020 04:26:04 GMT-0400 (Eastern Daylight Time)
15.5408,15.5408,15.5408,15.5402,15.5402,15.5402,15.5402,15.5402,15.5407,15.5407,15.5405,15.5405,15.5408,15.5408,15.5408,15.5399,15.5402,15.5402,15.5402,15.5409,15.5409,15.5412,15.5409,15.5409,15.5409,15.5409,15.5409,15.5409,15.5409,15.5412,15.5415,15.5415,15.5412,15.5423,15.5413,15.5413,15.5413,15.5416,15.5414,15.5401,15.5401,15.5401,15.5408,15.5408,15.5401,15.5403,15.5406,15.5397,15.5395,15.5392,15.5392,15.5392,15.5387,15.5387,15.5387,15.5384,15.5379,15.5382,15.5382,15.5382,
Sun Apr 12 2020 04:27:03 GMT-0400 (Eastern Daylight Time)
15.5375,15.5375,15.5388,15.5385,15.5385,15.5385,15.5385,15.5385,15.5387,15.5384,15.5384,15.5386,15.5386,15.5379,15.5379,15.5379,15.5379,15.5382,15.5391,15.5391,15.5385,15.5383,15.5378,15.5378,15.5378,15.5385,15.5385,15.5382,15.5382,15.5378,15.5378,15.5378,15.5353,15.5353,15.5353,15.5353,15.5341,15.5341,15.5328,15.5328,15.5337,15.5343,15.5343,15.5343,15.534,15.534,15.534,15.5338,15.534,15.534,15.5346,15.5346,15.5349,15.5356,15.5353,15.535,15.535,15.5353,15.5353,15.535,
Sun Apr 12 2020 04:28:03 GMT-0400 (Eastern Daylight Time)
15.535,15.535,15.535,15.5341,15.5341,15.5341,15.5364,15.5364,15.5367,15.5367,15.5364,15.5362,15.5368,15.5368,15.5379,15.5377,15.5373,15.5374,15.5371,15.5367,15.5362,15.5362,15.536,15.536,15.5364,15.5361,15.535,15.5346,15.5346,15.5373,15.5377,15.5377,15.538,15.538,15.5387,15.5387,15.5387,15.5357,15.5357,15.5357,15.535,15.535,15.5342,15.5342,15.5342,15.5335,15.5335,15.5335,15.5339,15.5339,15.5339,15.5339,15.5341,15.5341,15.5346,15.5346,15.5346,15.5344,15.5341,15.5341,
Sun Apr 12 2020 04:29:03 GMT-0400 (Eastern Daylight Time)
15.5336,15.5335,15.5335,15.5335,15.5335,15.5335,15.5335,15.5335,15.5333,15.5333,15.5333,15.534,15.534,15.5339,15.5352,15.5375,15.5382,15.5416,15.5416,15.5416,15.5416,15.5416,15.542,15.5431,15.5431,15.5431,15.5434,15.5434,15.5434,15.5434,15.5434,15.5434,15.5434,15.5438,15.5442,15.5437,15.5437,15.5441,15.5436,15.5436,15.5436,15.544,15.544,15.544,15.5429,15.5429,15.5434,15.542,15.5422,15.5425,15.543,15.543,15.5427,15.5425,15.5418,15.5411,15.5411,15.5412,15.5406,15.5406,
Sun Apr 12 2020 04:30:04 GMT-0400 (Eastern Daylight Time)
15.5409,15.5412,15.5412,15.5412,15.5415,15.542,15.542,15.542,15.5423,15.542,15.542,15.5408,15.5408,15.5419,15.5422,15.5425,15.5425,15.5428,15.5428,15.5426,15.5426,15.5426,15.542,15.5417,15.5417,15.5417,15.5423,15.5423,15.5423,15.5417,15.5421,15.5421,15.5421,15.5423,15.5423,15.5423,15.5423,15.5423,15.5428,15.5428,15.5431,15.5434,15.5434,15.5424,15.5424,15.5424,15.5424,15.5424,15.5437,15.5437,15.544,15.5438,15.5438,15.5429,15.5433,15.5433,15.5433,15.5436,15.5445,15.5445,
Sun Apr 12 2020 04:31:03 GMT-0400 (Eastern Daylight Time)
15.5453,15.5453,15.5453,15.5453,15.5434,15.5434,15.5431,15.5431,15.5431,15.5431,15.5429,15.5429,15.5419,15.5413,15.5418,15.5421,15.5421,15.5433,15.544,15.544,15.544,15.5433,15.5439,15.5439,15.5439,15.5448,15.5448,15.5448,15.5444,15.5442,15.5444,15.5444,15.5444,15.5453,15.5459,15.5459,15.5459,15.5459,15.5459,15.5459,15.5459,15.5459,15.5462,15.5462,15.5462,15.5462,15.5462,15.5462,15.5462,15.5462,15.546,15.546,15.5456,15.5458,15.546,15.546,15.5463,15.546,15.5465,15.5462,
Sun Apr 12 2020 04:32:03 GMT-0400 (Eastern Daylight Time)
15.5458,15.5461,15.5461,15.5461,15.5461,15.5461,15.5467,15.5453,15.5453,15.5456,15.5456,15.5453,15.5453,15.5458,15.5464,15.5459,15.5459,15.5465,15.5465,15.5448,15.5448,15.5445,15.5445,15.5442,15.5448,15.5448,15.5448,15.5445,15.5445,15.5445,15.5452,15.5449,15.5449,15.5444,15.5444,15.5444,15.5441,15.5451,15.5446,15.5444,15.5444,15.5441,15.543,15.5429,15.5432,15.5432,15.5423,15.5423,15.542,15.5416,15.5416,15.5416,15.5416,15.5416,15.5416,15.5416,15.5419,15.5419,15.5415,15.5412,
Sun Apr 12 2020 04:33:03 GMT-0400 (Eastern Daylight Time)
15.5412,15.5415,15.5407,15.5407,15.5407,15.5412,15.5416,15.5413,15.5413,15.5413,15.5408,15.5406,15.5404,15.5404,15.5402,15.5402,15.5402,15.5402,15.5405,15.5405,15.5405,15.5407,15.5407,15.5407,15.5407,15.5407,15.5408,15.5408,15.5408,15.5405,15.5408,15.5411,15.5411,15.5411,15.5411,15.5411,15.5417,15.542,15.5418,15.5418,15.5413,15.5413,15.5407,15.5407,15.5404,15.5404,15.5408,15.5404,15.5404,15.5408,15.5408,15.5408,15.5405,15.5397,15.5397,15.5397,15.5402,15.5405,15.5401,15.5401,
Sun Apr 12 2020 04:34:03 GMT-0400 (Eastern Daylight Time)
15.5401,15.5401,15.5407,15.5407,15.5411,15.5415,15.5412,15.5412,15.5412,15.5412,15.5411,15.5422,15.5422,15.5425,15.5422,15.5422,15.5424,15.5424,15.5424,15.5424,15.5432,15.5432,15.5432,15.5429,15.5418,15.5416,15.5416,15.5416,15.5416,15.5419,15.5423,15.5423,15.5439,15.5439,15.5439,15.5439,15.5432,15.5435,15.5444,15.5444,15.5444,15.5441,15.5433,15.5433,15.5433,15.5426,15.5422,15.5418,15.5418,15.5416,15.5419,15.5419,15.5422,15.5441,15.5444,15.5441,15.5444,15.5426,15.5429,15.5429,
Sun Apr 12 2020 04:35:03 GMT-0400 (Eastern Daylight Time)
15.5432,15.543,15.543,15.543,15.5426,15.5426,15.5431,15.5431,15.5423,15.5396,15.5394,15.5399,15.5399,15.5396,15.5396,15.5393,15.5393,15.5395,15.5398,15.5393,15.5371,15.5367,15.5371,15.5371,15.5371,15.5367,15.5379,15.5377,15.5379,15.5385,15.5385,15.5382,15.5382,15.5382,15.5379,15.5379,15.5379,15.5379,15.5376,15.5376,15.5373,15.5369,15.5366,15.5366,15.5366,15.5361,15.5364,15.5364,15.5364,15.5341,15.5331,15.5331,15.5321,15.5321,15.5319,15.5319,15.5319,15.5319,15.5319,15.5322,
Sun Apr 12 2020 04:36:03 GMT-0400 (Eastern Daylight Time)
15.5322,15.5327,15.5336,15.5336,15.534,15.534,15.5336,15.5343,15.5346,15.5346,15.5349,15.5349,15.5351,15.5351,15.5355,15.5355,15.5355,15.5358,15.5368,15.5373,15.5374,15.5379,15.5375,15.5375,15.5375,15.5375,15.5375,15.5375,15.5369,15.5373,15.5376,15.5376,15.5376,15.5367,15.5374,15.5374,15.5374,15.5372,15.5367,15.5366,15.5366,15.536,15.536,15.5369,15.5369,15.5365,15.5364,15.5364,15.5364,15.5367,15.5367,15.5367,15.5367,15.5367,15.5367,15.5367,15.5367,15.5367,15.5367,15.5362,
Sun Apr 12 2020 04:39:05 GMT-0400 (Eastern Daylight Time)
15.5399,15.5399,15.5399,15.5399,15.5399,15.5399,15.5406,15.5406,15.54,15.5392,15.5385,15.5382,15.5397,15.5394,15.5393,15.539,15.5389,15.5389,15.5364,15.5359,15.5377,15.5379,15.5382,15.5373,15.537,15.537,15.5364,15.5367,15.5367,15.5367,15.5377,15.5377,15.5377,15.538,15.5375,15.5375,15.5375,15.5382,15.5385,15.5382,15.5382,15.5382,15.5382,15.5382,15.5393,15.5393,15.5393,15.5385,15.5385,15.5401,15.5401,15.5401,15.5401,15.5401,15.5404,15.5404,15.5404,15.5404,15.5404,15.5404,
Sun Apr 12 2020 04:40:04 GMT-0400 (Eastern Daylight Time)
15.5404,15.5404,15.5404,15.5404,15.5396,15.5396,15.5391,15.5391,15.5391,15.5391,15.5391,15.5391,15.5391,15.5391,15.5389,15.5392,15.5392,15.5392,15.5372,15.5367,15.5367,15.5362,15.5362,15.536,15.536,15.536,15.536,15.5355,15.5353,15.5353,15.5353,15.5333,15.5333,15.5333,15.5333,15.5333,15.5333,15.5333,15.5333,15.5333,15.5333,15.5335,15.5335,15.5335,15.5335,15.5335,15.5335,15.5335,15.5335,15.5335,15.5335,15.5343,15.5343,15.5346,15.5349,15.5345,15.5345,15.5345,15.5345,15.5345,
Sun Apr 12 2020 04:41:04 GMT-0400 (Eastern Daylight Time)
15.5345,15.5345,15.5345,15.5342,15.5343,15.5338,15.5338,15.533,15.5316,15.5324,15.5324,15.5324,15.5321,15.5321,15.5321,15.5321,15.5321,15.5321,15.5321,15.5321,15.5321,15.5321,15.5334,15.533,15.5333,15.5333,15.5328,15.5328,15.5328,15.5328,15.5328,15.5324,15.5306,15.5309,15.5309,15.5306,15.5306,15.5306,15.5306,15.5316,15.5318,15.5322,15.5318,15.5321,15.5321,15.5313,15.531,15.531,15.5303,15.5298,15.5301,15.5301,15.5301,15.5307,15.5307,15.5298,15.5298,15.5298,15.5298,15.5298,
Sun Apr 12 2020 04:42:04 GMT-0400 (Eastern Daylight Time)
15.5298,15.5301,15.5306,15.5306,15.5306,15.5298,15.5298,15.53,15.5305,15.5305,15.5302,15.5306,15.5306,15.5303,15.5307,15.5291,15.5291,15.5291,15.5288,15.5288,15.5288,15.5284,15.5284,15.529,15.5286,15.5286,15.5283,15.5283,15.5288,15.5285,15.5276,15.5276,15.5281,15.5289,15.5289,15.5279,15.5279,15.5284,15.5276,15.5276,15.5272,15.5272,15.5272,15.5272,15.5272,15.5272,15.5272,15.5269,15.5269,15.5272,15.5275,15.5268,15.5273,15.5283,15.5283,15.5288,15.5288,15.5288,15.5288,15.5292,
Sun Apr 12 2020 04:43:04 GMT-0400 (Eastern Daylight Time)
15.5308,15.5308,15.5311,15.5313,15.5313,15.5315,15.5315,15.5312,15.5309,15.5312,15.5312,15.5318,15.5318,15.5311,15.5311,15.5303,15.5312,15.5314,15.5311,15.5322,15.5322,15.5322,15.5322,15.5325,15.5325,15.5325,15.5325,15.5325,15.5327,15.5327,15.5327,15.5327,15.532,15.532,15.5306,15.5306,15.5309,15.5309,15.5307,15.5307,15.5304,15.5304,15.5306,15.5306,15.5307,15.5307,15.5303,15.5303,15.5306,15.5303,15.5303,15.5293,15.5289,15.5293,15.5293,15.5288,15.5294,15.5294,15.5294,15.5294,
Sun Apr 12 2020 04:44:04 GMT-0400 (Eastern Daylight Time)
15.5291,15.5299,15.5299,15.5299,15.5293,15.5287,15.5287,15.5268,15.5265,15.5265,15.5265,15.5278,15.5276,15.5276,15.5273,15.5273,15.5279,15.5279,15.5279,15.5279,15.5286,15.5286,15.5286,15.5286,15.5283,15.5283,15.5281,15.5281,15.5282,15.5278,15.5278,15.5278,15.5285,15.5289,15.5289,15.5289,15.5292,15.5298,15.5295,15.53,15.5306,15.5304,15.5304,15.5304,15.5309,15.5309,15.5309,15.5309,15.5298,15.5295,15.5292,15.5292,15.5304,15.5302,15.5302,15.53,15.53,15.5288,15.5282,15.5284,
Sun Apr 12 2020 04:45:03 GMT-0400 (Eastern Daylight Time)
15.529,15.5287,15.5287,15.5284,15.5284,15.5284,15.5284,15.5284,15.5284,15.5284,15.5284,15.5284,15.5284,15.5284,15.5284,15.5284,15.5282,15.5286,15.5288,15.5282,15.528,15.5266,15.5262,15.5262,15.5256,15.5259,15.5263,15.5265,15.5281,15.5281,15.5281,15.5278,15.5282,15.5282,15.5284,15.5281,15.5276,15.5276,15.5274,15.5271,15.5273,15.527,15.5272,15.5261,15.5264,15.5255,15.5257,15.5257,15.5254,15.525,15.5247,15.5253,15.525,15.5247,15.5251,15.5251,15.5251,15.5251,15.5249,15.5235,
Sun Apr 12 2020 04:46:04 GMT-0400 (Eastern Daylight Time)
15.5235,15.5232,15.5232,15.5232,15.5235,15.5235,15.5235,15.5235,15.5239,15.5235,15.5228,15.523,15.5226,15.5226,15.5226,15.5218,15.5218,15.5218,15.5221,15.5221,15.5225,15.5227,15.5227,15.5225,15.5239,15.5232,15.523,15.5234,15.5234,15.5237,15.5234,15.5234,15.523,15.5225,15.523,15.523,15.5234,15.5225,15.5225,15.5222,15.5219,15.5227,15.5227,15.5223,15.5223,15.5218,15.5214,15.5223,15.522,15.5211,15.5211,15.5211,15.5208,15.5214,15.5214,15.5217,15.5226,15.5222,15.5222,15.5216,
Sun Apr 12 2020 04:47:03 GMT-0400 (Eastern Daylight Time)
15.5226,15.5226,15.5226,15.5222,15.5215,15.5215,15.5215,15.5215,15.5215,15.5215,15.5215,15.5233,15.5233,15.5233,15.523,15.523,15.523,15.523,15.5225,15.5225,15.5199,15.5199,15.5199,15.5195,15.5204,15.5207,15.5212,15.5209,15.5209,15.5206,15.5206,15.5206,15.5208,15.5208,15.52,15.5196,15.5199,15.5202,15.5202,15.5198,15.5198,15.5188,15.5188,15.5188,15.5181,15.5181,15.5181,15.5181,15.5181,15.5186,15.5186,15.5184,15.5189,15.5192,15.5192,15.5183,15.5188,15.5188,15.5184,15.5186,
Sun Apr 12 2020 04:48:03 GMT-0400 (Eastern Daylight Time)
15.5192,15.5198,15.5198,15.5198,15.5184,15.5179,15.5179,15.5179,15.5183,15.5185,15.5181,15.5181,15.5183,15.5179,15.5179,15.5173,15.5173,15.5172,15.5172,15.5174,15.5171,15.5171,15.5174,15.5174,15.5177,15.5177,15.5177,15.5177,15.5177,15.5177,15.5183,15.5183,15.5187,15.519,15.5196,15.5196,15.5196,15.5196,15.5196,15.5196,15.5196,15.5196,15.5191,15.5194,15.5194,15.5188,15.5188,15.5188,15.5188,15.5198,15.5195,15.5192,15.5192,15.5202,15.5202,15.5208,15.5208,15.5206,15.5206,15.521,
Sun Apr 12 2020 04:49:03 GMT-0400 (Eastern Daylight Time)
15.5213,15.5214,15.5214,15.5211,15.5211,15.5206,15.5193,15.5193,15.5199,15.5193,15.5195,15.5184,15.5178,15.52,15.5193,15.5193,15.5193,15.5205,15.5205,15.5205,15.5205,15.5201,15.5199,15.5199,15.519,15.5174,15.5174,15.5174,15.517,15.517,15.517,15.517,15.517,15.517,15.5172,15.5172,15.5169,15.5172,15.5171,15.5176,15.5176,15.5176,15.5178,15.518,15.518,15.5176,15.5176,15.5161,15.5165,15.5166,15.5169,15.5169,15.5165,15.5169,15.5171,15.5166,15.5162,15.5165,15.5168,15.5168,
