Sat Apr 11 2020 04:30:01 GMT-0400 (Eastern Daylight Time)
15.5303,15.53,15.5311,15.5307,15.531,15.5306,15.531,15.5306,15.5322,15.5303,15.5307,15.5304,15.5301,15.531,15.5313,15.5313,15.531,15.5323,15.5328,15.5328,15.5332,15.5321,15.5318,15.5318,15.5318,15.5326,15.5316,15.532,15.5325,15.5331,15.5331,15.533,15.5329,15.5326,15.5343,15.5343,15.5343,15.535,15.5339,15.5342,15.5339,15.5336,15.5327,15.5324,15.5321,15.5321,15.5324,15.5339,15.5339,15.5335,15.5331,15.5324,15.5326,15.5329,15.5322,15.5322,15.5322,15.5322,15.5299,15.5304,
Sat Apr 11 2020 04:31:01 GMT-0400 (Eastern Daylight Time)
15.5304,15.5316,15.5311,15.5311,15.5311,15.5311,15.5309,15.5313,15.5311,15.5306,15.5303,15.5303,15.5303,15.5303,15.5306,15.5313,15.5316,15.5314,15.5314,15.5314,15.5314,15.5314,15.5314,15.532,15.5322,15.5322,15.5324,15.534,15.534,15.5343,15.5343,15.534,15.5342,15.5346,15.5346,15.5341,15.5341,15.5341,15.5341,15.5341,15.5341,15.5341,15.5341,15.5327,15.5327,15.5311,15.5314,15.532,15.532,15.5325,15.5321,15.5321,15.5324,15.5321,15.5324,15.5324,15.5321,15.5326,15.5326,15.5326,
Sat Apr 11 2020 04:32:01 GMT-0400 (Eastern Daylight Time)
15.5331,15.5331,15.5336,15.5338,15.5341,15.5338,15.5338,15.5363,15.5355,15.5355,15.5355,15.5352,15.5356,15.5356,15.5349,15.5349,15.5353,15.535,15.535,15.535,15.5346,15.5346,15.5342,15.5342,15.5339,15.5339,15.5337,15.5335,15.5335,15.5335,15.534,15.5338,15.5342,15.5342,15.5339,15.5348,15.5345,15.5345,15.5342,15.5343,15.5343,15.5345,15.5342,15.5347,15.5347,15.5344,15.5327,15.5331,15.5331,15.5328,15.5321,15.5313,15.5313,15.5335,15.5335,15.533,15.5327,15.5331,15.5331,15.5329,
Sat Apr 11 2020 04:33:01 GMT-0400 (Eastern Daylight Time)
15.5326,15.5326,15.5329,15.5337,15.5337,15.5337,15.533,15.5326,15.5326,15.5326,15.5322,15.5322,15.5319,15.5319,15.5319,15.5316,15.5316,15.5314,15.5309,15.5312,15.5302,15.5302,15.5302,15.5277,15.5274,15.5274,15.5274,15.5274,15.5277,15.5274,15.5269,15.5269,15.5257,15.5258,15.5246,15.5246,15.5246,15.5246,15.525,15.5244,15.5244,15.5244,15.5244,15.5242,15.5239,15.5241,15.5236,15.5244,15.5244,15.5252,15.5252,15.5254,15.5254,15.5248,15.5251,15.5237,15.5234,15.5227,15.5227,15.5219,
Sat Apr 11 2020 04:34:01 GMT-0400 (Eastern Daylight Time)
15.5223,15.5226,15.5226,15.5228,15.5228,15.5218,15.5218,15.5218,15.5195,15.5199,15.5199,15.5195,15.5197,15.5197,15.5197,15.5197,15.5189,15.5186,15.5186,15.5186,15.5186,15.5178,15.5181,15.5188,15.5188,15.5183,15.5183,15.5194,15.5188,15.519,15.519,15.5198,15.5201,15.5198,15.5201,15.5199,15.5199,15.5196,15.5196,15.519,15.5188,15.5193,15.5193,15.519,15.5187,15.5187,15.5187,15.5181,15.5179,15.5179,15.5175,15.5178,15.5184,15.518,15.5184,15.5164,15.5162,15.5175,15.5183,15.5193,
Sat Apr 11 2020 04:35:01 GMT-0400 (Eastern Daylight Time)
15.5188,15.5188,15.5184,15.5185,15.5182,15.5182,15.5185,15.5187,15.5184,15.5184,15.5184,15.5175,15.5175,15.5175,15.5177,15.5171,15.5171,15.5167,15.5167,15.5172,15.5172,15.5169,15.5169,15.5169,15.5169,15.5167,15.5171,15.5166,15.5166,15.5166,15.5164,15.5146,15.5146,15.5146,15.5149,15.5149,15.5153,15.5125,15.5125,15.5132,15.5132,15.5132,15.5135,15.5133,15.512,15.5123,15.5122,15.5127,15.5124,15.5126,15.5122,15.5119,15.5116,15.5113,15.5113,15.5118,15.5118,15.5113,15.511,15.5103,
Sat Apr 11 2020 04:36:01 GMT-0400 (Eastern Daylight Time)
15.5099,15.5093,15.5093,15.5095,15.5095,15.5092,15.5081,15.5081,15.5081,15.5084,15.5084,15.5084,15.5113,15.5121,15.5121,15.5126,15.513,15.5133,15.5128,15.513,15.513,15.5127,15.5127,15.5131,15.5136,15.5137,15.5135,15.5133,15.5136,15.5131,15.5126,15.5123,15.5115,15.5114,15.5112,15.511,15.5099,15.5097,15.5103,15.5103,15.51,15.5101,15.5089,15.5085,15.5085,15.5091,15.5094,15.5112,15.5109,15.5106,15.5106,15.5104,15.5102,15.5092,15.5095,15.5095,15.5099,15.5099,15.5096,15.5102,
Sat Apr 11 2020 04:37:01 GMT-0400 (Eastern Daylight Time)
15.51,15.51,15.5093,15.5112,15.5102,15.5102,15.5102,15.5114,15.5114,15.5114,15.5117,15.5117,15.5117,15.5117,15.5122,15.5122,15.5119,15.5122,15.5115,15.5112,15.5122,15.5122,15.5122,15.5118,15.5122,15.5122,15.5125,15.5121,15.5121,15.5127,15.5127,15.5131,15.5131,15.5114,15.511,15.511,15.5113,15.5117,15.5117,15.5117,15.5122,15.5143,15.5143,15.5151,15.5154,15.5166,15.5166,15.5165,15.5163,15.5172,15.5169,15.5169,15.5164,15.5155,15.5171,15.5173,15.5173,15.5173,15.5185,15.5185,
Sat Apr 11 2020 04:38:01 GMT-0400 (Eastern Daylight Time)
15.5187,15.5187,15.5179,15.5177,15.5181,15.5184,15.52,15.5195,15.5199,15.5196,15.5199,15.5199,15.5199,15.5199,15.5199,15.5199,15.5189,15.5207,15.5204,15.5216,15.5215,15.5215,15.5225,15.5225,15.5225,15.522,15.522,15.522,15.5229,15.5229,15.5221,15.5213,15.5226,15.5229,15.5233,15.5233,15.524,15.524,15.524,15.524,15.524,15.524,15.5212,15.5221,15.5224,15.5221,15.522,15.5214,15.5196,15.5192,15.5187,15.5191,15.5166,15.5163,15.5167,15.517,15.5162,15.5162,15.5172,15.5169,
Sat Apr 11 2020 04:39:01 GMT-0400 (Eastern Daylight Time)
15.5158,15.5156,15.5158,15.5164,15.5161,15.5162,15.5159,15.5162,15.5166,15.5157,15.5157,15.5153,15.5174,15.5171,15.517,15.517,15.517,15.5163,15.5163,15.5163,15.5162,15.5154,15.515,15.516,15.516,15.516,15.516,15.516,15.5156,15.516,15.5152,15.5149,15.5153,15.515,15.5174,15.5174,15.5165,15.5165,15.5162,15.5144,15.5144,15.5144,15.5141,15.5136,15.5138,15.514,15.514,15.5137,15.5143,15.515,15.515,15.5131,15.5154,15.5154,15.5154,15.5149,15.5167,15.5167,15.517,15.5167,
Sat Apr 11 2020 04:40:01 GMT-0400 (Eastern Daylight Time)
15.5156,15.516,15.5165,15.5162,15.5159,15.5159,15.5151,15.5152,15.5162,15.5162,15.5166,15.5175,15.5186,15.5183,15.518,15.519,15.52,15.5196,15.5194,15.5194,15.5179,15.5179,15.5173,15.5167,15.5164,15.516,15.5157,15.5157,15.5153,15.515,15.5152,15.5152,15.5164,15.5156,15.5158,15.5153,15.5159,15.5159,15.5156,15.5159,15.5171,15.5165,15.5165,15.5165,15.5165,15.5165,15.5154,15.5151,15.5147,15.5138,15.5138,15.5141,15.5132,15.512,15.5126,15.5129,15.5121,15.5113,15.5113,15.5111,
Sat Apr 11 2020 04:41:01 GMT-0400 (Eastern Daylight Time)
15.5105,15.5105,15.5108,15.5104,15.5108,15.511,15.5106,15.5109,15.5109,15.5104,15.5101,15.5092,15.5094,15.5097,15.5097,15.51,15.5112,15.511,15.511,15.511,15.5089,15.5095,15.509,15.5099,15.5094,15.5092,15.5101,15.5101,15.5089,15.5085,15.5093,15.5093,15.5093,15.5093,15.5093,15.5096,15.5096,15.5089,15.5089,15.5089,15.5086,15.5082,15.5077,15.5077,15.5081,15.5076,15.5076,15.5072,15.5069,15.5068,15.5064,15.5064,15.5044,15.5064,15.5061,15.5056,15.5062,15.5059,15.5072,15.5072,
Sat Apr 11 2020 04:42:01 GMT-0400 (Eastern Daylight Time)
15.5066,15.5066,15.5063,15.5061,15.5065,15.5071,15.5071,15.5067,15.5065,15.5071,15.5074,15.5074,15.5081,15.5081,15.5087,15.509,15.5093,15.5097,15.5095,15.5102,15.508,15.5064,15.506,15.5057,15.5054,15.5058,15.5052,15.5052,15.505,15.5048,15.5046,15.5042,15.5034,15.5032,15.5037,15.5037,15.5042,15.5045,15.5036,15.504,15.5052,15.5054,15.5054,15.5054,15.5057,15.5057,15.5044,15.5047,15.5038,15.5042,15.5039,15.5033,15.5033,15.503,15.5034,15.5034,15.5028,15.5025,15.5042,15.5065,
Sat Apr 11 2020 04:43:01 GMT-0400 (Eastern Daylight Time)
15.5068,15.5075,15.5086,15.5082,15.5069,15.5069,15.5082,15.5087,15.5081,15.5081,15.5078,15.5076,15.5076,15.5078,15.5078,15.5078,15.5078,15.5076,15.5076,15.5081,15.5084,15.5083,15.5077,15.5075,15.5067,15.5069,15.5069,15.5074,15.5075,15.5078,15.5087,15.5087,15.5092,15.509,15.509,15.5072,15.5068,15.5068,15.5067,15.5067,15.5067,15.5063,15.506,15.5065,15.5065,15.5062,15.5062,15.5059,15.5065,15.5069,15.5069,15.5069,15.5071,15.5078,15.5081,15.5078,15.5078,15.5076,15.5078,15.5083,
Sat Apr 11 2020 04:44:01 GMT-0400 (Eastern Daylight Time)
15.5083,15.5084,15.509,15.5084,15.508,15.5078,15.5078,15.5078,15.5078,15.5074,15.5066,15.5066,15.5074,15.5078,15.5078,15.5075,15.5071,15.5078,15.5074,15.5079,15.5079,15.5084,15.5084,15.5082,15.5072,15.5078,15.507,15.5062,15.5062,15.506,15.5049,15.5044,15.504,15.505,15.5056,15.5059,15.5059,15.5062,15.5062,15.5065,15.5066,15.5068,15.5071,15.5071,15.5068,15.5064,15.5069,15.5063,15.5059,15.5066,15.5069,15.5069,15.5074,15.507,15.5063,15.5063,15.5051,15.5059,15.506,15.506,
Sat Apr 11 2020 04:45:01 GMT-0400 (Eastern Daylight Time)
15.5045,15.5042,15.5042,15.5044,15.5042,15.5038,15.5038,15.503,15.5034,15.503,15.5034,15.5031,15.503,15.503,15.5032,15.5032,15.5032,15.5032,15.5027,15.503,15.5032,15.504,15.504,15.5031,15.5031,15.5032,15.5027,15.5027,15.5027,15.5024,15.5018,15.5017,15.502,15.5023,15.5018,15.501,15.5015,15.5006,15.5006,15.5012,15.5012,15.5001,15.5001,15.4982,15.4985,15.4985,15.497,15.497,15.4965,15.4959,15.4959,15.4959,15.4965,15.4959,15.4959,15.4965,15.4965,15.4952,15.4948,15.4948,
Sat Apr 11 2020 04:46:01 GMT-0400 (Eastern Daylight Time)
15.4948,15.4948,15.4948,15.4957,15.4957,15.4957,15.4957,15.4957,15.4957,15.4943,15.4943,15.4946,15.497,15.4966,15.4972,15.4972,15.4986,15.4988,15.4984,15.4984,15.4984,15.4984,15.498,15.4974,15.4954,15.4958,15.496,15.4963,15.4959,15.4961,15.4961,15.4965,15.4965,15.4958,15.4958,15.4958,15.4958,15.4946,15.4952,15.4952,15.4959,15.4955,15.4955,15.4955,15.4955,15.4948,15.4948,15.4957,15.4953,15.4957,15.496,15.496,15.4964,15.4961,15.4957,15.4959,15.4959,15.4954,15.4954,15.4958,
Sat Apr 11 2020 04:47:01 GMT-0400 (Eastern Daylight Time)
15.4954,15.4954,15.4954,15.4957,15.4954,15.4975,15.4972,15.4972,15.4972,15.499,15.499,15.5003,15.5003,15.5003,15.5,15.5,15.5,15.4997,15.5,15.5,15.5,15.5,15.5,15.497,15.497,15.497,15.4966,15.4969,15.4975,15.4973,15.4973,15.4977,15.4977,15.4984,15.4981,15.4981,15.4985,15.4979,15.4979,15.4982,15.4979,15.4956,15.4954,15.4951,15.4949,15.4942,15.4952,15.4948,15.4943,15.4949,15.4948,15.4934,15.4934,15.4939,15.4943,15.4949,15.4949,15.4949,15.4951,15.4948,
Sat Apr 11 2020 04:48:01 GMT-0400 (Eastern Daylight Time)
15.493,15.4936,15.4936,15.4936,15.4936,15.4928,15.4928,15.4928,15.4928,15.4928,15.4925,15.4925,15.4929,15.4935,15.4938,15.4938,15.4938,15.4927,15.4922,15.4919,15.4921,15.4924,15.4924,15.4924,15.4927,15.493,15.4927,15.4925,15.4925,15.492,15.4925,15.4925,15.4925,15.4911,15.4915,15.4906,15.4906,15.4926,15.4926,15.4926,15.4926,15.4914,15.4922,15.4932,15.4935,15.4946,15.4941,15.4941,15.4941,15.4951,15.4958,15.4958,15.4959,15.4954,15.4954,15.4962,15.4962,15.4958,15.4958,15.4958,
Sat Apr 11 2020 04:49:01 GMT-0400 (Eastern Daylight Time)
15.4958,15.4958,15.4958,15.4958,15.4958,15.4961,15.4961,15.4961,15.4961,15.4961,15.4961,15.4962,15.4962,15.4962,15.4962,15.4965,15.4959,15.4959,15.4951,15.4951,15.4951,15.4951,15.4959,15.4959,15.4965,15.4965,15.4967,15.4967,15.4965,15.4961,15.4961,15.4955,15.4949,15.4949,15.4952,15.4955,15.4949,15.4964,15.496,15.4954,15.4956,15.4973,15.4977,15.4971,15.4974,15.4972,15.4972,15.4974,15.4974,15.4974,15.4978,15.4983,15.4983,15.498,15.4985,15.499,15.4985,15.4985,15.4977,15.4974,
Sat Apr 11 2020 04:50:01 GMT-0400 (Eastern Daylight Time)
15.4979,15.4967,15.4967,15.4967,15.4956,15.4956,15.4951,15.4948,15.4948,15.4948,15.4957,15.4961,15.4956,15.4945,15.494,15.494,15.494,15.4946,15.4931,15.4933,15.4929,15.4929,15.4925,15.4931,15.4934,15.4937,15.4937,15.4937,15.4948,15.4944,15.4944,15.4944,15.4948,15.4948,15.4966,15.4974,15.4974,15.4969,15.4977,15.4977,15.4979,15.4979,15.4985,15.4974,15.4974,15.4965,15.4965,15.4957,15.4957,15.4957,15.4947,15.4947,15.4947,15.4947,15.4947,15.4947,15.4947,15.4948,15.4947,15.4947,
Sat Apr 11 2020 04:51:01 GMT-0400 (Eastern Daylight Time)
15.4947,15.4947,15.4941,15.4941,15.4941,15.4941,15.4946,15.4944,15.4944,15.4944,15.4942,15.4942,15.495,15.495,15.4943,15.495,15.495,15.495,15.4959,15.4959,15.4959,15.4955,15.4955,15.4962,15.4962,15.4969,15.4969,15.4969,15.4969,15.4971,15.4986,15.4982,15.4982,15.4982,15.4982,15.4989,15.4993,15.499,15.499,15.4997,15.4997,15.4997,15.5003,15.5003,15.5003,15.5,15.5005,15.4995,15.4995,15.5004,15.5001,15.5009,15.5011,15.5011,15.5016,15.5016,15.502,15.5027,15.5021,15.5019,
Sat Apr 11 2020 04:52:01 GMT-0400 (Eastern Daylight Time)
15.5028,15.5028,15.5028,15.5028,15.5024,15.5021,15.5048,15.5047,15.5047,15.5047,15.5037,15.5037,15.5044,15.5042,15.5034,15.5034,15.5034,15.5038,15.5038,15.504,15.504,15.5033,15.5033,15.5036,15.5036,15.5033,15.5029,15.5029,15.5025,15.5025,15.5025,15.5022,15.5022,15.5025,15.5023,15.5027,15.503,15.5033,15.5033,15.5025,15.502,15.5014,15.5016,15.502,15.502,15.502,15.5015,15.5015,15.502,15.5023,15.503,15.5024,15.5015,15.503,15.503,15.5025,15.5025,15.5015,15.5012,15.5017,
Sat Apr 11 2020 04:53:01 GMT-0400 (Eastern Daylight Time)
15.5017,15.5017,15.5005,15.5013,15.5013,15.5013,15.5015,15.5015,15.5012,15.4997,15.4989,15.4999,15.4994,15.4997,15.4989,15.4989,15.4992,15.4992,15.4992,15.4992,15.4992,15.5001,15.5001,15.5007,15.5003,15.5003,15.4994,15.4998,15.4988,15.4988,15.4982,15.5001,15.5001,15.4998,15.4995,15.5001,15.5007,15.5007,15.5007,15.5007,15.5013,15.5013,15.5017,15.5017,15.5017,15.5008,15.5002,15.5002,15.5002,15.5017,15.5014,15.5014,15.5014,15.5011,15.5006,15.5003,15.5003,15.5,15.4989,15.4986,
Sat Apr 11 2020 04:54:01 GMT-0400 (Eastern Daylight Time)
15.4986,15.4986,15.4986,15.4986,15.499,15.499,15.4992,15.4992,15.5,15.5008,15.5011,15.5011,15.5003,15.5007,15.5007,15.5003,15.5003,15.5003,15.4996,15.4998,15.4998,15.4991,15.4991,15.4988,15.4981,15.4978,15.4983,15.4977,15.4977,15.4957,15.4961,15.4969,15.4967,15.4957,15.4955,15.4958,15.4958,15.4958,15.4952,15.4956,15.496,15.4962,15.4957,15.4948,15.495,15.495,15.495,15.495,15.4956,15.4955,15.4951,15.4951,15.4947,15.4947,15.495,15.4952,15.4952,15.4952,15.4971,15.4968,
Sat Apr 11 2020 04:55:01 GMT-0400 (Eastern Daylight Time)
15.4968,15.4973,15.4978,15.4981,15.4978,15.4978,15.4975,15.4975,15.4979,15.4975,15.4965,15.4972,15.4972,15.4966,15.4953,15.4959,15.4959,15.4963,15.4978,15.4978,15.4975,15.4978,15.4982,15.4982,15.498,15.4988,15.4988,15.4988,15.4994,15.4994,15.499,15.499,15.499,15.499,15.4992,15.4989,15.4998,15.4998,15.5008,15.5008,15.5011,15.5009,15.5002,15.4998,15.4993,15.4993,15.5001,15.5001,15.4999,15.5003,15.5018,15.5021,15.5021,15.5025,15.5006,15.4997,15.5001,15.4992,15.4996,15.4995,
Sat Apr 11 2020 04:56:01 GMT-0400 (Eastern Daylight Time)
15.4995,15.4995,15.5006,15.5006,15.5006,15.5009,15.5009,15.5018,15.5018,15.5032,15.5029,15.5029,15.502,15.502,15.4995,15.5,15.5,15.5007,15.5007,15.5003,15.4999,15.4979,15.4972,15.4972,15.4972,15.4976,15.4976,15.4976,15.4978,15.4978,15.4981,15.4992,15.4988,15.4988,15.4991,15.4993,15.4993,15.4989,15.4967,15.497,15.4964,15.4964,15.4964,15.496,15.4958,15.4954,15.4954,15.4936,15.4933,15.4929,15.4931,15.4929,15.4932,15.4936,15.4934,15.4937,15.4928,15.4922,15.4926,15.4933,
Sat Apr 11 2020 04:57:01 GMT-0400 (Eastern Daylight Time)
15.4928,15.4932,15.4936,15.4929,15.4929,15.491,15.4908,15.4912,15.4909,15.4912,15.4909,15.4905,15.4909,15.4906,15.4904,15.4904,15.4904,15.4901,15.4903,15.492,15.4923,15.492,15.492,15.4912,15.4912,15.4921,15.4927,15.4933,15.4937,15.4937,15.4942,15.4917,15.4914,15.4912,15.4912,15.4914,15.491,15.491,15.4903,15.4901,15.4901,15.4903,15.4906,15.4906,15.4896,15.4896,15.4896,15.4902,15.4898,15.4895,15.4895,15.4898,15.4898,15.4892,15.4892,15.4892,15.4897,15.4899,15.4901,15.4906,
Sat Apr 11 2020 04:58:01 GMT-0400 (Eastern Daylight Time)
15.4896,15.49,15.4898,15.4893,15.4893,15.4893,15.4873,15.4873,15.4873,15.4873,15.4873,15.4878,15.4878,15.4874,15.488,15.4885,15.4885,15.4885,15.4888,15.4888,15.4888,15.4885,15.4882,15.4886,15.4877,15.4877,15.4877,15.4874,15.4872,15.4869,15.4869,15.4864,15.4867,15.4867,15.4864,15.4868,15.4882,15.4879,15.4875,15.4884,15.4881,15.4883,15.4876,15.4876,15.4876,15.4876,15.4876,15.4872,15.4872,15.4875,15.4873,15.4873,15.4873,15.4873,15.4878,15.4881,15.4881,15.4881,15.4886,15.4889,
Sat Apr 11 2020 04:59:01 GMT-0400 (Eastern Daylight Time)
15.4892,15.4892,15.4892,15.4895,15.4898,15.4901,15.4908,15.4903,15.49,15.49,15.49,15.4898,15.4893,15.4893,15.4897,15.489,15.489,15.489,15.489,15.489,15.489,15.492,15.4923,15.4911,15.4903,15.4887,15.4887,15.4865,15.4859,15.4859,15.4859,15.4859,15.4859,15.4863,15.4863,15.486,15.4862,15.4862,15.4862,15.4862,15.4869,15.4869,15.4872,15.4874,15.4863,15.4863,15.4886,15.488,15.488,15.4877,15.4873,15.4876,15.4874,15.4878,15.4866,15.4866,15.4866,15.4866,15.4868,15.4868,
Sat Apr 11 2020 05:00:01 GMT-0400 (Eastern Daylight Time)
15.4868,15.4868,15.4868,15.4868,15.486,15.486,15.486,15.486,15.4854,15.4854,15.4854,15.4885,15.4882,15.4879,15.4883,15.4888,15.4889,15.4885,15.4885,15.4886,15.4886,15.4882,15.4882,15.4887,15.4883,15.4886,15.4889,15.4889,15.4889,15.4877,15.4877,15.4877,15.4877,15.4877,15.4877,15.4877,15.4877,15.4877,15.4875,15.489,15.489,15.4897,15.4909,15.4919,15.4919,15.4943,15.4943,15.4938,15.493,15.4918,15.4922,15.4926,15.4922,15.4927,15.4932,15.4932,15.4932,15.4932,15.4927,15.4923,
Sat Apr 11 2020 05:01:01 GMT-0400 (Eastern Daylight Time)
15.4923,15.4929,15.4926,15.4926,15.4926,15.4923,15.492,15.4922,15.4922,15.4922,15.4922,15.4922,15.4922,15.4917,15.4922,15.493,15.493,15.4927,15.493,15.4938,15.4938,15.4938,15.4938,15.4938,15.4938,15.4938,15.4938,15.494,15.4932,15.4932,15.4946,15.4949,15.4943,15.4942,15.4942,15.4938,15.4942,15.494,15.494,15.4937,15.4931,15.4926,15.4932,15.493,15.4933,15.4933,15.4929,15.493,15.4933,15.4942,15.4936,15.4931,15.4931,15.4933,15.4933,15.4936,15.4933,15.4944,15.4941,15.4943,
Sat Apr 11 2020 05:02:01 GMT-0400 (Eastern Daylight Time)
15.4945,15.4969,15.4972,15.4972,15.497,15.4973,15.4976,15.4979,15.4993,15.4993,15.5,15.5005,15.5014,15.5001,15.5001,15.4998,15.4998,15.5002,15.5027,15.503,15.503,15.5036,15.5033,15.5026,15.5017,15.5017,15.5013,15.5016,15.5019,15.5013,15.5019,15.5019,15.5019,15.5019,15.5017,15.5004,15.5004,15.5004,15.4995,15.4997,15.4997,15.4994,15.5006,15.5027,15.5027,15.5008,15.5006,15.4998,15.4993,15.4993,15.4993,15.4996,15.5001,15.4998,15.4998,15.5001,15.5004,15.5016,15.5016,15.5017,
Sat Apr 11 2020 05:03:01 GMT-0400 (Eastern Daylight Time)
15.5014,15.5014,15.5021,15.5024,15.5024,15.5024,15.5024,15.5024,15.5027,15.5027,15.5027,15.5024,15.5011,15.5003,15.5003,15.498,15.4984,15.4984,15.498,15.4977,15.4977,15.4975,15.4975,15.4975,15.4972,15.4972,15.4974,15.4974,15.4971,15.4961,15.4964,15.4985,15.4986,15.4992,15.4992,15.499,15.4981,15.4985,15.4985,15.4989,15.4989,15.4989,15.4986,15.4983,15.4968,15.4968,15.4969,15.4969,15.4966,15.4962,15.4962,15.4966,15.4975,15.4984,15.4982,15.4986,15.4983,15.4986,15.4979,15.4979,
Sat Apr 11 2020 05:04:01 GMT-0400 (Eastern Daylight Time)
15.499,15.499,15.4995,15.4995,15.4995,15.4995,15.4995,15.4995,15.5001,15.5004,15.5004,15.5004,15.5007,15.5012,15.5007,15.5005,15.5009,15.5009,15.5009,15.5016,15.5039,15.5039,15.5042,15.5042,15.5044,15.5044,15.5044,15.5047,15.5047,15.5055,15.5048,15.5046,15.5045,15.5045,15.5045,15.5045,15.505,15.505,15.5054,15.5049,15.5058,15.5058,15.5058,15.506,15.5058,15.5058,15.5053,15.5055,15.5055,15.5055,15.5052,15.5038,15.5038,15.5045,15.5037,15.5042,15.504,15.504,15.5041,15.5041,
Sat Apr 11 2020 05:05:01 GMT-0400 (Eastern Daylight Time)
15.5037,15.5037,15.5028,15.5008,15.5031,15.5027,15.5049,15.5049,15.5045,15.5045,15.5048,15.5065,15.5057,15.5057,15.5057,15.5057,15.5065,15.5071,15.5073,15.507,15.5096,15.5087,15.5089,15.5093,15.5093,15.5096,15.5093,15.5093,15.5112,15.5116,15.5116,15.5116,15.5113,15.5117,15.5117,15.512,15.5126,15.5126,15.5108,15.511,15.512,15.512,15.5117,15.5112,15.5112,15.5112,15.5122,15.5122,15.5122,15.5122,15.5125,15.512,15.5129,15.5138,15.5131,15.5136,15.5136,15.5148,15.5151,15.5163,
Sat Apr 11 2020 05:06:01 GMT-0400 (Eastern Daylight Time)
15.5161,15.5155,15.5155,15.5159,15.5159,15.5159,15.5155,15.5155,15.5155,15.5149,15.5149,15.5149,15.5139,15.5139,15.5139,15.5139,15.5148,15.5135,15.5135,15.5137,15.513,15.513,15.513,15.5127,15.5127,15.5122,15.5114,15.5112,15.5101,15.5101,15.5101,15.5103,15.5102,15.5098,15.5096,15.5096,15.5096,15.5098,15.5098,15.5102,15.5103,15.51,15.5103,15.5103,15.5095,15.5089,15.5089,15.5085,15.5089,15.5084,15.5087,15.5084,15.5083,15.5095,15.51,15.5093,15.5093,15.5087,15.5089,15.5085,
Sat Apr 11 2020 05:07:02 GMT-0400 (Eastern Daylight Time)
15.5093,15.5093,15.5086,15.5086,15.5089,15.5089,15.5086,15.5086,15.5083,15.5083,15.5086,15.51,15.5093,15.5096,15.5096,15.5092,15.5092,15.5089,15.5089,15.5094,15.508,15.508,15.5088,15.5088,15.5086,15.5086,15.5086,15.5086,15.5089,15.5089,15.5089,15.5089,15.5071,15.5071,15.5071,15.5071,15.5068,15.5065,15.5071,15.5068,15.508,15.5085,15.5085,15.5085,15.5091,15.5091,15.5087,15.5092,15.5092,15.51,15.5108,15.5108,15.5108,15.5108,15.5102,15.5102,15.5109,15.5109,15.5109,15.5103,
Sat Apr 11 2020 05:08:01 GMT-0400 (Eastern Daylight Time)
15.5103,15.5103,15.5103,15.5103,15.5112,15.5095,15.5097,15.5082,15.5082,15.5082,15.5082,15.5082,15.5082,15.5082,15.5082,15.5082,15.5082,15.5086,15.5063,15.5056,15.5049,15.5049,15.5049,15.5053,15.5052,15.5048,15.5048,15.5046,15.5049,15.5049,15.5051,15.5051,15.5051,15.5048,15.5048,15.504,15.5049,15.5046,15.5046,15.5046,15.5046,15.5044,15.5038,15.5035,15.5032,15.5026,15.5026,15.5006,15.5008,15.5008,15.5016,15.5027,15.5027,15.5027,15.5034,15.5038,15.5042,15.5039,15.5039,15.5041,
Sat Apr 11 2020 05:09:01 GMT-0400 (Eastern Daylight Time)
15.5041,15.504,15.504,15.5042,15.5042,15.5036,15.5036,15.5036,15.5036,15.504,15.5044,15.5044,15.504,15.5027,15.5027,15.5027,15.503,15.5033,15.5033,15.5029,15.5029,15.5033,15.5033,15.5033,15.503,15.5039,15.5035,15.5038,15.5033,15.503,15.5027,15.5027,15.5027,15.5028,15.5013,15.5017,15.5017,15.5014,15.5014,15.5016,15.501,15.5017,15.5017,15.5017,15.5017,15.5015,15.5015,15.5015,15.501,15.5018,15.5018,15.5011,15.5017,15.5023,15.5025,15.5025,15.5031,15.503,15.503,15.503,
Sat Apr 11 2020 05:10:01 GMT-0400 (Eastern Daylight Time)
15.503,15.5021,15.5021,15.5015,15.502,15.5016,15.5007,15.499,15.4998,15.4998,15.4998,15.4998,15.4998,15.4998,15.5002,15.5005,15.5005,15.5005,15.5005,15.5005,15.5015,15.5021,15.5016,15.5019,15.5012,15.501,15.5015,15.5015,15.5017,15.5017,15.5011,15.5011,15.5014,15.5014,15.5014,15.5015,15.5015,15.5017,15.5017,15.5027,15.502,15.5026,15.5022,15.5022,15.5015,15.5012,15.501,15.5002,15.5002,15.5006,15.4998,15.4998,15.5009,15.5014,15.5014,15.5009,15.5009,15.5011,15.5007,15.5005,
Sat Apr 11 2020 05:11:02 GMT-0400 (Eastern Daylight Time)
15.5003,15.5008,15.5017,15.5028,15.5032,15.5032,15.5024,15.5024,15.5019,15.5026,15.5024,15.5024,15.5022,15.5027,15.5027,15.5041,15.5044,15.5041,15.5041,15.5045,15.5049,15.5036,15.5033,15.5033,15.5037,15.5037,15.5042,15.5042,15.5036,15.5036,15.5036,15.5034,15.5034,15.5034,15.5034,15.5028,15.5028,15.5036,15.503,15.503,15.5035,15.5029,15.5029,15.5026,15.5026,15.5024,15.502,15.5022,15.5018,15.501,15.5001,15.5004,15.5009,15.5003,15.5003,15.5008,15.5008,15.5015,15.5009,15.5009,
Sat Apr 11 2020 05:12:01 GMT-0400 (Eastern Daylight Time)
15.5009,15.5009,15.5013,15.5013,15.5015,15.5012,15.5012,15.4989,15.4984,15.499,15.4982,15.4982,15.4979,15.4976,15.4976,15.4958,15.4958,15.4953,15.4962,15.4962,15.4968,15.4968,15.4968,15.4968,15.4962,15.4959,15.4959,15.4956,15.4956,15.4951,15.4954,15.4952,15.4948,15.4919,15.4921,15.4929,15.4933,15.4927,15.493,15.493,15.493,15.4939,15.4927,15.4923,15.4923,15.4914,15.4918,15.4918,15.4918,15.4905,15.4905,15.49,15.4895,15.4889,15.4889,15.4883,15.488,15.4879,15.4875,15.4867,
Sat Apr 11 2020 05:13:01 GMT-0400 (Eastern Daylight Time)
15.4858,15.487,15.487,15.4876,15.4883,15.488,15.488,15.488,15.488,15.488,15.4883,15.4883,15.4887,15.4891,15.4888,15.4886,15.489,15.4886,15.4886,15.4886,15.4886,15.4886,15.4886,15.4883,15.488,15.4882,15.4888,15.4888,15.4883,15.489,15.4887,15.4882,15.4882,15.4885,15.4904,15.4904,15.4908,15.4908,15.4908,15.4905,15.4896,15.4896,15.4891,15.4883,15.4888,15.4893,15.4888,15.489,15.489,15.4893,15.4893,15.4893,15.4893,15.4897,15.4897,15.4894,15.4894,15.4898,15.4872,15.4869,
Sat Apr 11 2020 05:14:01 GMT-0400 (Eastern Daylight Time)
15.4869,15.4869,15.4871,15.4867,15.4867,15.4867,15.4867,15.488,15.4875,15.4875,15.4881,15.4881,15.4881,15.4883,15.488,15.4885,15.4885,15.4885,15.4879,15.4885,15.4878,15.4873,15.4869,15.4866,15.4869,15.4866,15.4866,15.4863,15.4859,15.4859,15.4849,15.4849,15.4849,15.4858,15.4858,15.4864,15.4864,15.4864,15.4866,15.4861,15.4858,15.4858,15.4862,15.4862,15.486,15.486,15.486,15.486,15.4867,15.4867,15.4867,15.4867,15.486,15.4865,15.4868,15.4873,15.4873,15.4873,15.4876,15.4879,
Sat Apr 11 2020 05:15:01 GMT-0400 (Eastern Daylight Time)
15.4883,15.4887,15.4887,15.4891,15.4887,15.4887,15.4891,15.4891,15.4891,15.4887,15.4892,15.4892,15.4892,15.4892,15.4891,15.4891,15.4891,15.4891,15.4891,15.4891,15.4891,15.4887,15.4892,15.4892,15.4887,15.4887,15.4884,15.4876,15.4876,15.4876,15.4873,15.4873,15.4874,15.4874,15.4877,15.4877,15.4877,15.4874,15.4882,15.4882,15.4882,15.4882,15.4882,15.4882,15.4882,15.4882,15.4887,15.4893,15.4891,15.4891,15.4891,15.4891,15.4893,15.4899,15.4902,15.4902,15.4905,15.4905,15.4908,15.491,
Sat Apr 11 2020 05:16:01 GMT-0400 (Eastern Daylight Time)
15.4915,15.4912,15.4912,15.491,15.491,15.491,15.491,15.491,15.491,15.4913,15.491,15.493,15.493,15.4935,15.4938,15.4938,15.494,15.4943,15.4946,15.4949,15.4949,15.494,15.494,15.494,15.4944,15.4942,15.4955,15.4955,15.4955,15.4962,15.4962,15.4962,15.4962,15.4947,15.4924,15.4928,15.4926,15.4923,15.492,15.492,15.4916,15.489,15.489,15.4886,15.4886,15.4886,15.4886,15.4886,15.4876,15.488,15.4887,15.4894,15.4894,15.4894,15.489,15.4885,15.4888,15.4891,15.4889,15.4892,
Sat Apr 11 2020 05:18:01 GMT-0400 (Eastern Daylight Time)
15.4892,15.4934,15.4934,15.4934,15.4934,15.4934,15.4907,15.4907,15.4911,15.4917,15.4928,15.4928,15.4931,15.4931,15.4928,15.4926,15.4924,15.4924,15.4919,15.4901,15.4905,15.4909,15.4905,15.4905,15.4908,15.4908,15.4906,15.4909,15.4905,15.4901,15.4891,15.4876,15.4876,15.4876,15.4871,15.4874,15.4874,15.4873,15.4873,15.4873,15.4873,15.487,15.488,15.4889,15.4887,15.4907,15.4907,15.4907,15.4908,15.4911,15.4918,15.4904,15.4898,15.4916,15.4917,15.4887,15.4891,15.4889,15.4892,15.4894,
Sat Apr 11 2020 05:19:01 GMT-0400 (Eastern Daylight Time)
15.489,15.489,15.4888,15.4888,15.4895,15.4895,15.4908,15.4897,15.4892,15.4894,15.4898,15.4896,15.4892,15.4895,15.4899,15.4899,15.4899,15.4905,15.4891,15.4894,15.4894,15.4894,15.4894,15.4898,15.4898,15.4906,15.4901,15.4907,15.4904,15.4913,15.4904,15.4904,15.489,15.4894,15.4919,15.4925,15.4925,15.4927,15.4924,15.4927,15.4932,15.4932,15.4932,15.4932,15.4932,15.4931,15.4926,15.4912,15.4914,15.4914,15.4914,15.4914,15.4925,15.4929,15.4933,15.493,15.4925,15.4917,15.4914,15.4914,
Sat Apr 11 2020 05:21:02 GMT-0400 (Eastern Daylight Time)
15.4918,15.496,15.4957,15.496,15.496,15.496,15.4964,15.4966,15.4966,15.4971,15.4971,15.4971,15.4963,15.4966,15.4964,15.4964,15.4967,15.4978,15.4973,15.497,15.4975,15.4977,15.4977,15.4977,15.4967,15.4967,15.4981,15.4973,15.497,15.4966,15.4969,15.4967,15.4968,15.4955,15.495,15.4947,15.4941,15.4939,15.4942,15.4947,15.4939,15.4935,15.4917,15.492,15.493,15.493,15.4933,15.4928,15.4923,15.4917,15.4917,15.4917,15.4914,15.4908,15.4908,15.4922,15.4922,15.4922,15.4919,15.4919,
Sat Apr 11 2020 05:22:01 GMT-0400 (Eastern Daylight Time)
15.4924,15.4924,15.4925,15.4922,15.4922,15.4918,15.4915,15.4909,15.4909,15.4909,15.4909,15.4914,15.4914,15.4914,15.4926,15.4926,15.4923,15.4933,15.493,15.493,15.493,15.493,15.4933,15.4954,15.4954,15.4951,15.4951,15.4953,15.4959,15.4963,15.4963,15.4969,15.4969,15.4969,15.4969,15.4995,15.4991,15.4991,15.4991,15.4991,15.4991,15.4991,15.4991,15.4993,15.4996,15.4996,15.5001,15.5001,15.4993,15.4988,15.4991,15.4994,15.4994,15.4996,15.4996,15.4996,15.4996,15.4992,15.4992,15.4988,
Sat Apr 11 2020 05:23:01 GMT-0400 (Eastern Daylight Time)
15.4981,15.4981,15.4981,15.499,15.5012,15.5021,15.5021,15.5008,15.5002,15.5006,15.5006,15.5002,15.5002,15.4999,15.4999,15.501,15.5003,15.5019,15.5019,15.5019,15.5019,15.5019,15.503,15.5027,15.5027,15.5021,15.5021,15.5021,15.5021,15.5021,15.5024,15.5025,15.5025,15.5006,15.5009,15.5021,15.5024,15.5021,15.5021,15.5022,15.5025,15.5022,15.5022,15.5017,15.5003,15.5003,15.4999,15.4999,15.5002,15.5002,15.5005,15.5003,15.5003,15.5003,15.5003,15.4999,15.4999,15.4991,15.4991,15.4991,
Sat Apr 11 2020 05:24:01 GMT-0400 (Eastern Daylight Time)
15.4991,15.4984,15.4981,15.4964,15.4964,15.4961,15.4966,15.4964,15.496,15.4974,15.4974,15.4979,15.4976,15.4976,15.4976,15.4976,15.4976,15.4976,15.4976,15.4966,15.4966,15.4966,15.4959,15.4954,15.4954,15.4954,15.4954,15.4954,15.4954,15.4954,15.4957,15.4954,15.4954,15.4965,15.4968,15.4974,15.4974,15.4976,15.4976,15.4979,15.4979,15.4975,15.4971,15.4971,15.4944,15.4944,15.4944,15.4934,15.494,15.4943,15.4945,15.4942,15.4942,15.4936,15.494,15.4945,15.4945,15.4941,15.4941,15.4946,
Sat Apr 11 2020 05:25:02 GMT-0400 (Eastern Daylight Time)
15.4953,15.4953,15.4953,15.4953,15.4946,15.4949,15.4951,15.4958,15.4958,15.4955,15.4961,15.4964,15.4964,15.4964,15.4964,15.4969,15.4965,15.4965,15.4965,15.497,15.4966,15.4963,15.4967,15.4967,15.4967,15.4967,15.4975,15.4975,15.4973,15.4973,15.4973,15.4973,15.4971,15.4971,15.4976,15.4976,15.4972,15.4972,15.497,15.496,15.4965,15.4965,15.4963,15.4963,15.496,15.4972,15.4975,15.4975,15.4977,15.4977,15.4973,15.4973,15.4976,15.4983,15.4983,15.4994,15.4994,15.5003,15.5006,15.5004,
Sat Apr 11 2020 05:26:01 GMT-0400 (Eastern Daylight Time)
15.5004,15.5004,15.5004,15.5007,15.5007,15.5007,15.5004,15.5004,15.5004,15.5007,15.5007,15.5014,15.5014,15.5016,15.5026,15.5018,15.5013,15.5016,15.5038,15.5038,15.5041,15.5041,15.5048,15.5048,15.5056,15.5054,15.5054,15.5051,15.5047,15.5047,15.5052,15.5055,15.5047,15.5047,15.505,15.505,15.5053,15.5053,15.5053,15.5056,15.5059,15.5053,15.5051,15.5051,15.5043,15.505,15.505,15.505,15.505,15.5053,15.5047,15.5048,15.5051,15.5054,15.5051,15.5047,15.5049,15.5047,15.505,15.505,
Sat Apr 11 2020 05:27:02 GMT-0400 (Eastern Daylight Time)
15.5051,15.5053,15.505,15.505,15.5047,15.5044,15.5045,15.5045,15.5037,15.504,15.5037,15.5037,15.5042,15.5059,15.5059,15.5056,15.5054,15.5047,15.5047,15.5042,15.502,15.5023,15.5027,15.503,15.5034,15.5034,15.503,15.5023,15.5025,15.5025,15.5027,15.5027,15.5033,15.5033,15.5033,15.5029,15.5033,15.5028,15.5028,15.5018,15.5018,15.5015,15.5021,15.5012,15.5009,15.5012,15.5012,15.5005,15.4999,15.5001,15.4993,15.4993,15.4987,15.4989,15.4991,15.4982,15.4979,15.4982,15.4985,15.4981,
Sat Apr 11 2020 05:28:01 GMT-0400 (Eastern Daylight Time)
15.4981,15.4985,15.4991,15.5002,15.4999,15.4998,15.4998,15.5001,15.5004,15.5001,15.4998,15.5001,15.5002,15.5002,15.5002,15.4998,15.5,15.5,15.5,15.5003,15.5006,15.5,15.5,15.5003,15.5002,15.5002,15.5,15.5002,15.5002,15.499,15.499,15.499,15.497,15.4978,15.4964,15.4966,15.4964,15.4959,15.4952,15.4959,15.4952,15.4952,15.4947,15.4949,15.4956,15.4959,15.4959,15.4963,15.496,15.496,15.496,15.496,15.4965,15.4965,15.496,15.4964,15.4961,15.4965,15.4965,15.4964,
Sat Apr 11 2020 05:29:01 GMT-0400 (Eastern Daylight Time)
15.4965,15.4955,15.4955,15.4955,15.4955,15.496,15.4963,15.4972,15.4965,15.4968,15.4969,15.4974,15.4963,15.4958,15.4958,15.4962,15.4959,15.4955,15.4955,15.4959,15.4951,15.4946,15.4946,15.4951,15.4949,15.495,15.4947,15.4942,15.4939,15.4946,15.4963,15.4963,15.4976,15.4976,15.4983,15.4972,15.4982,15.4975,15.4973,15.4973,15.498,15.498,15.498,15.4983,15.4976,15.4976,15.4967,15.4971,15.4955,15.4944,15.4936,15.4939,15.4938,15.4935,15.4937,15.494,15.4942,15.4942,15.4942,15.495,
Sat Apr 11 2020 05:30:01 GMT-0400 (Eastern Daylight Time)
15.4952,15.4952,15.4952,15.4954,15.4944,15.4946,15.4946,15.4941,15.4937,15.4937,15.493,15.493,15.493,15.4932,15.4926,15.4919,15.4921,15.4925,15.492,15.4923,15.4924,15.4924,15.4919,15.4927,15.4942,15.4937,15.4937,15.4941,15.4941,15.4941,15.4935,15.4939,15.4932,15.4929,15.4929,15.4929,15.4929,15.4929,15.4923,15.4925,15.4929,15.4929,15.4929,15.4936,15.4941,15.4944,15.4947,15.495,15.4956,15.4961,15.4961,15.4968,15.4972,15.4972,15.4978,15.4978,15.4978,15.4978,15.4978,15.4957,
Sat Apr 11 2020 05:31:01 GMT-0400 (Eastern Daylight Time)
15.4961,15.4961,15.4959,15.4959,15.4959,15.4959,15.4955,15.4955,15.4955,15.4953,15.4953,15.4953,15.4951,15.4951,15.4947,15.4949,15.4952,15.4952,15.4947,15.4957,15.4949,15.4953,15.4961,15.4969,15.4972,15.4976,15.4961,15.4966,15.4966,15.4961,15.4954,15.4957,15.4957,15.4957,15.4961,15.4961,15.4971,15.4971,15.4968,15.4968,15.497,15.4973,15.4973,15.4973,15.4974,15.4974,15.4974,15.497,15.4973,15.4979,15.4979,15.4983,15.4983,15.4986,15.4983,15.4985,15.499,15.4979,15.4976,15.4976,
Sat Apr 11 2020 05:32:02 GMT-0400 (Eastern Daylight Time)
15.4972,15.4972,15.4972,15.4972,15.4979,15.4975,15.4973,15.4983,15.4983,15.498,15.498,15.4984,15.4981,15.4977,15.497,15.497,15.4957,15.4957,15.4954,15.4954,15.4954,15.4954,15.4942,15.4945,15.4945,15.4945,15.4945,15.4945,15.4939,15.4939,15.4941,15.4941,15.494,15.4937,15.4937,15.4937,15.4937,15.4937,15.4937,15.4937,15.494,15.494,15.4927,15.4927,15.4924,15.4921,15.4921,15.4921,15.4913,15.4913,15.4913,15.4915,15.4915,15.4915,15.4911,15.4914,15.4921,15.4916,15.4911,15.4902,
Sat Apr 11 2020 05:33:01 GMT-0400 (Eastern Daylight Time)
15.4897,15.4894,15.489,15.4897,15.4897,15.4897,15.4894,15.4894,15.489,15.4887,15.4901,15.4901,15.4898,15.4898,15.4895,15.4895,15.4892,15.4888,15.4888,15.4881,15.4879,15.4877,15.4868,15.4866,15.4869,15.487,15.4867,15.4866,15.4862,15.4865,15.4868,15.4872,15.4869,15.4873,15.487,15.4875,15.4875,15.4876,15.4876,15.4876,15.4874,15.4874,15.488,15.4883,15.4883,15.4892,15.4896,15.4891,15.4891,15.4888,15.4883,15.4877,15.4877,15.4874,15.4867,15.4867,15.4867,15.4869,15.4871,15.4867,
Sat Apr 11 2020 05:34:01 GMT-0400 (Eastern Daylight Time)
15.4867,15.4863,15.4863,15.4863,15.4871,15.4871,15.4871,15.4871,15.4871,15.4868,15.4877,15.4877,15.488,15.488,15.4884,15.4891,15.4882,15.4884,15.4887,15.489,15.4893,15.4888,15.4886,15.4883,15.4887,15.488,15.4883,15.4882,15.4882,15.487,15.4862,15.486,15.4855,15.4858,15.4856,15.4856,15.4856,15.4859,15.4866,15.4866,15.4838,15.4838,15.4838,15.4838,15.4838,15.4832,15.4832,15.484,15.4831,15.4828,15.4828,15.4833,15.4825,15.4818,15.4819,15.4819,15.4811,15.48,15.4785,15.4783,
Sat Apr 11 2020 05:35:01 GMT-0400 (Eastern Daylight Time)
15.4779,15.4772,15.4772,15.4769,15.4769,15.4769,15.4769,15.4767,15.4773,15.477,15.477,15.4767,15.4767,15.4756,15.4765,15.4765,15.4765,15.4762,15.4762,15.4762,15.4764,15.4771,15.4768,15.4768,15.4759,15.4771,15.4771,15.4766,15.4771,15.4762,15.4762,15.4762,15.4755,15.4757,15.4759,15.4759,15.4763,15.476,15.4757,15.4771,15.4771,15.4778,15.4778,15.4778,15.4778,15.4784,15.4784,15.4784,15.4784,15.478,15.4789,15.4796,15.4796,15.4801,15.4801,15.48,15.4804,15.4804,15.4806,15.4806,
Sat Apr 11 2020 05:36:01 GMT-0400 (Eastern Daylight Time)
15.4806,15.4806,15.4806,15.4806,15.4806,15.4806,15.4806,15.4806,15.4806,15.4807,15.4807,15.4807,15.4807,15.481,15.4804,15.4804,15.4798,15.4803,15.4803,15.4797,15.4797,15.4793,15.4793,15.4793,15.4793,15.4798,15.4798,15.4802,15.4795,15.4795,15.4795,15.4799,15.4796,15.4775,15.4775,15.4778,15.4778,15.4788,15.4785,15.4783,15.4783,15.4802,15.4802,15.4799,15.4799,15.4805,15.4805,15.4805,15.4805,15.4813,15.4813,15.4813,15.4813,15.4813,15.4814,15.4814,15.4814,15.4809,15.4809,15.4816,
Sat Apr 11 2020 05:37:01 GMT-0400 (Eastern Daylight Time)
15.4816,15.4816,15.4815,15.4815,15.4815,15.4815,15.4809,15.4795,15.4795,15.4795,15.4795,15.479,15.479,15.479,15.4782,15.4762,15.4767,15.4771,15.4769,15.4769,15.4773,15.4779,15.4779,15.4776,15.4773,15.477,15.477,15.4775,15.4777,15.4774,15.477,15.4774,15.4774,15.4774,15.4777,15.4779,15.4777,15.4774,15.4784,15.4784,15.4788,15.4788,15.4793,15.4797,15.48,15.4804,15.4807,15.481,15.4803,15.4803,15.4812,15.4812,15.4812,15.4812,15.4815,15.483,15.4833,15.4836,15.4836,15.4831,
Sat Apr 11 2020 05:38:01 GMT-0400 (Eastern Daylight Time)
15.4839,15.4844,15.4841,15.4841,15.4841,15.4841,15.4841,15.4845,15.4847,15.4853,15.4853,15.4849,15.4853,15.4856,15.4856,15.4856,15.4844,15.4848,15.4844,15.484,15.484,15.485,15.485,15.4853,15.4855,15.485,15.4847,15.4847,15.4847,15.485,15.485,15.4853,15.4857,15.4857,15.4867,15.4864,15.4871,15.4874,15.4874,15.4874,15.4871,15.4871,15.4868,15.4868,15.4859,15.4856,15.4858,15.4858,15.4867,15.4861,15.4858,15.4858,15.4861,15.4865,15.4865,15.487,15.4873,15.4882,15.4882,15.4882,
Sat Apr 11 2020 05:39:01 GMT-0400 (Eastern Daylight Time)
15.4877,15.4895,15.4895,15.4895,15.4897,15.4894,15.4894,15.4894,15.4898,15.4909,15.4912,15.4912,15.4912,15.4912,15.491,15.4913,15.4913,15.4913,15.4913,15.4911,15.4911,15.4915,15.4912,15.4912,15.4912,15.4912,15.4912,15.4912,15.4912,15.4912,15.4914,15.4907,15.4907,15.4899,15.4902,15.4902,15.4905,15.4909,15.4924,15.4928,15.4931,15.4934,15.4928,15.4924,15.4924,15.4921,15.4921,15.4921,15.4924,15.4922,15.4904,15.4904,15.4898,15.4902,15.49,15.49,15.49,15.49,15.49,15.49,
Sat Apr 11 2020 05:40:01 GMT-0400 (Eastern Daylight Time)
15.4906,15.4906,15.4906,15.4906,15.4904,15.4897,15.4897,15.4902,15.4892,15.4898,15.4894,15.4894,15.4894,15.4885,15.4885,15.488,15.4884,15.4884,15.4886,15.4886,15.4886,15.4895,15.4898,15.4898,15.4898,15.4895,15.4898,15.4898,15.4909,15.4907,15.4909,15.4909,15.4902,15.4902,15.4902,15.4872,15.4869,15.4869,15.488,15.488,15.488,15.4878,15.4886,15.4886,15.4882,15.4882,15.4878,15.4878,15.4878,15.4878,15.4891,15.4888,15.4888,15.4884,15.4885,15.4889,15.4889,15.4889,15.4887,15.4887,
Sat Apr 11 2020 05:41:02 GMT-0400 (Eastern Daylight Time)
15.4885,15.4881,15.4878,15.4874,15.4868,15.4868,15.4868,15.4871,15.4871,15.4871,15.4869,15.4876,15.4862,15.4865,15.4865,15.4865,15.4868,15.4868,15.486,15.486,15.4864,15.4857,15.4849,15.4845,15.4856,15.4856,15.4862,15.4864,15.4858,15.4858,15.4858,15.4862,15.4876,15.4879,15.4877,15.4877,15.4881,15.4881,15.4881,15.4881,15.4881,15.4881,15.4884,15.4891,15.4891,15.4891,15.4889,15.4889,15.4889,15.4889,15.4882,15.4882,15.4882,15.4882,15.4882,15.4878,15.4878,15.4878,15.4878,15.4872,
Sat Apr 11 2020 05:42:01 GMT-0400 (Eastern Daylight Time)
15.487,15.487,15.4863,15.4863,15.4865,15.4865,15.4865,15.4857,15.4862,15.4858,15.4855,15.4868,15.4868,15.4871,15.4861,15.4861,15.4861,15.4866,15.4877,15.4877,15.488,15.488,15.488,15.4894,15.4894,15.4894,15.4895,15.4895,15.4877,15.4877,15.487,15.4875,15.4878,15.4878,15.4885,15.4882,15.4876,15.488,15.4864,15.4854,15.4854,15.4854,15.4849,15.4844,15.4844,15.4847,15.4846,15.485,15.485,15.485,15.4848,15.4848,15.4842,15.4842,15.4842,15.4837,15.4837,15.4837,15.483,15.4833,
Sat Apr 11 2020 05:43:01 GMT-0400 (Eastern Daylight Time)
15.4835,15.4835,15.4841,15.4843,15.4843,15.4843,15.4847,15.4847,15.4847,15.4843,15.4845,15.4845,15.4847,15.4847,15.4841,15.4843,15.4843,15.4843,15.4846,15.4842,15.4839,15.4839,15.4842,15.4862,15.4862,15.4862,15.4859,15.4859,15.4865,15.4869,15.4872,15.4875,15.4875,15.4875,15.4879,15.4875,15.4875,15.4879,15.4876,15.4877,15.4885,15.4881,15.4879,15.4876,15.4873,15.4873,15.487,15.4867,15.4865,15.4865,15.4854,15.4854,15.4854,15.4854,15.4859,15.4865,15.4865,15.4869,15.4864,15.4864,
Sat Apr 11 2020 05:44:02 GMT-0400 (Eastern Daylight Time)
15.4861,15.4866,15.4863,15.4869,15.4869,15.4869,15.4872,15.4875,15.4881,15.4881,15.4889,15.4889,15.4861,15.4861,15.4858,15.4858,15.4853,15.4856,15.4847,15.4847,15.4847,15.485,15.485,15.485,15.485,15.4847,15.4852,15.4854,15.4854,15.4854,15.485,15.4853,15.4853,15.4853,15.4848,15.4842,15.4832,15.4832,15.4829,15.4827,15.4833,15.4839,15.4839,15.4843,15.4849,15.4853,15.4852,15.4852,15.4852,15.4852,15.4851,15.4851,15.4854,15.4851,15.4854,15.4854,15.4854,15.4858,15.4861,15.4869,
Sat Apr 11 2020 05:45:01 GMT-0400 (Eastern Daylight Time)
15.4875,15.4875,15.4884,15.4871,15.4875,15.4879,15.4879,15.4879,15.4879,15.4879,15.487,15.487,15.486,15.486,15.4854,15.4858,15.4858,15.4867,15.4867,15.4877,15.4877,15.4881,15.4876,15.488,15.4883,15.4878,15.4878,15.4878,15.4883,15.4888,15.4895,15.4892,15.4886,15.4886,15.489,15.489,15.4893,15.4893,15.4889,15.4889,15.4894,15.4892,15.4884,15.4887,15.4887,15.4887,15.4885,15.4885,15.4889,15.4889,15.4896,15.4898,15.4898,15.4908,15.4913,15.4913,15.4901,15.4901,15.4899,15.4899,
Sat Apr 11 2020 05:46:01 GMT-0400 (Eastern Daylight Time)
15.4899,15.4897,15.49,15.49,15.4905,15.4903,15.4903,15.4906,15.4917,15.492,15.492,15.492,15.4908,15.4908,15.4906,15.4906,15.4901,15.4901,15.4896,15.4898,15.4898,15.4898,15.4898,15.4898,15.4893,15.4896,15.4896,15.4896,15.4896,15.4896,15.4893,15.4893,15.4896,15.4896,15.4892,15.4882,15.4886,15.4886,15.4889,15.4889,15.4889,15.4882,15.4882,15.4902,15.4902,15.4898,15.4898,15.4892,15.4882,15.4882,15.4874,15.4876,15.4876,15.4876,15.4883,15.4883,15.4883,15.4885,15.4882,15.4879,
Sat Apr 11 2020 05:47:01 GMT-0400 (Eastern Daylight Time)
15.4876,15.4876,15.4876,15.4876,15.4876,15.4876,15.4849,15.4849,15.4853,15.4853,15.4857,15.4862,15.4862,15.4862,15.4868,15.4873,15.4873,15.4868,15.4873,15.4869,15.4866,15.4866,15.4866,15.4874,15.4877,15.4862,15.4862,15.4864,15.4864,15.4858,15.4862,15.4868,15.4868,15.4868,15.4868,15.4869,15.4869,15.4869,15.4863,15.4868,15.4868,15.4862,15.4862,15.4891,15.4891,15.4887,15.4882,15.4863,15.486,15.4863,15.4862,15.4862,15.4868,15.4861,15.4867,15.4875,15.488,15.4873,15.4873,15.4861,
Sat Apr 11 2020 05:49:01 GMT-0400 (Eastern Daylight Time)
15.4861,15.4855,15.4781,15.4783,15.4783,15.4783,15.4783,15.4783,15.4787,15.4787,15.4787,15.4802,15.4799,15.4802,15.4802,15.4807,15.4803,15.4806,15.4806,15.4801,15.4796,15.4803,15.48,15.48,15.48,15.479,15.479,15.4776,15.4779,15.4779,15.4773,15.4773,15.477,15.4774,15.4774,15.4777,15.477,15.4773,15.4773,15.4776,15.4773,15.4763,15.476,15.4758,15.4741,15.4741,15.4746,15.4752,15.4754,15.4754,15.4758,15.4755,15.4755,15.4751,15.4753,15.4762,15.4762,15.4762,15.4777,15.478,
Sat Apr 11 2020 05:50:01 GMT-0400 (Eastern Daylight Time)
15.4784,15.4784,15.4781,15.4781,15.4778,15.4782,15.4786,15.4789,15.4789,15.4795,15.4792,15.4786,15.4786,15.4786,15.4788,15.4782,15.4776,15.4774,15.4777,15.4771,15.4774,15.4747,15.475,15.475,15.475,15.475,15.475,15.4752,15.4745,15.4745,15.4745,15.4748,15.4748,15.4753,15.4758,15.4761,15.4757,15.476,15.4763,15.4754,15.4751,15.4747,15.4747,15.4745,15.4745,15.4743,15.4743,15.4743,15.4749,15.4734,15.4734,15.4737,15.4737,15.4739,15.4739,15.4739,15.4736,15.4757,15.4761,15.4759,
Sat Apr 11 2020 05:51:02 GMT-0400 (Eastern Daylight Time)
15.4759,15.4759,15.4759,15.4768,15.4768,15.4768,15.4768,15.4775,15.4795,15.4795,15.4795,15.4795,15.4795,15.4795,15.4795,15.4792,15.4792,15.4795,15.4795,15.4802,15.4802,15.4799,15.4819,15.4836,15.4839,15.4835,15.4833,15.4817,15.4817,15.4813,15.4813,15.4814,15.4814,15.4817,15.4817,15.4818,15.4826,15.4826,15.4833,15.4833,15.4827,15.4827,15.4826,15.4826,15.4819,15.4819,15.4816,15.4819,15.4819,15.4813,15.4806,15.4805,15.4805,15.4788,15.4786,15.4786,15.4786,15.4786,15.4789,15.4789,
Sat Apr 11 2020 05:52:01 GMT-0400 (Eastern Daylight Time)
15.4792,15.4792,15.4796,15.4799,15.4802,15.4799,15.4799,15.4799,15.4799,15.4803,15.4803,15.4799,15.4802,15.4802,15.4802,15.4802,15.4802,15.4803,15.4803,15.481,15.481,15.481,15.4814,15.4814,15.481,15.481,15.481,15.4802,15.481,15.481,15.481,15.481,15.481,15.4816,15.4812,15.4821,15.4815,15.4821,15.4817,15.4823,15.4805,15.4808,15.481,15.4799,15.4799,15.4799,15.4796,15.4809,15.4812,15.4817,15.4817,15.482,15.482,15.4823,15.4819,15.4813,15.4813,15.4821,15.4819,15.4825,
Sat Apr 11 2020 05:53:02 GMT-0400 (Eastern Daylight Time)
15.483,15.4827,15.4827,15.4822,15.4828,15.4828,15.4833,15.4833,15.4826,15.4826,15.4826,15.4822,15.482,15.4817,15.4817,15.4817,15.4814,15.4817,15.4817,15.4815,15.4812,15.4805,15.4805,15.4805,15.4807,15.4807,15.4812,15.4818,15.4814,15.4814,15.4814,15.4809,15.4823,15.4819,15.4816,15.4816,15.4829,15.4823,15.4843,15.4843,15.4846,15.4846,15.4843,15.4843,15.4847,15.4847,15.4863,15.4866,15.486,15.486,15.486,15.486,15.4862,15.4864,15.4857,15.4866,15.4881,15.4881,15.4875,15.4879,
Sat Apr 11 2020 05:54:01 GMT-0400 (Eastern Daylight Time)
15.4879,15.4877,15.488,15.488,15.4876,15.4884,15.4884,15.4884,15.4906,15.4906,15.4906,15.491,15.4931,15.4924,15.4932,15.4932,15.4932,15.4932,15.4932,15.4936,15.4936,15.4936,15.4934,15.4934,15.4931,15.4928,15.493,15.4939,15.4941,15.4941,15.4947,15.4961,15.4961,15.4961,15.4963,15.4966,15.497,15.497,15.4964,15.4964,15.4964,15.4964,15.4964,15.4964,15.4969,15.4974,15.4971,15.4985,15.4982,15.4978,15.498,15.4977,15.4978,15.4975,15.4975,15.4975,15.4977,15.498,15.4983,15.4979,
Sat Apr 11 2020 05:55:02 GMT-0400 (Eastern Daylight Time)
15.4976,15.4972,15.4976,15.4976,15.4976,15.4976,15.4976,15.498,15.4986,15.4975,15.497,15.4962,15.4973,15.4978,15.4982,15.4982,15.4977,15.4977,15.4973,15.4973,15.4969,15.4967,15.4967,15.4961,15.4961,15.4959,15.4959,15.4959,15.4953,15.4953,15.4955,15.4955,15.4955,15.4955,15.4955,15.4955,15.4955,15.4951,15.4958,15.4958,15.4955,15.4955,15.4955,15.495,15.4948,15.4948,15.4948,15.4944,15.4955,15.4958,15.4957,15.4954,15.4957,15.4957,15.4957,15.4957,15.4961,15.4965,15.4965,15.4965,
Sat Apr 11 2020 05:56:02 GMT-0400 (Eastern Daylight Time)
15.4963,15.4965,15.4969,15.4969,15.4955,15.4955,15.4955,15.4953,15.4953,15.4947,15.495,15.495,15.4958,15.4965,15.4957,15.4954,15.495,15.495,15.4941,15.4941,15.4941,15.4928,15.4928,15.4928,15.4932,15.4929,15.4926,15.4943,15.4942,15.4939,15.4939,15.4942,15.4944,15.495,15.495,15.495,15.4957,15.4963,15.4963,15.4971,15.4979,15.4987,15.4987,15.4984,15.4984,15.4977,15.4977,15.4977,15.4974,15.4974,15.4974,15.4974,15.4972,15.4972,15.497,15.497,15.4964,15.4967,15.4964,15.4962,
Sat Apr 11 2020 05:57:01 GMT-0400 (Eastern Daylight Time)
15.4951,15.4951,15.4942,15.4942,15.4939,15.4939,15.4915,15.4915,15.4919,15.4915,15.4919,15.4924,15.4931,15.4936,15.4936,15.4936,15.493,15.4933,15.4952,15.4954,15.4937,15.4937,15.4937,15.4932,15.4939,15.4933,15.4933,15.4937,15.4931,15.4931,15.4931,15.4931,15.4931,15.4929,15.4929,15.4936,15.4936,15.4936,15.4936,15.4925,15.4925,15.4925,15.4927,15.4924,15.4924,15.4922,15.4918,15.492,15.4927,15.4941,15.4936,15.4936,15.494,15.4955,15.4958,15.496,15.496,15.4967,15.4967,15.4967,
Sat Apr 11 2020 05:58:01 GMT-0400 (Eastern Daylight Time)
15.4977,15.4984,15.4984,15.4991,15.4994,15.5,15.5,15.5,15.4998,15.5,15.5,15.5,15.5033,15.5033,15.503,15.503,15.5036,15.5036,15.5016,15.503,15.5033,15.5028,15.5031,15.5033,15.5033,15.503,15.5026,15.5019,15.5023,15.5018,15.5015,15.5015,15.5013,15.5014,15.5017,15.5015,15.5021,15.5018,15.5007,15.5001,15.5001,15.5005,15.5005,15.4994,15.4994,15.4989,15.4987,15.4983,15.4981,15.4969,15.4972,15.4969,15.4972,15.4969,15.4969,15.4969,15.4971,15.4971,15.4967,15.4967,
Sat Apr 11 2020 05:59:01 GMT-0400 (Eastern Daylight Time)
15.4961,15.4961,15.4961,15.4961,15.4982,15.4982,15.4979,15.4984,15.4976,15.4976,15.498,15.498,15.4989,15.4989,15.4989,15.4996,15.4992,15.4995,15.4998,15.4998,15.4995,15.4995,15.4998,15.4998,15.4998,15.4998,15.5008,15.5008,15.5003,15.5005,15.5007,15.5007,15.5007,15.5004,15.5004,15.5006,15.5009,15.5009,15.5004,15.5004,15.4996,15.4996,15.4996,15.4996,15.4996,15.4998,15.5,15.5,15.5,15.5002,15.5002,15.4999,15.499,15.4991,15.4989,15.4989,15.4989,15.4992,15.4995,15.4995,
Sat Apr 11 2020 06:00:02 GMT-0400 (Eastern Daylight Time)
15.4999,15.5002,15.5008,15.5005,15.5008,15.5009,15.5002,15.5023,15.5023,15.5023,15.5006,15.5006,15.5009,15.5011,15.5015,15.5015,15.5015,15.5015,15.5015,15.5015,15.5015,15.5022,15.5015,15.5015,15.5015,15.5028,15.5028,15.5028,15.5028,15.5028,15.5032,15.5031,15.5031,15.5035,15.5028,15.5028,15.5028,15.5022,15.5022,15.5022,15.5025,15.5017,15.5017,15.5012,15.5012,15.5002,15.4996,15.4996,15.4996,15.4996,15.4996,15.5,15.5,15.5,15.5,15.5,15.5005,15.5005,15.5001,15.5001,
Sat Apr 11 2020 06:01:02 GMT-0400 (Eastern Daylight Time)
15.5006,15.5006,15.5003,15.5003,15.5003,15.5004,15.5004,15.5004,15.5004,15.4996,15.4998,15.4998,15.4995,15.4987,15.4987,15.4985,15.499,15.499,15.5003,15.4989,15.4989,15.4996,15.4996,15.4996,15.4996,15.4993,15.4993,15.4991,15.4991,15.4984,15.498,15.4976,15.4986,15.4987,15.4988,15.4988,15.4993,15.4993,15.4981,15.4981,15.4981,15.4983,15.5008,15.5008,15.5002,15.5002,15.5002,15.5004,15.5011,15.5011,15.5011,15.5011,15.4994,15.4992,15.4996,15.499,15.499,15.4994,15.4971,15.4974,
Sat Apr 11 2020 06:02:01 GMT-0400 (Eastern Daylight Time)
15.4964,15.4958,15.4965,15.4965,15.4965,15.4972,15.4976,15.498,15.498,15.4977,15.4974,15.4974,15.4965,15.4971,15.4969,15.4976,15.4976,15.4976,15.4967,15.497,15.497,15.4975,15.4984,15.4978,15.4982,15.4987,15.4987,15.4987,15.4988,15.4992,15.4998,15.4998,15.4998,15.5001,15.5001,15.4986,15.4986,15.4993,15.4993,15.499,15.4995,15.4998,15.4998,15.4998,15.4996,15.4993,15.499,15.499,15.5001,15.4993,15.4997,15.4997,15.4995,15.502,15.5017,15.5008,15.5008,15.5008,15.5,15.5007,
Sat Apr 11 2020 06:03:01 GMT-0400 (Eastern Daylight Time)
15.4991,15.4967,15.497,15.4983,15.4986,15.4995,15.4992,15.4982,15.4988,15.4986,15.4993,15.4996,15.4996,15.4986,15.499,15.499,15.4994,15.4995,15.4995,15.4993,15.4989,15.4965,15.4965,15.4968,15.4956,15.4971,15.4974,15.4974,15.4972,15.4974,15.4977,15.497,15.497,15.497,15.4976,15.4971,15.4971,15.4968,15.4973,15.4973,15.4973,15.4979,15.4984,15.4978,15.4978,15.4982,15.4982,15.4973,15.499,15.4997,15.5003,15.5003,15.4999,15.5002,15.5001,15.5003,15.5006,15.5,15.5002,15.5002,
Sat Apr 11 2020 06:04:01 GMT-0400 (Eastern Daylight Time)
15.5013,15.501,15.5016,15.5012,15.5007,15.5007,15.501,15.5007,15.4999,15.5004,15.4997,15.4997,15.4993,15.4993,15.4984,15.4989,15.4984,15.4982,15.4985,15.4993,15.4998,15.5004,15.5001,15.5001,15.5001,15.4999,15.5009,15.5003,15.5003,15.5005,15.5005,15.5,15.5006,15.5003,15.5005,15.5001,15.4998,15.5008,15.5011,15.5008,15.4986,15.4974,15.4974,15.4977,15.4981,15.4981,15.4985,15.4985,15.4984,15.4984,15.4977,15.4977,15.4984,15.5012,15.501,15.501,15.5007,15.5012,15.5012,15.5008,
Sat Apr 11 2020 06:05:01 GMT-0400 (Eastern Daylight Time)
15.5008,15.5011,15.5015,15.5015,15.5012,15.5014,15.5014,15.5014,15.5014,15.5009,15.5013,15.5011,15.5011,15.5013,15.5017,15.5015,15.5018,15.5018,15.5023,15.5023,15.5029,15.5023,15.5021,15.5021,15.5024,15.5024,15.5026,15.5026,15.5032,15.5032,15.5027,15.5027,15.5022,15.5022,15.5022,15.5022,15.5014,15.5014,15.5019,15.5015,15.5024,15.5024,15.5021,15.5023,15.5023,15.5028,15.5028,15.5026,15.5024,15.5022,15.5017,15.501,15.5018,15.5027,15.5027,15.5024,15.5021,15.5016,15.5016,15.5021,
Sat Apr 11 2020 06:06:01 GMT-0400 (Eastern Daylight Time)
15.5024,15.5027,15.5024,15.5027,15.5035,15.504,15.5024,15.5024,15.5007,15.5013,15.5013,15.5013,15.5011,15.5014,15.5014,15.5012,15.5009,15.5009,15.5011,15.5008,15.5005,15.5005,15.501,15.501,15.5005,15.4992,15.4996,15.4996,15.4996,15.4993,15.4997,15.5001,15.4998,15.5,15.5011,15.5013,15.5013,15.5013,15.5007,15.5004,15.5001,15.5001,15.4995,15.4991,15.4987,15.4987,15.4987,15.4984,15.4986,15.4986,15.4986,15.4989,15.4989,15.4998,15.5004,15.5004,15.5004,15.4997,15.4997,15.5002,
Sat Apr 11 2020 06:07:02 GMT-0400 (Eastern Daylight Time)
15.5002,15.4997,15.4993,15.4989,15.4992,15.4992,15.4998,15.5001,15.4993,15.4989,15.4989,15.4989,15.4989,15.4993,15.4991,15.4991,15.4991,15.4991,15.4993,15.4991,15.4998,15.5001,15.5003,15.5022,15.5016,15.5006,15.5003,15.4999,15.5001,15.5001,15.502,15.502,15.5025,15.5025,15.5033,15.5039,15.5042,15.5041,15.5039,15.5037,15.5037,15.5037,15.5037,15.5032,15.5032,15.5029,15.5032,15.5035,15.5033,15.5031,15.5034,15.5027,15.5027,15.5027,15.5027,15.5027,15.502,15.5012,15.5012,15.5012,
Sat Apr 11 2020 06:08:01 GMT-0400 (Eastern Daylight Time)
15.5012,15.5012,15.5009,15.5005,15.5005,15.5003,15.5003,15.5003,15.5003,15.5014,15.5018,15.5018,15.5013,15.5013,15.5016,15.5019,15.501,15.5014,15.5026,15.5026,15.5026,15.5023,15.502,15.5027,15.5027,15.5027,15.5023,15.5025,15.5018,15.5021,15.5027,15.5024,15.5024,15.5028,15.5031,15.5031,15.5025,15.5015,15.5008,15.5008,15.5006,15.5006,15.5005,15.5005,15.5005,15.5,15.4996,15.4996,15.4996,15.4996,15.5,15.5005,15.5008,15.5004,15.5004,15.5011,15.5016,15.5016,15.5016,15.5016,
Sat Apr 11 2020 06:09:01 GMT-0400 (Eastern Daylight Time)
15.5014,15.5023,15.5023,15.5018,15.5015,15.5017,15.5015,15.5015,15.5015,15.5015,15.5011,15.5011,15.5011,15.5007,15.501,15.5008,15.5005,15.499,15.4992,15.4989,15.5003,15.5003,15.5023,15.5026,15.5026,15.5023,15.5029,15.5011,15.5007,15.4998,15.5005,15.4998,15.4988,15.4988,15.4986,15.4987,15.4985,15.4987,15.4968,15.497,15.4977,15.4978,15.498,15.4984,15.4984,15.4981,15.4979,15.4979,15.4981,15.4985,15.498,15.4984,15.4984,15.4981,15.4981,15.4972,15.4956,15.4962,15.497,15.4973,
Sat Apr 11 2020 06:10:01 GMT-0400 (Eastern Daylight Time)
15.4976,15.4982,15.4986,15.4984,15.4991,15.4994,15.4995,15.5002,15.5005,15.5005,15.4998,15.4995,15.4999,15.5001,15.4998,15.499,15.4986,15.4986,15.4989,15.4989,15.4982,15.4982,15.4977,15.4979,15.4979,15.4982,15.4985,15.4991,15.4994,15.499,15.4989,15.4986,15.4986,15.4986,15.4986,15.4986,15.4986,15.4989,15.4989,15.4989,15.4983,15.4983,15.4986,15.4981,15.4978,15.4978,15.4994,15.4997,15.5017,15.5025,15.5028,15.5027,15.5022,15.502,15.5012,15.5018,15.5022,15.5022,15.5018,15.5021,
Sat Apr 11 2020 06:11:02 GMT-0400 (Eastern Daylight Time)
15.5021,15.5021,15.5016,15.502,15.502,15.502,15.502,15.502,15.502,15.502,15.5029,15.5029,15.5032,15.5032,15.5032,15.5032,15.5032,15.5032,15.5032,15.5022,15.5022,15.5022,15.5022,15.5022,15.5022,15.5013,15.5016,15.502,15.502,15.5017,15.5003,15.5016,15.5016,15.5026,15.5031,15.5031,15.5029,15.5029,15.5029,15.5047,15.5047,15.5054,15.5054,15.5054,15.5048,15.5042,15.5048,15.5048,15.505,15.505,15.5047,15.5041,15.5041,15.5041,15.5039,15.505,15.5055,15.504,15.5047,15.5052,
Sat Apr 11 2020 06:12:01 GMT-0400 (Eastern Daylight Time)
15.5049,15.5049,15.5039,15.5047,15.5049,15.5044,15.5039,15.5032,15.5025,15.5022,15.5022,15.5024,15.5024,15.5027,15.5027,15.503,15.5032,15.5032,15.5004,15.4994,15.4991,15.4991,15.4991,15.5,15.5,15.5,15.5003,15.5003,15.4997,15.5,15.5,15.5003,15.5006,15.5006,15.5003,15.5005,15.5007,15.5007,15.5012,15.5018,15.5011,15.4998,15.4998,15.4998,15.5001,15.5001,15.5009,15.5005,15.5005,15.5003,15.5003,15.5001,15.5001,15.5,15.4997,15.5002,15.4999,15.5005,15.5005,15.5007,
Sat Apr 11 2020 06:13:01 GMT-0400 (Eastern Daylight Time)
15.5007,15.5007,15.5012,15.5028,15.5028,15.503,15.503,15.5032,15.5032,15.5036,15.5036,15.5039,15.5036,15.5032,15.5045,15.5051,15.5056,15.5056,15.5058,15.5032,15.5032,15.5032,15.5032,15.5032,15.5036,15.5033,15.5036,15.5039,15.505,15.5048,15.5048,15.5048,15.5044,15.5041,15.5041,15.5044,15.5044,15.5049,15.5049,15.5049,15.5049,15.5049,15.5049,15.5049,15.5049,15.5049,15.5049,15.5049,15.5049,15.5049,15.5049,15.5049,15.5049,15.5049,15.5049,15.5049,15.5049,15.5049,15.5049,15.5049,
Sat Apr 11 2020 06:14:02 GMT-0400 (Eastern Daylight Time)
15.5049,15.5049,15.5049,15.5049,15.5046,15.5046,15.5046,15.5046,15.5046,15.5046,15.5046,15.5046,15.5046,15.5046,15.5052,15.5055,15.5055,15.5055,15.5058,15.5054,15.5056,15.5056,15.5053,15.5053,15.5049,15.5049,15.5047,15.5031,15.5031,15.5034,15.5034,15.5034,15.5025,15.5023,15.5023,15.5027,15.5034,15.5036,15.5033,15.5033,15.5035,15.5037,15.5034,15.5023,15.5023,15.5023,15.5023,15.501,15.5015,15.5017,15.5017,15.5017,15.5017,15.5009,15.5009,15.4994,15.4996,15.4999,15.4999,15.5002,
Sat Apr 11 2020 06:15:02 GMT-0400 (Eastern Daylight Time)
15.5002,15.5002,15.5007,15.5012,15.5012,15.5008,15.5002,15.4998,15.5005,15.501,15.5005,15.5011,15.5011,15.5007,15.5005,15.4999,15.5001,15.4991,15.4977,15.498,15.498,15.498,15.4998,15.4995,15.4996,15.5007,15.5009,15.5014,15.5019,15.5038,15.5031,15.5031,15.5031,15.5029,15.5022,15.4988,15.4986,15.4981,15.4986,15.4986,15.4994,15.4991,15.4995,15.4995,15.4991,15.5,15.4995,15.5,15.5002,15.5004,15.5002,15.4995,15.4996,15.5005,15.5005,15.5005,15.5005,15.5005,15.5005,15.5002,
Sat Apr 11 2020 06:16:01 GMT-0400 (Eastern Daylight Time)
15.4999,15.4996,15.4996,15.5025,15.5034,15.5034,15.5034,15.5024,15.5028,15.5031,15.5031,15.5037,15.5033,15.503,15.503,15.5027,15.5027,15.5024,15.5024,15.502,15.502,15.5017,15.5009,15.5016,15.501,15.501,15.5012,15.5008,15.501,15.501,15.501,15.4996,15.4994,15.499,15.4983,15.4983,15.4987,15.5,15.499,15.5003,15.5007,15.5004,15.5007,15.5004,15.5007,15.5007,15.5007,15.5007,15.5007,15.5007,15.5,15.5001,15.5001,15.501,15.5012,15.5001,15.5001,15.4995,15.4995,15.5002,
Sat Apr 11 2020 06:17:02 GMT-0400 (Eastern Daylight Time)
15.5007,15.4997,15.4997,15.4997,15.4993,15.4986,15.4989,15.4982,15.4961,15.4961,15.4965,15.4971,15.4971,15.4988,15.4984,15.4985,15.4982,15.4984,15.4978,15.4978,15.4972,15.4977,15.4975,15.4975,15.4983,15.499,15.4987,15.499,15.4983,15.4983,15.4978,15.4987,15.4987,15.4982,15.4982,15.4977,15.4977,15.4979,15.4976,15.4982,15.4984,15.4981,15.4977,15.4979,15.4974,15.4974,15.4979,15.4971,15.4971,15.4974,15.4974,15.4963,15.4963,15.4963,15.4957,15.4961,15.4961,15.4961,15.4962,15.4962,
Sat Apr 11 2020 06:18:02 GMT-0400 (Eastern Daylight Time)
15.4962,15.4954,15.4954,15.4951,15.4953,15.4953,15.4944,15.4948,15.4945,15.4938,15.4938,15.4933,15.4916,15.4912,15.4909,15.4909,15.4904,15.4904,15.4905,15.4902,15.4902,15.4905,15.4905,15.4901,15.4891,15.4895,15.4895,15.4904,15.4907,15.4915,15.4918,15.4906,15.4906,15.49,15.4904,15.4904,15.4888,15.4891,15.4898,15.4898,15.4896,15.4896,15.4896,15.4896,15.4865,15.4865,15.4858,15.4854,15.486,15.4863,15.4863,15.4863,15.4853,15.485,15.485,15.485,15.485,15.485,15.4838,15.4839,
Sat Apr 11 2020 06:19:02 GMT-0400 (Eastern Daylight Time)
15.4839,15.486,15.4855,15.4851,15.4845,15.4843,15.4849,15.4841,15.4846,15.4846,15.4857,15.4857,15.4852,15.4855,15.4859,15.4851,15.4848,15.4846,15.4843,15.4839,15.4841,15.4841,15.4841,15.4844,15.484,15.4837,15.485,15.4844,15.483,15.4835,15.4835,15.4835,15.4832,15.4831,15.4831,15.4835,15.4847,15.4856,15.4853,15.4848,15.4862,15.4862,15.4866,15.4869,15.4874,15.4874,15.4878,15.4875,15.4884,15.4884,15.4889,15.4895,15.49,15.49,15.4905,15.4905,15.4905,15.4909,15.4905,15.4909,
Sat Apr 11 2020 06:20:01 GMT-0400 (Eastern Daylight Time)
15.4907,15.4904,15.4915,15.4923,15.4929,15.4929,15.4934,15.4934,15.4952,15.4952,15.4952,15.4952,15.4955,15.4955,15.4962,15.4962,15.4967,15.4967,15.4964,15.4964,15.4968,15.4968,15.4968,15.4968,15.4976,15.4971,15.4971,15.4974,15.4974,15.4974,15.4968,15.4968,15.4965,15.4962,15.4958,15.4958,15.4958,15.4961,15.4961,15.4981,15.4989,15.4985,15.4985,15.4983,15.4983,15.498,15.4982,15.4982,15.4991,15.4991,15.4991,15.4994,15.4989,15.4989,15.4995,15.5,15.4993,15.4993,15.4998,15.4998,
Sat Apr 11 2020 06:21:02 GMT-0400 (Eastern Daylight Time)
15.4991,15.4985,15.4985,15.4987,15.5,15.5013,15.5009,15.5009,15.5006,15.5006,15.5,15.4987,15.4986,15.4983,15.4983,15.4978,15.4978,15.4978,15.4978,15.4975,15.4981,15.4987,15.499,15.4993,15.4987,15.4999,15.4988,15.4991,15.4988,15.4988,15.4991,15.4991,15.4989,15.4989,15.5002,15.5002,15.5009,15.5013,15.5013,15.5013,15.4999,15.4996,15.4996,15.4999,15.4992,15.4992,15.4989,15.4989,15.4982,15.4982,15.4982,15.4992,15.4992,15.4992,15.4992,15.4992,15.498,15.4988,15.4985,15.4985,
Sat Apr 11 2020 06:22:01 GMT-0400 (Eastern Daylight Time)
15.4981,15.4981,15.4981,15.4978,15.4982,15.4982,15.4982,15.4982,15.4977,15.4977,15.4977,15.4979,15.4982,15.4995,15.4995,15.4988,15.4992,15.4995,15.4995,15.4995,15.4995,15.4998,15.4995,15.4998,15.5006,15.5006,15.5008,15.5008,15.5008,15.5006,15.5003,15.5003,15.5019,15.5023,15.5026,15.503,15.5034,15.5034,15.5038,15.5027,15.5023,15.5023,15.5023,15.503,15.5034,15.5037,15.5037,15.5031,15.5037,15.5034,15.5034,15.5016,15.5016,15.5021,15.5019,15.5021,15.5021,15.5025,15.5025,15.5025,
Sat Apr 11 2020 06:23:01 GMT-0400 (Eastern Daylight Time)
15.5022,15.5027,15.5027,15.5027,15.5027,15.503,15.502,15.502,15.5017,15.5017,15.5018,15.5012,15.502,15.502,15.502,15.5027,15.5047,15.5047,15.5047,15.5064,15.5064,15.5064,15.5062,15.5057,15.5058,15.5058,15.5058,15.5063,15.5056,15.5052,15.5052,15.5046,15.5039,15.5045,15.505,15.5053,15.5053,15.5043,15.5046,15.5059,15.5054,15.5057,15.5054,15.5054,15.5053,15.5053,15.507,15.5078,15.5078,15.5078,15.5082,15.5079,15.5079,15.5084,15.5084,15.509,15.509,15.5105,15.5105,15.5102,
Sat Apr 11 2020 06:24:01 GMT-0400 (Eastern Daylight Time)
15.5102,15.5096,15.5096,15.5096,15.5089,15.5085,15.5089,15.5091,15.5091,15.5086,15.5089,15.5079,15.5079,15.5076,15.5076,15.5076,15.5083,15.5083,15.5083,15.5083,15.5083,15.5076,15.5073,15.5077,15.5077,15.5077,15.5073,15.5079,15.5086,15.5088,15.5079,15.5079,15.5079,15.5077,15.5087,15.5081,15.5081,15.5072,15.5072,15.5072,15.507,15.5069,15.5069,15.506,15.5057,15.5057,15.5066,15.5063,15.505,15.5042,15.5046,15.5046,15.5046,15.5043,15.5053,15.505,15.5054,15.5032,15.5041,15.5038,
Sat Apr 11 2020 06:26:01 GMT-0400 (Eastern Daylight Time)
15.5045,15.5031,15.5024,15.5024,15.5024,15.502,15.502,15.502,15.502,15.5018,15.502,15.502,15.502,15.5017,15.5013,15.5022,15.5022,15.5016,15.5019,15.5019,15.5022,15.5002,15.5009,15.5005,15.5014,15.5021,15.5024,15.5026,15.5024,15.5022,15.5026,15.5026,15.5026,15.5042,15.5042,15.5042,15.5046,15.5037,15.5023,15.5024,15.5019,15.5023,15.5027,15.5027,15.5039,15.5032,15.5032,15.5035,15.5024,15.5028,15.5033,15.5033,15.504,15.5048,15.5045,15.5037,15.5037,15.503,15.5035,15.5035,
Sat Apr 11 2020 06:27:01 GMT-0400 (Eastern Daylight Time)
15.5039,15.5015,15.5012,15.5012,15.5012,15.5017,15.5017,15.5023,15.5025,15.502,15.5023,15.502,15.5025,15.5035,15.5032,15.5036,15.5033,15.5026,15.5041,15.5041,15.5043,15.5045,15.5042,15.5051,15.5051,15.5045,15.5036,15.5035,15.5034,15.5046,15.5056,15.5073,15.5077,15.5074,15.5075,15.5075,15.5069,15.5071,15.5071,15.5087,15.5087,15.5096,15.5096,15.5099,15.5104,15.511,15.5103,15.5103,15.5116,15.5106,15.5103,15.5108,15.5105,15.5113,15.5119,15.5115,15.5115,15.5115,15.5117,15.5119,
Sat Apr 11 2020 06:29:01 GMT-0400 (Eastern Daylight Time)
15.5119,15.5148,15.5158,15.5164,15.5162,15.5156,15.5171,15.5168,15.517,15.5168,15.516,15.5167,15.5165,15.5165,15.5156,15.5154,15.5161,15.5161,15.5149,15.516,15.5163,15.5168,15.5169,15.5162,15.5159,15.5159,15.5151,15.5159,15.5156,15.5153,15.5159,15.5158,15.5158,15.5164,15.5165,15.5163,15.5154,15.5154,15.5158,15.5155,15.5154,15.5151,15.5144,15.5144,15.5146,15.5146,15.5159,15.518,15.518,15.518,15.5177,15.5177,15.5186,15.5186,15.5186,15.5194,15.52,15.5194,15.5194,15.5194,
Sat Apr 11 2020 06:30:01 GMT-0400 (Eastern Daylight Time)
15.519,15.5185,15.5182,15.5175,15.5171,15.5171,15.5168,15.517,15.517,15.5165,15.5165,15.516,15.516,15.5163,15.5152,15.515,15.515,15.515,15.5152,15.5149,15.5149,15.5155,15.5158,15.5144,15.5144,15.514,15.5134,15.5134,15.513,15.513,15.512,15.512,15.512,15.512,15.5097,15.5097,15.5097,15.5097,15.5095,15.5092,15.5099,15.5094,15.5086,15.5082,15.5076,15.5076,15.5066,15.5066,15.5054,15.5057,15.506,15.5065,15.5072,15.5072,15.5069,15.5069,15.5073,15.5073,15.5079,15.509,
Sat Apr 11 2020 06:31:01 GMT-0400 (Eastern Daylight Time)
15.5095,15.5092,15.51,15.5095,15.5099,15.5096,15.5096,15.5096,15.5096,15.5093,15.5087,15.5095,15.5095,15.5113,15.5113,15.5113,15.5113,15.5107,15.5101,15.5104,15.5104,15.5093,15.5093,15.5093,15.5089,15.5089,15.5081,15.5078,15.5081,15.5081,15.508,15.508,15.508,15.508,15.5083,15.5083,15.5085,15.5083,15.5083,15.5083,15.5083,15.5083,15.5083,15.508,15.508,15.5075,15.5068,15.5065,15.5065,15.506,15.506,15.5057,15.5057,15.5053,15.5048,15.5048,15.5048,15.5048,15.5045,15.5042,
Sat Apr 11 2020 06:32:01 GMT-0400 (Eastern Daylight Time)
15.5042,15.5042,15.5046,15.5046,15.5046,15.5042,15.504,15.5044,15.5047,15.5047,15.5043,15.5046,15.505,15.505,15.5052,15.506,15.506,15.506,15.507,15.5075,15.5075,15.5075,15.5068,15.5068,15.5071,15.5066,15.5053,15.5053,15.5049,15.5046,15.5046,15.5056,15.5056,15.5062,15.5069,15.5077,15.5077,15.5077,15.5074,15.5074,15.5074,15.5071,15.5068,15.5068,15.5071,15.5069,15.5074,15.5079,15.5079,15.5079,15.5088,15.5085,15.5093,15.5088,15.5095,15.5097,15.5095,15.5093,15.51,15.5097,
Sat Apr 11 2020 06:33:01 GMT-0400 (Eastern Daylight Time)
15.5094,15.5099,15.5103,15.5103,15.5106,15.5106,15.5104,15.5104,15.5104,15.5104,15.5104,15.5098,15.51,15.5095,15.509,15.5093,15.5083,15.508,15.5077,15.5077,15.5085,15.5084,15.5086,15.5085,15.5081,15.5081,15.5068,15.5064,15.5066,15.5066,15.5066,15.5069,15.5069,15.5075,15.5067,15.5072,15.5075,15.5083,15.5079,15.5077,15.5077,15.5073,15.5076,15.5076,15.5078,15.5081,15.5081,15.5081,15.5085,15.5096,15.5085,15.5087,15.509,15.5086,15.5069,15.5074,15.5071,15.5071,15.5072,15.5072,
Sat Apr 11 2020 06:34:01 GMT-0400 (Eastern Daylight Time)
15.507,15.5077,15.508,15.508,15.508,15.5076,15.5067,15.5064,15.5056,15.5053,15.5048,15.5045,15.5045,15.5042,15.5044,15.5044,15.5044,15.5044,15.5044,15.5052,15.5052,15.5048,15.5037,15.5037,15.5045,15.5045,15.5045,15.5042,15.5042,15.5057,15.506,15.5052,15.5052,15.5056,15.5063,15.5063,15.5053,15.5053,15.5053,15.5053,15.5053,15.507,15.507,15.5082,15.5078,15.5078,15.5075,15.508,15.508,15.5078,15.5079,15.5072,15.5067,15.507,15.5073,15.507,15.5067,15.5063,15.5067,15.5067,
Sat Apr 11 2020 06:35:01 GMT-0400 (Eastern Daylight Time)
15.5067,15.5067,15.5058,15.5058,15.5058,15.5058,15.5062,15.5059,15.5059,15.5063,15.506,15.505,15.505,15.5054,15.5054,15.5057,15.5057,15.5055,15.5055,15.5054,15.5052,15.5057,15.5055,15.5056,15.5056,15.5059,15.5059,15.5062,15.5062,15.5062,15.5056,15.5053,15.5053,15.5063,15.5068,15.5065,15.5065,15.5061,15.5061,15.505,15.505,15.5048,15.5048,15.5045,15.5045,15.5045,15.5045,15.5048,15.5052,15.5052,15.5052,15.505,15.505,15.505,15.5044,15.505,15.505,15.505,15.505,15.5047,
Sat Apr 11 2020 06:36:01 GMT-0400 (Eastern Daylight Time)
15.5044,15.5049,15.5051,15.5051,15.5057,15.5058,15.5055,15.5065,15.5062,15.5058,15.5061,15.5057,15.5055,15.5055,15.5049,15.5054,15.5053,15.5053,15.5057,15.5059,15.5059,15.5077,15.5072,15.5074,15.5067,15.507,15.5079,15.5074,15.5069,15.5069,15.5062,15.5047,15.5061,15.5042,15.5048,15.5033,15.5033,15.5021,15.5025,15.5023,15.5025,15.504,15.504,15.5053,15.5051,15.5051,15.5049,15.5048,15.5048,15.5055,15.505,15.5036,15.5036,15.5034,15.5036,15.5047,15.504,15.5041,15.5041,15.5035,
Sat Apr 11 2020 06:37:01 GMT-0400 (Eastern Daylight Time)
15.503,15.503,15.5032,15.5009,15.5003,15.5,15.4999,15.4996,15.5007,15.5007,15.5,15.5008,15.5008,15.4999,15.5003,15.4997,15.4995,15.5007,15.5007,15.5012,15.5015,15.5015,15.5018,15.5024,15.5034,15.5036,15.5038,15.5044,15.5049,15.5049,15.5055,15.5055,15.5049,15.5062,15.5062,15.5061,15.5059,15.5064,15.5055,15.5052,15.5055,15.5052,15.5045,15.5042,15.5045,15.505,15.5054,15.5054,15.5053,15.5053,15.5055,15.5042,15.5046,15.5041,15.5037,15.5033,15.5048,15.5051,15.504,15.5031,
Sat Apr 11 2020 06:38:01 GMT-0400 (Eastern Daylight Time)
15.5048,15.5051,15.5051,15.5058,15.5058,15.5058,15.5063,15.5056,15.5047,15.5049,15.5051,15.5041,15.5043,15.5045,15.5041,15.5034,15.5027,15.5027,15.5027,15.5036,15.5036,15.5044,15.5044,15.5047,15.5044,15.5044,15.5044,15.5017,15.502,15.5016,15.502,15.5018,15.5015,15.502,15.5037,15.503,15.5033,15.5034,15.503,15.5027,15.5027,15.5024,15.5024,15.5006,15.5003,15.5007,15.5003,15.4976,15.4979,15.4977,15.4975,15.4973,15.4977,15.4981,15.4981,15.4987,15.4994,15.4994,15.4994,15.5006,
Sat Apr 11 2020 06:39:01 GMT-0400 (Eastern Daylight Time)
15.5008,15.5011,15.5015,15.5005,15.4997,15.4995,15.4986,15.4977,15.4977,15.4981,15.4981,15.4988,15.4988,15.4986,15.4986,15.499,15.4993,15.4993,15.4998,15.4993,15.4989,15.4989,15.4989,15.4989,15.4986,15.4986,15.4986,15.4986,15.4989,15.4989,15.4973,15.4973,15.4969,15.4969,15.4964,15.4959,15.4959,15.4959,15.4962,15.497,15.4972,15.4967,15.4967,15.4968,15.497,15.497,15.4965,15.4965,15.4971,15.4971,15.4978,15.4978,15.4978,15.4973,15.4976,15.4976,15.4981,15.4981,15.4981,15.4983,
Sat Apr 11 2020 06:40:01 GMT-0400 (Eastern Daylight Time)
15.4991,15.4991,15.499,15.4991,15.4991,15.4991,15.4997,15.5001,15.4996,15.5007,15.5003,15.5004,15.5,15.5,15.5002,15.5002,15.4993,15.4981,15.4981,15.4985,15.4985,15.4985,15.4985,15.4985,15.4995,15.4989,15.4989,15.499,15.4982,15.4986,15.4983,15.4988,15.4992,15.4996,15.4996,15.4991,15.4991,15.4994,15.499,15.4993,15.4993,15.4993,15.4998,15.5007,15.5007,15.5014,15.5014,15.5018,15.5012,15.5019,15.5019,15.5016,15.501,15.501,15.5015,15.5006,15.5004,15.4999,15.499,15.4988,
Sat Apr 11 2020 06:41:02 GMT-0400 (Eastern Daylight Time)
15.4981,15.4981,15.4983,15.4997,15.4997,15.4997,15.5002,15.5004,15.5007,15.5007,15.5007,15.5011,15.5011,15.5007,15.5007,15.501,15.5014,15.5017,15.5017,15.5026,15.5035,15.503,15.5032,15.5027,15.5034,15.5021,15.5023,15.5023,15.502,15.5016,15.5019,15.5022,15.5022,15.5022,15.5019,15.5016,15.5016,15.5018,15.5018,15.5021,15.5023,15.5025,15.5025,15.5018,15.5012,15.5012,15.5012,15.5012,15.5016,15.5016,15.5018,15.5018,15.5021,15.5021,15.5024,15.5024,15.5029,15.5027,15.5027,15.5025,
Sat Apr 11 2020 06:42:01 GMT-0400 (Eastern Daylight Time)
15.5025,15.5022,15.5025,15.502,15.5023,15.5019,15.5019,15.5023,15.5043,15.5045,15.505,15.5053,15.5058,15.5058,15.5058,15.5058,15.5065,15.5054,15.5054,15.5057,15.505,15.5043,15.5035,15.5043,15.5048,15.5054,15.5057,15.5057,15.5057,15.506,15.5073,15.5073,15.5069,15.5069,15.5069,15.5069,15.5069,15.5074,15.5063,15.5069,15.5064,15.5064,15.5073,15.5073,15.5073,15.509,15.5092,15.5092,15.5081,15.5078,15.5078,15.5074,15.5071,15.5069,15.5074,15.5067,15.5074,15.5077,15.5077,15.5074,
Sat Apr 11 2020 06:43:01 GMT-0400 (Eastern Daylight Time)
15.5074,15.5074,15.5072,15.5072,15.5081,15.5081,15.5077,15.5081,15.5079,15.5093,15.5096,15.5096,15.5085,15.5085,15.5085,15.5083,15.5086,15.5091,15.5091,15.5097,15.5097,15.509,15.5094,15.5091,15.5093,15.509,15.5108,15.5112,15.5115,15.5115,15.5111,15.5119,15.5114,15.5114,15.5117,15.5114,15.5114,15.5119,15.5119,15.5115,15.5121,15.5119,15.5119,15.5115,15.5109,15.5109,15.5112,15.5112,15.5111,15.5109,15.5109,15.5114,15.5114,15.5124,15.5124,15.5124,15.5117,15.5114,15.5114,15.5117,
Sat Apr 11 2020 06:44:01 GMT-0400 (Eastern Daylight Time)
15.5127,15.5127,15.513,15.5124,15.5136,15.5136,15.5133,15.5133,15.5133,15.5137,15.5135,15.5135,15.5137,15.5125,15.5125,15.5131,15.5132,15.5132,15.5136,15.5132,15.512,15.512,15.5124,15.5128,15.5129,15.5125,15.5125,15.5125,15.5125,15.5125,15.5131,15.5131,15.5128,15.5117,15.5117,15.5117,15.5114,15.5118,15.5121,15.5112,15.5115,15.5108,15.5106,15.5106,15.5109,15.5109,15.5109,15.5109,15.5114,15.5114,15.5109,15.5112,15.5126,15.513,15.5127,15.5124,15.5122,15.5125,15.5138,15.5138,
Sat Apr 11 2020 06:45:02 GMT-0400 (Eastern Daylight Time)
15.5144,15.515,15.5153,15.5153,15.5158,15.5158,15.5158,15.5161,15.5159,15.5159,15.5159,15.5159,15.5159,15.5159,15.5163,15.5163,15.5163,15.5166,15.5166,15.5166,15.5164,15.5161,15.5158,15.5161,15.5165,15.5165,15.5161,15.5157,15.5157,15.5157,15.5161,15.5184,15.5194,15.519,15.5185,15.5182,15.5179,15.5179,15.5179,15.5179,15.5179,15.5179,15.5175,15.5175,15.5175,15.5169,15.5169,15.5165,15.5164,15.5166,15.5175,15.5175,15.5175,15.5185,15.5188,15.5188,15.5208,15.5203,15.5203,15.5203,
Sat Apr 11 2020 06:46:02 GMT-0400 (Eastern Daylight Time)
15.519,15.5188,15.5188,15.5192,15.5189,15.5192,15.5192,15.5189,15.5184,15.5184,15.5184,15.5188,15.5191,15.5191,15.5191,15.5186,15.5183,15.5183,15.5177,15.5181,15.5181,15.5164,15.5164,15.5164,15.5172,15.5172,15.5169,15.5165,15.5167,15.5164,15.5164,15.5164,15.5164,15.517,15.5175,15.5178,15.5172,15.5172,15.5172,15.5176,15.5192,15.5194,15.52,15.52,15.52,15.52,15.52,15.52,15.5214,15.5208,15.5223,15.5223,15.5219,15.5221,15.5221,15.5216,15.5208,15.5208,15.5214,15.5214,
Sat Apr 11 2020 06:47:01 GMT-0400 (Eastern Daylight Time)
15.5212,15.5218,15.5218,15.522,15.522,15.522,15.5222,15.522,15.5217,15.5217,15.522,15.5224,15.5234,15.5231,15.522,15.5221,15.5224,15.5224,15.5224,15.5224,15.5224,15.5221,15.5218,15.5215,15.5212,15.5214,15.5214,15.5223,15.5225,15.5228,15.5225,15.5222,15.5222,15.5222,15.5222,15.5219,15.5219,15.5222,15.5222,15.5219,15.5221,15.5219,15.5217,15.5217,15.5217,15.522,15.521,15.5203,15.5203,15.5206,15.5209,15.5209,15.5213,15.521,15.5213,15.521,15.521,15.5223,15.5219,15.5208,
Sat Apr 11 2020 06:48:03 GMT-0400 (Eastern Daylight Time)
15.5213,15.5208,15.5204,15.5201,15.5201,15.5201,15.5203,15.5203,15.5209,15.5211,15.5211,15.5211,15.5214,15.5222,15.5227,15.5229,15.5224,15.5227,15.5223,15.5218,15.5221,15.519,15.519,15.519,15.519,15.5184,15.5187,15.5187,15.5187,15.5174,15.5179,15.5176,15.5172,15.5175,15.5175,15.5175,15.5175,15.5169,15.5167,15.5163,15.5159,15.5162,15.5141,15.5123,15.5119,15.5108,15.5111,15.5109,15.5106,15.5109,15.5107,15.5109,15.5109,15.5103,15.51,15.5103,15.5107,15.5114,15.5116,15.5119,
Sat Apr 11 2020 06:49:01 GMT-0400 (Eastern Daylight Time)
15.5116,15.5113,15.5118,15.5118,15.5119,15.5118,15.5118,15.5118,15.5118,15.5113,15.5113,15.5113,15.5116,15.5123,15.5126,15.5126,15.5126,15.5131,15.5127,15.5116,15.512,15.5121,15.5118,15.5127,15.5123,15.5115,15.512,15.5116,15.5113,15.5119,15.5089,15.5086,15.5079,15.5078,15.5063,15.5063,15.5063,15.5063,15.5067,15.5064,15.5064,15.5061,15.5055,15.5055,15.505,15.5054,15.5054,15.5057,15.5062,15.5059,15.5061,15.5063,15.5063,15.5056,15.5056,15.5061,15.5058,15.5035,15.5035,15.503,
Sat Apr 11 2020 06:50:01 GMT-0400 (Eastern Daylight Time)
15.503,15.5033,15.5033,15.503,15.5033,15.5041,15.5048,15.5048,15.502,15.5022,15.5026,15.5026,15.5014,15.5005,15.5008,15.5005,15.5013,15.5024,15.5031,15.5038,15.5038,15.5055,15.5059,15.5059,15.5059,15.5052,15.5052,15.5054,15.5049,15.5043,15.5046,15.5043,15.5038,15.5042,15.5042,15.505,15.5063,15.5053,15.5059,15.5056,15.5056,15.5056,15.506,15.506,15.5064,15.5064,15.5068,15.5068,15.5068,15.5065,15.5065,15.5065,15.5065,15.5059,15.5075,15.5078,15.5078,15.5081,15.5081,15.5081,
