Mon Apr 13 2020 19:21:00 GMT-0400 (Eastern Daylight Time)
15.2187,15.2191,15.22,15.2196,15.2201,15.2199,15.2202,15.2201,15.2198,15.22,15.2195,15.2195,15.2185,15.218,15.218,15.2177,15.2172,15.2176,15.2176,15.2164,15.2163,15.2167,15.2176,15.2179,15.2167,15.2169,15.2173,15.2173,15.2176,15.2169,15.2165,15.2165,15.2166,15.2167,15.2161,15.2155,15.2175,15.2177,15.2173,15.2173,15.2176,15.2172,15.2171,15.2176,15.2167,15.2171,15.2169,15.2171,15.2166,15.216,15.216,15.2163,15.2166,15.2166,15.2181,15.2178,15.2177,15.2185,15.218,15.218,
Mon Apr 13 2020 19:22:01 GMT-0400 (Eastern Daylight Time)
15.2187,15.2187,15.219,15.219,15.2191,15.2193,15.2193,15.2193,15.2199,15.2207,15.2207,15.2208,15.2214,15.2214,15.2214,15.2218,15.2199,15.2199,15.2202,15.2198,15.2195,15.2203,15.2203,15.2203,15.2211,15.2211,15.2211,15.2211,15.2214,15.2214,15.2214,15.2219,15.2229,15.2219,15.2218,15.2217,15.2217,15.2217,15.2221,15.2221,15.2189,15.2189,15.2189,15.2185,15.2184,15.217,15.2168,15.2157,15.2152,15.2158,15.2158,15.2163,15.2159,15.2156,15.2156,15.2163,15.2163,15.2167,15.2178,15.2168,
Mon Apr 13 2020 19:23:00 GMT-0400 (Eastern Daylight Time)
15.2175,15.2175,15.2185,15.2185,15.2189,15.2194,15.2201,15.2196,15.2196,15.2193,15.2187,15.219,15.2168,15.2172,15.2167,15.2171,15.2165,15.216,15.2168,15.2168,15.2153,15.2148,15.2146,15.2151,15.2161,15.2155,15.2155,15.2178,15.2188,15.2198,15.2192,15.2192,15.2185,15.2181,15.2169,15.2166,15.2164,15.2164,15.2147,15.215,15.2159,15.2157,15.215,15.2153,15.2157,15.2153,15.2153,15.2153,15.2165,15.2165,15.2158,15.2155,15.2153,15.2162,15.2162,15.2166,15.2165,15.2161,15.2163,15.2163,
Mon Apr 13 2020 19:24:01 GMT-0400 (Eastern Daylight Time)
15.2166,15.2171,15.2171,15.2171,15.2169,15.2162,15.2156,15.215,15.215,15.2146,15.2133,15.2136,15.215,15.2147,15.2147,15.2144,15.2128,15.2128,15.2128,15.2135,15.2127,15.2127,15.2129,15.2134,15.2115,15.2103,15.2103,15.2103,15.2102,15.2105,15.2105,15.2106,15.2103,15.2099,15.2099,15.2099,15.2091,15.2093,15.2097,15.2101,15.2095,15.2095,15.2097,15.2101,15.2107,15.2103,15.2103,15.2104,15.2105,15.2111,15.2111,15.2099,15.2099,15.2096,15.209,15.2087,15.2112,15.2127,15.2124,15.217,
Mon Apr 13 2020 19:25:00 GMT-0400 (Eastern Daylight Time)
15.2173,15.2171,15.2171,15.2172,15.2143,15.2131,15.2124,15.2124,15.2144,15.214,15.2144,15.2147,15.2144,15.2147,15.2143,15.2143,15.2143,15.214,15.2152,15.2156,15.2145,15.2145,15.2141,15.2141,15.2145,15.2148,15.2144,15.2143,15.2114,15.2097,15.2094,15.2094,15.2087,15.2095,15.2098,15.2087,15.2084,15.2089,15.2084,15.2079,15.2084,15.2089,15.2089,15.2091,15.2085,15.2085,15.2087,15.2079,15.2078,15.2075,15.2075,15.2071,15.2012,15.2019,15.2039,15.2039,15.2025,15.2037,15.2044,15.2039,
Mon Apr 13 2020 19:26:00 GMT-0400 (Eastern Daylight Time)
15.204,15.204,15.2031,15.2031,15.2024,15.2015,15.2015,15.2015,15.2015,15.2015,15.2018,15.2018,15.2024,15.2014,15.2018,15.2016,15.202,15.2016,15.2016,15.2016,15.2008,15.2008,15.2004,15.2004,15.1995,15.1969,15.1967,15.1954,15.1964,15.1964,15.1971,15.1971,15.1974,15.198,15.198,15.198,15.1984,15.1978,15.1978,15.1978,15.1975,15.1986,15.199,15.1988,15.1988,15.1986,15.1981,15.1981,15.1981,15.1984,15.1984,15.199,15.1994,15.1989,15.1989,15.1961,15.1961,15.198,15.1978,15.1971,
Mon Apr 13 2020 19:27:00 GMT-0400 (Eastern Daylight Time)
15.1968,15.198,15.1979,15.1972,15.1972,15.1969,15.1965,15.1969,15.1963,15.1972,15.1972,15.1967,15.1949,15.1953,15.1951,15.1954,15.1954,15.1954,15.1956,15.1944,15.1944,15.1946,15.1951,15.1934,15.1959,15.1955,15.1957,15.1955,15.1934,15.1924,15.1927,15.1928,15.1928,15.1933,15.1934,15.194,15.194,15.1941,15.1948,15.1944,15.1944,15.1938,15.1938,15.1945,15.1946,15.1949,15.1943,15.1945,15.1955,15.1962,15.1962,15.1968,15.1963,15.1957,15.196,15.1956,15.1956,15.1953,15.1961,15.1964,
Mon Apr 13 2020 19:28:00 GMT-0400 (Eastern Daylight Time)
15.196,15.1952,15.1953,15.1949,15.1942,15.1939,15.1938,15.1941,15.1938,15.1942,15.1945,15.1945,15.1941,15.193,15.1908,15.1915,15.1912,15.1924,15.1924,15.1924,15.1924,15.1921,15.1924,15.1922,15.1929,15.1928,15.1923,15.1912,15.1912,15.1918,15.1927,15.1932,15.1934,15.1927,15.1929,15.1926,15.1919,15.1919,15.193,15.193,15.1923,15.1919,15.1925,15.1922,15.1919,15.1907,15.1903,15.1896,15.1899,15.1905,15.1895,15.1892,15.1886,15.1884,15.1886,15.1883,15.1874,15.1874,15.1876,15.1873,
Mon Apr 13 2020 19:29:00 GMT-0400 (Eastern Daylight Time)
15.1889,15.1858,15.1864,15.1863,15.186,15.1862,15.1888,15.1891,15.1895,15.1904,15.1918,15.1914,15.1911,15.1919,15.1916,15.1916,15.1914,15.1916,15.1919,15.1919,15.1926,15.1919,15.1914,15.1914,15.1916,15.1925,15.1925,15.1928,15.1925,15.1921,15.1912,15.1916,15.1913,15.1909,15.1922,15.1925,15.1923,15.1923,15.1924,15.1916,15.1916,15.1918,15.1922,15.1925,15.1925,15.1919,15.1925,15.1922,15.1918,15.1918,15.1924,15.1931,15.1931,15.1936,15.1931,15.1929,15.1926,15.1934,15.1941,15.1939,
Mon Apr 13 2020 19:30:00 GMT-0400 (Eastern Daylight Time)
15.1939,15.1938,15.1926,15.1926,15.1933,15.1936,15.1939,15.1936,15.1935,15.1945,15.1948,15.1948,15.1967,15.1967,15.1967,15.1967,15.1967,15.197,15.197,15.197,15.1978,15.1981,15.1979,15.1979,15.1983,15.1979,15.1979,15.1985,15.1979,15.1987,15.1987,15.1979,15.1979,15.1979,15.1974,15.1985,15.1985,15.1986,15.1988,15.1992,15.1992,15.1997,15.1984,15.1987,15.1976,15.1978,15.1989,15.1987,15.1985,15.1983,15.1979,15.1983,15.1983,15.2,15.2,15.2004,15.2001,15.1996,15.1996,15.1996,
Mon Apr 13 2020 19:31:00 GMT-0400 (Eastern Daylight Time)
15.1994,15.2,15.1995,15.1998,15.2,15.2007,15.2007,15.2007,15.2007,15.2004,15.2004,15.2004,15.2007,15.2003,15.2009,15.2012,15.2012,15.2017,15.2017,15.202,15.2025,15.2017,15.2017,15.2041,15.2041,15.2039,15.2039,15.2039,15.2039,15.2041,15.2041,15.2039,15.2033,15.2033,15.2027,15.2034,15.2041,15.2044,15.2044,15.2044,15.2019,15.2011,15.2003,15.2003,15.2003,15.2012,15.2012,15.201,15.201,15.1995,15.1995,15.1998,15.2002,15.2002,15.1998,15.1998,15.1998,15.2003,15.2001,15.2004,
Mon Apr 13 2020 19:32:00 GMT-0400 (Eastern Daylight Time)
15.2,15.2002,15.2009,15.2005,15.2005,15.2007,15.2007,15.2009,15.2009,15.2013,15.2013,15.2023,15.2017,15.2013,15.2021,15.2017,15.2017,15.2017,15.2017,15.2017,15.2017,15.202,15.2017,15.2007,15.2007,15.2001,15.2005,15.2005,15.201,15.2007,15.2005,15.2003,15.2005,15.2008,15.2,15.2,15.2003,15.1997,15.1997,15.2009,15.202,15.202,15.2016,15.2013,15.2018,15.2027,15.2027,15.2027,15.2027,15.2042,15.2042,15.2035,15.2035,15.2041,15.2041,15.2039,15.2039,15.2039,15.2039,15.2039,
Mon Apr 13 2020 19:33:00 GMT-0400 (Eastern Daylight Time)
15.2039,15.2043,15.2043,15.2043,15.2043,15.2048,15.2052,15.2052,15.2052,15.2055,15.2049,15.2049,15.2049,15.2049,15.2054,15.2044,15.2034,15.2034,15.2034,15.2034,15.2034,15.2034,15.2034,15.2026,15.2026,15.2008,15.2012,15.2015,15.2019,15.2022,15.202,15.2014,15.202,15.2019,15.2016,15.2023,15.2016,15.2011,15.2013,15.2016,15.2013,15.2015,15.201,15.201,15.2007,15.2005,15.2001,15.2006,15.2007,15.2007,15.201,15.2007,15.201,15.2008,15.2008,15.2008,15.2008,15.2014,15.2014,15.2016,
Mon Apr 13 2020 19:34:00 GMT-0400 (Eastern Daylight Time)
15.2008,15.201,15.2012,15.1994,15.1994,15.199,15.199,15.1981,15.1981,15.1984,15.1962,15.1963,15.196,15.1966,15.1968,15.1968,15.1966,15.1966,15.1966,15.1966,15.196,15.1967,15.1979,15.1979,15.1979,15.1975,15.1969,15.197,15.197,15.1961,15.1967,15.1974,15.1971,15.1984,15.1984,15.1984,15.1983,15.198,15.1983,15.198,15.198,15.1975,15.1973,15.1978,15.1982,15.1982,15.1974,15.1976,15.1976,15.1985,15.1988,15.1995,15.1993,15.2015,15.203,15.203,15.2022,15.2027,15.2032,15.2032,
Mon Apr 13 2020 19:35:00 GMT-0400 (Eastern Daylight Time)
15.2025,15.2028,15.2028,15.2025,15.2035,15.2039,15.2036,15.2036,15.2039,15.2044,15.2044,15.2042,15.2039,15.2049,15.2045,15.2058,15.2067,15.2066,15.2066,15.2069,15.2071,15.2046,15.2036,15.2034,15.2038,15.2038,15.2039,15.2039,15.2052,15.2043,15.2043,15.2043,15.2037,15.2037,15.2037,15.2038,15.2038,15.2042,15.2024,15.2019,15.2019,15.2015,15.2017,15.2027,15.2022,15.2021,15.2024,15.2039,15.2039,15.2051,15.2046,15.2049,15.2049,15.2053,15.2054,15.2056,15.2068,15.2064,15.2061,15.2068,
Mon Apr 13 2020 19:36:00 GMT-0400 (Eastern Daylight Time)
15.2065,15.2073,15.2072,15.2076,15.2071,15.2071,15.2077,15.2077,15.2077,15.2067,15.2063,15.205,15.2046,15.2044,15.2042,15.2029,15.1994,15.1997,15.1992,15.1986,15.1986,15.1981,15.1981,15.1989,15.1993,15.1996,15.2019,15.2016,15.2012,15.2012,15.2012,15.2015,15.2021,15.2024,15.2025,15.2025,15.2021,15.2021,15.2042,15.2042,15.2043,15.2047,15.2041,15.2041,15.2033,15.2038,15.2038,15.2038,15.2036,15.2036,15.2039,15.2036,15.2036,15.2038,15.2041,15.2039,15.2036,15.2045,15.2041,15.2041,
Mon Apr 13 2020 19:37:00 GMT-0400 (Eastern Daylight Time)
15.2041,15.2026,15.203,15.2009,15.2012,15.2012,15.2012,15.2016,15.2012,15.2014,15.2019,15.202,15.2024,15.2018,15.2021,15.2019,15.2019,15.2017,15.2017,15.2015,15.2007,15.2012,15.2017,15.2017,15.2025,15.2025,15.2025,15.2025,15.2019,15.2016,15.2024,15.2026,15.2024,15.2021,15.2016,15.2019,15.2019,15.2021,15.202,15.202,15.2025,15.2021,15.2036,15.2013,15.2013,15.2031,15.2025,15.2031,15.2059,15.2059,15.2059,15.2059,15.2059,15.2057,15.2066,15.2066,15.2069,15.2069,15.2073,15.2063,
Mon Apr 13 2020 19:38:00 GMT-0400 (Eastern Daylight Time)
15.2057,15.206,15.2053,15.2044,15.2041,15.2038,15.2034,15.2036,15.2036,15.2036,15.2037,15.2037,15.2054,15.205,15.2069,15.2073,15.2073,15.2083,15.2083,15.2084,15.2088,15.2091,15.2088,15.2085,15.2085,15.211,15.211,15.2102,15.2102,15.2095,15.2095,15.2098,15.2095,15.2091,15.2096,15.2088,15.2091,15.2091,15.2091,15.2095,15.2095,15.2095,15.21,15.2097,15.2101,15.211,15.211,15.2116,15.2116,15.2119,15.2117,15.2114,15.2114,15.2113,15.2108,15.2115,15.2118,15.2113,15.2107,15.2107,
Mon Apr 13 2020 19:39:00 GMT-0400 (Eastern Daylight Time)
15.2118,15.2118,15.2134,15.2134,15.2129,15.2133,15.213,15.213,15.212,15.2117,15.2117,15.2117,15.2119,15.2105,15.2094,15.2094,15.209,15.2093,15.209,15.2097,15.2096,15.2096,15.2098,15.2098,15.2095,15.2097,15.2097,15.2099,15.2099,15.2095,15.2096,15.2102,15.2118,15.2121,15.2111,15.2107,15.2106,15.2106,15.21,15.2097,15.21,15.2098,15.2092,15.2083,15.2091,15.2097,15.2088,15.2082,15.2079,15.2079,15.2078,15.2075,15.2075,15.2072,15.2067,15.2072,15.2078,15.208,15.2076,15.2066,
Mon Apr 13 2020 19:40:00 GMT-0400 (Eastern Daylight Time)
15.2066,15.2073,15.2078,15.2076,15.2071,15.2081,15.2079,15.2079,15.2078,15.2082,15.2078,15.2088,15.2086,15.2094,15.2097,15.2094,15.2094,15.2094,15.2089,15.2094,15.2093,15.2093,15.2112,15.212,15.211,15.2113,15.21,15.2097,15.2097,15.2093,15.2085,15.2076,15.2085,15.2058,15.205,15.205,15.205,15.2045,15.2045,15.2042,15.2046,15.2043,15.2053,15.2053,15.2055,15.2059,15.2062,15.2057,15.2057,15.2061,15.207,15.208,15.2076,15.208,15.2083,15.208,15.208,15.208,15.209,15.2088,
Mon Apr 13 2020 19:41:00 GMT-0400 (Eastern Daylight Time)
15.2088,15.2088,15.2091,15.2095,15.209,15.2084,15.2088,15.2085,15.2085,15.2085,15.2088,15.2088,15.2086,15.2082,15.2088,15.2091,15.2096,15.2101,15.2106,15.2102,15.2102,15.211,15.2099,15.2106,15.2109,15.2108,15.2108,15.2102,15.21,15.21,15.21,15.2096,15.2106,15.2101,15.2098,15.21,15.2096,15.2106,15.2109,15.2106,15.2102,15.2102,15.2099,15.2095,15.2091,15.2098,15.209,15.2083,15.209,15.2088,15.2093,15.2091,15.2087,15.2084,15.2088,15.209,15.2094,15.2094,15.2098,15.2095,
Mon Apr 13 2020 19:42:00 GMT-0400 (Eastern Daylight Time)
15.2094,15.2103,15.2087,15.209,15.2093,15.2091,15.2091,15.2087,15.2087,15.2089,15.2083,15.2083,15.2078,15.207,15.2052,15.205,15.2047,15.2054,15.2052,15.2057,15.2057,15.2052,15.2073,15.2046,15.2046,15.2035,15.2036,15.2036,15.2035,15.2027,15.2039,15.2047,15.2037,15.2037,15.2034,15.2037,15.2042,15.2042,15.2052,15.2052,15.2049,15.2046,15.2025,15.2019,15.2019,15.2019,15.203,15.203,15.2026,15.2024,15.2036,15.2033,15.2039,15.2043,15.205,15.2055,15.2055,15.206,15.2067,15.2064,
Mon Apr 13 2020 19:43:00 GMT-0400 (Eastern Daylight Time)
15.2069,15.2073,15.2071,15.2074,15.2066,15.2068,15.2072,15.2072,15.2072,15.2069,15.2067,15.2058,15.205,15.2052,15.2052,15.2048,15.2052,15.2052,15.2047,15.2043,15.2043,15.2046,15.2044,15.2036,15.2049,15.2049,15.2053,15.2053,15.2046,15.2046,15.2037,15.2046,15.2032,15.2032,15.2028,15.2035,15.2035,15.2045,15.2047,15.2035,15.2039,15.2043,15.2043,15.2043,15.2043,15.2037,15.2035,15.2043,15.2045,15.205,15.2047,15.2047,15.2049,15.2049,15.2051,15.2051,15.2048,15.2056,15.2067,15.2073,
Mon Apr 13 2020 19:44:00 GMT-0400 (Eastern Daylight Time)
15.2073,15.2073,15.2078,15.2056,15.2052,15.2054,15.2057,15.2048,15.2043,15.2035,15.2037,15.2032,15.2024,15.2027,15.2019,15.2016,15.2013,15.2031,15.2035,15.2043,15.2043,15.2047,15.2051,15.2054,15.206,15.2091,15.2081,15.2087,15.2092,15.2096,15.2096,15.2093,15.2105,15.2108,15.2119,15.2119,15.2116,15.2115,15.2117,15.2119,15.2123,15.2123,15.2117,15.212,15.2125,15.2122,15.2122,15.2126,15.2134,15.2137,15.2112,15.2118,15.212,15.2123,15.2117,15.212,15.2119,15.2125,15.2125,15.2122,
Mon Apr 13 2020 19:45:00 GMT-0400 (Eastern Daylight Time)
15.2117,15.2109,15.2121,15.2111,15.2108,15.2113,15.2101,15.2097,15.2093,15.21,15.2098,15.2096,15.2108,15.2108,15.2108,15.211,15.2109,15.2105,15.2101,15.2101,15.2082,15.2098,15.2091,15.2088,15.2078,15.2081,15.2085,15.2078,15.2081,15.2078,15.2085,15.2085,15.2088,15.2088,15.2089,15.2093,15.2117,15.2117,15.2135,15.2132,15.2142,15.2149,15.2161,15.2154,15.2154,15.215,15.2147,15.2148,15.2167,15.2171,15.2168,15.2159,15.2164,15.2164,15.2152,15.2144,15.2141,15.2138,15.2134,15.2134,
Mon Apr 13 2020 19:46:00 GMT-0400 (Eastern Daylight Time)
15.2126,15.2122,15.2133,15.2128,15.2129,15.212,15.2124,15.2117,15.2117,15.211,15.2108,15.2111,15.2118,15.2123,15.2112,15.2117,15.2113,15.2107,15.2111,15.2113,15.211,15.2107,15.2113,15.2106,15.2102,15.2098,15.2097,15.2097,15.2103,15.2103,15.2101,15.2104,15.2093,15.2093,15.207,15.207,15.2079,15.2079,15.2077,15.2077,15.208,15.2081,15.2081,15.2083,15.2078,15.2085,15.2082,15.2082,15.2081,15.2072,15.207,15.2067,15.2062,15.2059,15.2054,15.2054,15.2054,15.2058,15.2056,15.2056,
Mon Apr 13 2020 19:47:00 GMT-0400 (Eastern Daylight Time)
15.2053,15.2059,15.2059,15.2057,15.2062,15.2071,15.205,15.2047,15.2037,15.2056,15.205,15.2052,15.2055,15.2055,15.2059,15.2056,15.2053,15.2046,15.2056,15.2051,15.2054,15.2061,15.2064,15.2057,15.206,15.2063,15.2066,15.2045,15.2042,15.2042,15.2042,15.2037,15.2037,15.2033,15.2032,15.2025,15.2038,15.2042,15.2042,15.2044,15.2048,15.2049,15.2071,15.2074,15.207,15.2072,15.2084,15.2075,15.2079,15.2079,15.2094,15.2095,15.21,15.2099,15.2099,15.2105,15.2108,15.2108,15.2108,15.2112,
Mon Apr 13 2020 19:48:00 GMT-0400 (Eastern Daylight Time)
15.2109,15.2113,15.2118,15.211,15.211,15.2115,15.2115,15.2117,15.2128,15.214,15.214,15.2138,15.2125,15.2122,15.2125,15.2125,15.2109,15.2101,15.2101,15.2108,15.2113,15.2116,15.2112,15.2109,15.2103,15.2103,15.2105,15.2101,15.2093,15.2093,15.209,15.2094,15.2094,15.2101,15.2098,15.2098,15.2104,15.2104,15.21,15.2102,15.2102,15.2092,15.2088,15.2076,15.2078,15.2082,15.2085,15.2079,15.2076,15.2085,15.2085,15.208,15.2083,15.2089,15.2093,15.2088,15.2092,15.2097,15.2097,15.2091,
Mon Apr 13 2020 19:49:00 GMT-0400 (Eastern Daylight Time)
15.209,15.2093,15.2079,15.2075,15.2078,15.2074,15.2074,15.2081,15.2084,15.2084,15.2084,15.2079,15.208,15.208,15.2078,15.2083,15.2083,15.209,15.209,15.2082,15.2079,15.2079,15.2076,15.2084,15.2089,15.2084,15.2077,15.2071,15.2066,15.2063,15.2063,15.2068,15.2068,15.2073,15.209,15.208,15.2077,15.2077,15.2077,15.2077,15.2077,15.2074,15.2078,15.2082,15.2088,15.2092,15.2092,15.2089,15.2084,15.209,15.2081,15.2086,15.2083,15.2077,15.2079,15.2083,15.2077,15.2088,15.2084,15.2087,
Mon Apr 13 2020 19:50:00 GMT-0400 (Eastern Daylight Time)
15.2079,15.2079,15.2079,15.2079,15.2087,15.2092,15.2096,15.2093,15.2092,15.2091,15.2091,15.2091,15.2096,15.2096,15.2092,15.2079,15.2083,15.209,15.209,15.2093,15.2093,15.2093,15.2095,15.2097,15.2104,15.2101,15.2107,15.2098,15.2101,15.2103,15.2107,15.2113,15.211,15.2113,15.2111,15.2107,15.2109,15.2106,15.2095,15.2098,15.2099,15.2101,15.2101,15.2098,15.2098,15.2082,15.2089,15.2085,15.2087,15.2083,15.2088,15.2089,15.2091,15.2094,15.2096,15.2096,15.2098,15.2101,15.2101,15.2105,
Mon Apr 13 2020 19:51:00 GMT-0400 (Eastern Daylight Time)
15.21,15.2106,15.2106,15.2103,15.2106,15.2108,15.2103,15.2106,15.2128,15.2136,15.2139,15.2139,15.2137,15.2142,15.2139,15.2126,15.2123,15.2123,15.212,15.212,15.2113,15.2116,15.2116,15.2119,15.2114,15.2116,15.2113,15.2121,15.2121,15.2124,15.213,15.2139,15.2133,15.2127,15.2127,15.2134,15.2132,15.2132,15.2132,15.2113,15.2111,15.2116,15.2119,15.2104,15.2105,15.2105,15.2114,15.2115,15.2115,15.2111,15.2081,15.2092,15.2118,15.2115,15.2118,15.2116,15.2121,15.2131,15.2133,15.2133,
Mon Apr 13 2020 19:52:00 GMT-0400 (Eastern Daylight Time)
15.2124,15.2127,15.2127,15.2134,15.2134,15.214,15.214,15.2133,15.2129,15.2132,15.2132,15.214,15.2136,15.213,15.2126,15.212,15.2127,15.2134,15.2134,15.214,15.214,15.215,15.2161,15.2161,15.2161,15.2177,15.2165,15.2168,15.2165,15.2162,15.2162,15.2164,15.2156,15.2151,15.2143,15.2146,15.2146,15.2146,15.2154,15.2154,15.2154,15.2182,15.218,15.2191,15.2188,15.2185,15.2189,15.2188,15.2191,15.2199,15.2197,15.2195,15.22,15.2194,15.2195,15.2195,15.2196,15.2198,15.2202,15.22,
Mon Apr 13 2020 19:53:00 GMT-0400 (Eastern Daylight Time)
15.2195,15.2195,15.2186,15.2195,15.2188,15.2188,15.2181,15.2184,15.2188,15.2203,15.2203,15.2203,15.2207,15.222,15.2228,15.2221,15.2215,15.2201,15.2209,15.2188,15.2188,15.2185,15.2185,15.2179,15.2176,15.2176,15.2173,15.217,15.2177,15.218,15.2187,15.2182,15.2178,15.2171,15.2176,15.2176,15.2176,15.2176,15.2173,15.2157,15.2154,15.2153,15.215,15.2147,15.2142,15.2142,15.2138,15.2135,15.2135,15.2129,15.2134,15.2106,15.2108,15.2104,15.2104,15.2092,15.2096,15.2094,15.2094,15.2083,
Mon Apr 13 2020 19:54:00 GMT-0400 (Eastern Daylight Time)
15.21,15.2105,15.2102,15.2098,15.2088,15.2088,15.2069,15.2076,15.2104,15.2085,15.2085,15.2112,15.2109,15.2101,15.2104,15.2101,15.2105,15.211,15.2115,15.2112,15.2112,15.2099,15.2101,15.2113,15.2113,15.2113,15.2108,15.2111,15.2114,15.2121,15.2124,15.213,15.213,15.2126,15.213,15.213,15.2129,15.2129,15.2127,15.2127,15.2124,15.2118,15.2118,15.2121,15.2118,15.2124,15.2124,15.2125,15.2122,15.2122,15.2124,15.2123,15.2113,15.2111,15.2114,15.2114,15.2111,15.2107,15.2106,15.2108,
Mon Apr 13 2020 19:55:00 GMT-0400 (Eastern Daylight Time)
15.2103,15.2099,15.2096,15.2101,15.2103,15.2107,15.2107,15.21,15.2093,15.2096,15.2094,15.2104,15.2099,15.2094,15.2099,15.2101,15.2096,15.2103,15.2087,15.2087,15.2071,15.2067,15.2062,15.2071,15.2068,15.207,15.207,15.2072,15.2064,15.205,15.205,15.2063,15.2065,15.2062,15.2066,15.2066,15.2071,15.2071,15.2077,15.2069,15.2069,15.2058,15.2058,15.2058,15.2055,15.2059,15.2068,15.2066,15.205,15.2044,15.2044,15.2045,15.2039,15.2042,15.2042,15.2049,15.2049,15.2057,15.2055,15.2038,
Mon Apr 13 2020 19:56:00 GMT-0400 (Eastern Daylight Time)
15.2042,15.2055,15.2055,15.2054,15.2064,15.2058,15.2058,15.2048,15.2048,15.2054,15.2073,15.2047,15.2045,15.204,15.2032,15.2048,15.2053,15.205,15.2079,15.2079,15.2079,15.2092,15.2094,15.2094,15.209,15.2088,15.2084,15.2084,15.2081,15.2085,15.2085,15.2085,15.2078,15.2078,15.2078,15.2083,15.2081,15.2077,15.2075,15.2075,15.2075,15.21,15.21,15.2095,15.2098,15.2098,15.2095,15.2095,15.2095,15.209,15.209,15.209,15.2083,15.209,15.209,15.209,15.2088,15.2092,15.2098,15.2113,
Mon Apr 13 2020 19:57:00 GMT-0400 (Eastern Daylight Time)
15.2118,15.212,15.2117,15.2117,15.2138,15.2138,15.2141,15.2143,15.2142,15.2153,15.2161,15.2164,15.2169,15.2183,15.2183,15.2183,15.218,15.2176,15.2176,15.2176,15.2162,15.2158,15.215,15.2147,15.2141,15.2141,15.2141,15.2141,15.2141,15.2141,15.2141,15.2137,15.213,15.2133,15.2136,15.2138,15.2143,15.2147,15.2147,15.2144,15.2152,15.218,15.2184,15.2195,15.2198,15.2195,15.2195,15.2181,15.2178,15.2178,15.2181,15.2188,15.2191,15.2191,15.2191,15.2191,15.2191,15.2189,15.2191,15.2187,
Mon Apr 13 2020 19:58:00 GMT-0400 (Eastern Daylight Time)
15.2186,15.2191,15.2197,15.22,15.2203,15.2217,15.2203,15.2205,15.2205,15.2205,15.2205,15.219,15.2193,15.2185,15.2209,15.2206,15.2198,15.2195,15.2191,15.2191,15.2199,15.2209,15.2208,15.221,15.2211,15.2211,15.2221,15.2224,15.221,15.221,15.2208,15.2207,15.2208,15.2208,15.2208,15.2205,15.2205,15.2212,15.2216,15.2222,15.2226,15.2225,15.2225,15.2217,15.2215,15.2201,15.2204,15.2204,15.2214,15.2223,15.2223,15.2223,15.2216,15.2222,15.2211,15.2225,15.223,15.223,15.223,15.2237,
Mon Apr 13 2020 19:59:00 GMT-0400 (Eastern Daylight Time)
15.2237,15.2237,15.2242,15.2242,15.2242,15.2241,15.2241,15.2241,15.2237,15.2231,15.2231,15.2231,15.2235,15.2231,15.2227,15.2223,15.2223,15.2225,15.2223,15.2228,15.223,15.2234,15.2236,15.2233,15.223,15.2248,15.2246,15.2243,15.2238,15.2238,15.2223,15.2223,15.222,15.2216,15.2216,15.2216,15.2219,15.2223,15.2221,15.2221,15.2225,15.2217,15.2217,15.2222,15.2251,15.2226,15.2229,15.2238,15.2263,15.2263,15.2263,15.227,15.2272,15.227,15.227,15.2268,15.226,15.2258,15.2255,15.2258,
Mon Apr 13 2020 20:00:00 GMT-0400 (Eastern Daylight Time)
15.2261,15.2256,15.2253,15.2256,15.2263,15.2252,15.2249,15.2245,15.2229,15.2229,15.2229,15.2232,15.2226,15.2224,15.2225,15.2219,15.2212,15.222,15.2223,15.2227,15.2239,15.2236,15.2226,15.2222,15.2226,15.223,15.223,15.2234,15.2231,15.2235,15.2238,15.2241,15.2264,15.2261,15.2267,15.2267,15.2268,15.2266,15.2266,15.2265,15.2266,15.227,15.227,15.227,15.2273,15.2273,15.2263,15.2263,15.2261,15.2257,15.2261,15.2263,15.2259,15.2267,15.2267,15.2263,15.227,15.2268,15.2268,15.2267,
Mon Apr 13 2020 20:01:00 GMT-0400 (Eastern Daylight Time)
15.2242,15.2239,15.2242,15.2242,15.224,15.224,15.2236,15.2225,15.2223,15.2226,15.2236,15.2236,15.2232,15.2235,15.2235,15.2232,15.2232,15.2237,15.2235,15.2231,15.2235,15.2233,15.2237,15.2241,15.2251,15.2248,15.2248,15.2254,15.2245,15.2245,15.2249,15.2251,15.2255,15.2259,15.2259,15.2259,15.226,15.226,15.2271,15.2266,15.2257,15.226,15.2255,15.2257,15.2245,15.2245,15.2245,15.224,15.2235,15.223,15.2227,15.2216,15.222,15.2212,15.2194,15.2191,15.2189,15.2186,15.2185,15.2185,
Mon Apr 13 2020 20:02:00 GMT-0400 (Eastern Daylight Time)
15.2192,15.2188,15.2188,15.2184,15.2184,15.2167,15.2184,15.2186,15.219,15.2183,15.2187,15.218,15.218,15.2178,15.2185,15.2194,15.2191,15.2191,15.2187,15.2198,15.2196,15.2197,15.2197,15.2197,15.2189,15.2187,15.2187,15.2183,15.2188,15.2177,15.2179,15.2181,15.2174,15.218,15.2187,15.2191,15.2191,15.2193,15.2189,15.2189,15.2201,15.2224,15.2221,15.2219,15.2212,15.2203,15.2201,15.2191,15.2193,15.2191,15.2196,15.22,15.2195,15.2189,15.2184,15.2188,15.2193,15.2193,15.219,15.219,
Mon Apr 13 2020 20:03:00 GMT-0400 (Eastern Daylight Time)
15.2189,15.2206,15.2212,15.2212,15.2208,15.2208,15.2208,15.2213,15.2221,15.2217,15.2223,15.2223,15.2226,15.2241,15.2243,15.2239,15.2233,15.2235,15.2238,15.2238,15.2236,15.2238,15.223,15.223,15.2232,15.2232,15.2236,15.2253,15.227,15.2266,15.2255,15.225,15.2255,15.2255,15.227,15.227,15.2271,15.2277,15.2291,15.2288,15.2293,15.229,15.229,15.229,15.2288,15.2285,15.2285,15.228,15.2277,15.2275,15.2275,15.2263,15.2267,15.2276,15.2282,15.228,15.2277,15.2286,15.2282,15.2282,
Mon Apr 13 2020 20:04:00 GMT-0400 (Eastern Daylight Time)
15.2285,15.2285,15.2285,15.2282,15.2276,15.2273,15.2276,15.2276,15.2287,15.2296,15.2298,15.2295,15.2295,15.2286,15.2294,15.2294,15.2287,15.2289,15.2292,15.2279,15.2291,15.2291,15.2287,15.2284,15.228,15.228,15.2276,15.2276,15.2273,15.227,15.2267,15.2271,15.2267,15.2262,15.2274,15.228,15.2283,15.2307,15.2307,15.23,15.2303,15.23,15.2296,15.2296,15.2298,15.2289,15.2292,15.2289,15.2287,15.2287,15.2287,15.2288,15.2281,15.2278,15.2273,15.2276,15.2276,15.2276,15.2277,15.2284,
Mon Apr 13 2020 20:05:00 GMT-0400 (Eastern Daylight Time)
15.2284,15.2288,15.2291,15.2288,15.2278,15.2288,15.2288,15.2293,15.2291,15.2296,15.2299,15.2305,15.2278,15.228,15.2283,15.228,15.2289,15.2306,15.23,15.23,15.23,15.2305,15.2305,15.2304,15.2299,15.229,15.2284,15.2288,15.2281,15.2278,15.2272,15.2275,15.2275,15.2261,15.2264,15.2269,15.2269,15.2269,15.2262,15.2251,15.2251,15.2272,15.227,15.227,15.2266,15.2279,15.2283,15.2285,15.2285,15.2285,15.2291,15.2292,15.2292,15.2292,15.2289,15.2289,15.229,15.2296,15.2301,15.2305,
Mon Apr 13 2020 20:06:00 GMT-0400 (Eastern Daylight Time)
15.2303,15.2298,15.2303,15.2311,15.2311,15.2311,15.231,15.231,15.2315,15.2321,15.2321,15.2321,15.2327,15.2322,15.2325,15.2325,15.2325,15.2323,15.2323,15.2318,15.2315,15.2323,15.2323,15.2323,15.2325,15.2325,15.2324,15.233,15.2321,15.232,15.232,15.2318,15.2316,15.231,15.2291,15.2295,15.2303,15.2306,15.2307,15.2293,15.2297,15.2291,15.2291,15.2301,15.2295,15.2296,15.2298,15.2295,15.2294,15.2291,15.2291,15.2306,15.2301,15.2301,15.2301,15.2301,15.2307,15.2313,15.232,15.2321,
Mon Apr 13 2020 20:07:00 GMT-0400 (Eastern Daylight Time)
15.2321,15.2325,15.2328,15.2339,15.2342,15.2325,15.2325,15.2322,15.2322,15.2317,15.2317,15.2317,15.2323,15.2324,15.2313,15.2313,15.2313,15.2316,15.2315,15.2317,15.2317,15.2335,15.2338,15.2338,15.2328,15.2328,15.233,15.233,15.2321,15.2322,15.2316,15.2322,15.2322,15.2327,15.2327,15.2324,15.233,15.2334,15.2347,15.2362,15.2353,15.2351,15.2363,15.2359,15.2355,15.2355,15.2349,15.2343,15.2352,15.2344,15.2353,15.2367,15.2364,15.2361,15.2365,15.2388,15.2388,15.2386,15.2382,15.2367,
Mon Apr 13 2020 20:08:00 GMT-0400 (Eastern Daylight Time)
15.236,15.2357,15.2357,15.2351,15.2351,15.2337,15.2336,15.2339,15.2331,15.2338,15.2338,15.234,15.2346,15.234,15.2334,15.2331,15.2331,15.2328,15.2332,15.2318,15.2314,15.2311,15.2291,15.2285,15.229,15.2288,15.228,15.228,15.2286,15.2276,15.2274,15.2274,15.2276,15.227,15.2275,15.2273,15.227,15.2266,15.2266,15.2265,15.2261,15.2264,15.2252,15.2252,15.2257,15.2259,15.2256,15.2249,15.2242,15.221,15.2207,15.2194,15.2205,15.2195,15.2195,15.2195,15.2192,15.2209,15.2211,15.2214,
Mon Apr 13 2020 20:09:00 GMT-0400 (Eastern Daylight Time)
15.2214,15.2211,15.2211,15.2221,15.2204,15.2204,15.2202,15.2208,15.2213,15.2207,15.2207,15.221,15.2213,15.2217,15.2217,15.2213,15.2211,15.2213,15.221,15.2203,15.2203,15.2193,15.219,15.2193,15.2196,15.2199,15.2202,15.2206,15.2206,15.2203,15.2203,15.22,15.2197,15.2199,15.2199,15.2191,15.2191,15.2188,15.2193,15.2193,15.2196,15.2187,15.2175,15.2175,15.2171,15.2174,15.2169,15.2169,15.2169,15.2175,15.2182,15.2188,15.2185,15.2191,15.2191,15.2194,15.2189,15.2198,15.2201,15.2204,
Mon Apr 13 2020 20:10:00 GMT-0400 (Eastern Daylight Time)
15.221,15.2214,15.2224,15.2229,15.2227,15.2224,15.2224,15.2229,15.2225,15.2226,15.2226,15.2234,15.2234,15.2242,15.2239,15.2242,15.2242,15.2249,15.2252,15.2254,15.2254,15.2258,15.2254,15.2257,15.2246,15.2245,15.2249,15.2244,15.2244,15.2241,15.2249,15.2258,15.2248,15.2246,15.2246,15.2246,15.2246,15.2247,15.2245,15.2249,15.2252,15.2269,15.2266,15.2266,15.2266,15.2259,15.2251,15.2251,15.2251,15.2249,15.2249,15.2249,15.2249,15.2243,15.2251,15.2248,15.224,15.224,15.2234,15.2228,
Mon Apr 13 2020 20:11:00 GMT-0400 (Eastern Daylight Time)
15.2228,15.2237,15.2208,15.2205,15.2205,15.2215,15.2213,15.2213,15.2218,15.2243,15.2235,15.2232,15.2236,15.2234,15.2234,15.2232,15.2227,15.2227,15.223,15.223,15.2227,15.2227,15.2227,15.2227,15.2223,15.2223,15.2223,15.2223,15.222,15.2225,15.2225,15.2225,15.2222,15.2212,15.2212,15.2212,15.2212,15.2218,15.2224,15.2229,15.2229,15.2229,15.2227,15.2227,15.2227,15.2222,15.2222,15.2218,15.2218,15.2215,15.2212,15.2211,15.2205,15.2205,15.2205,15.2205,15.2205,15.2202,15.2197,15.2197,
Mon Apr 13 2020 20:12:00 GMT-0400 (Eastern Daylight Time)
15.2197,15.2207,15.2211,15.2209,15.2219,15.2226,15.2228,15.2228,15.2238,15.2238,15.2244,15.2244,15.2244,15.2244,15.2244,15.2244,15.2244,15.2236,15.223,15.223,15.223,15.2228,15.2232,15.2232,15.2232,15.2235,15.2244,15.2244,15.2244,15.2247,15.225,15.2261,15.2261,15.2267,15.2267,15.2267,15.2267,15.2283,15.2278,15.2276,15.2276,15.2271,15.2271,15.2271,15.2271,15.2271,15.2265,15.2265,15.2265,15.2265,15.2265,15.2268,15.2268,15.2265,15.2264,15.2266,15.2264,15.2266,15.2266,15.2262,
Mon Apr 13 2020 20:13:00 GMT-0400 (Eastern Daylight Time)
15.2262,15.2262,15.2267,15.2267,15.2261,15.2265,15.2265,15.2265,15.2265,15.2261,15.2258,15.2258,15.2253,15.2255,15.2258,15.2253,15.2253,15.225,15.2246,15.2246,15.226,15.2257,15.2257,15.2251,15.2248,15.2246,15.2246,15.2244,15.2244,15.2243,15.2241,15.2244,15.2244,15.2236,15.2236,15.2236,15.2236,15.2232,15.2234,15.223,15.2215,15.2202,15.2211,15.2209,15.2209,15.2198,15.2201,15.2198,15.2187,15.2192,15.2189,15.2187,15.219,15.2174,15.2174,15.2168,15.2182,15.2187,15.2187,15.2187,
Mon Apr 13 2020 20:14:00 GMT-0400 (Eastern Daylight Time)
15.219,15.2183,15.2185,15.2187,15.2174,15.2168,15.2171,15.2167,15.2171,15.2171,15.2164,15.2164,15.2158,15.2149,15.2149,15.2142,15.2146,15.2157,15.2162,15.216,15.2163,15.2178,15.2175,15.2177,15.2172,15.2167,15.217,15.2184,15.2166,15.2162,15.2162,15.2159,15.2157,15.2156,15.2158,15.216,15.2158,15.2158,15.2155,15.2152,15.217,15.217,15.2166,15.2169,15.2172,15.2176,15.2183,15.2187,15.2183,15.2183,15.2177,15.2175,15.2158,15.2159,15.2146,15.2146,15.2142,15.2107,15.2107,15.2097,
Mon Apr 13 2020 20:15:00 GMT-0400 (Eastern Daylight Time)
15.2099,15.2102,15.2106,15.2103,15.2103,15.2095,15.2095,15.2108,15.2118,15.2113,15.211,15.2108,15.2104,15.2099,15.2095,15.21,15.21,15.2101,15.2104,15.2104,15.2117,15.2119,15.2116,15.2132,15.2133,15.2131,15.2133,15.2147,15.2144,15.2138,15.214,15.2142,15.2138,15.2137,15.2137,15.2135,15.2135,15.2138,15.2142,15.2139,15.2139,15.2132,15.2129,15.2129,15.2123,15.2123,15.2123,15.2123,15.2126,15.2129,15.2135,15.2138,15.2142,15.2142,15.2131,15.2131,15.2125,15.212,15.2129,15.2126,
Mon Apr 13 2020 20:16:00 GMT-0400 (Eastern Daylight Time)
15.213,15.2146,15.2149,15.2146,15.2146,15.2141,15.2144,15.2153,15.2151,15.2146,15.215,15.215,15.2145,15.2141,15.2141,15.2145,15.2142,15.2142,15.2138,15.2146,15.2154,15.2154,15.2149,15.2152,15.2154,15.2154,15.2158,15.2161,15.2158,15.2159,15.2158,15.2152,15.2154,15.2148,15.2145,15.2148,15.2148,15.2142,15.2129,15.2127,15.2124,15.2114,15.2114,15.2123,15.2132,15.2136,15.2142,15.2138,15.2122,15.2122,15.2104,15.2101,15.2094,15.2101,15.2107,15.2104,15.2104,15.2098,15.2098,15.2095,
Mon Apr 13 2020 20:17:00 GMT-0400 (Eastern Daylight Time)
15.2091,15.2091,15.2093,15.2085,15.2088,15.2101,15.2098,15.2098,15.2101,15.2107,15.2106,15.2109,15.2107,15.213,15.2126,15.2129,15.2126,15.2138,15.2138,15.2145,15.2148,15.216,15.216,15.2164,15.2161,15.2164,15.2164,15.2167,15.2164,15.2154,15.2155,15.215,15.2121,15.2117,15.2112,15.2115,15.212,15.2125,15.2124,15.2134,15.2134,15.213,15.213,15.2122,15.2122,15.2119,15.2119,15.2116,15.2112,15.2115,15.2093,15.209,15.2092,15.2096,15.2102,15.2108,15.2108,15.2107,15.2103,15.2104,
Mon Apr 13 2020 20:18:00 GMT-0400 (Eastern Daylight Time)
15.2107,15.2107,15.2121,15.2119,15.2121,15.2118,15.2114,15.2117,15.212,15.212,15.212,15.2129,15.2122,15.2119,15.2124,15.2121,15.2108,15.2105,15.2108,15.2106,15.2118,15.2118,15.2123,15.2127,15.2127,15.2121,15.2121,15.2121,15.2117,15.2115,15.2111,15.2111,15.2114,15.2119,15.2123,15.2115,15.2116,15.2116,15.2112,15.2114,15.2131,15.2128,15.2125,15.2122,15.2121,15.2114,15.2119,15.211,15.211,15.211,15.2114,15.2117,15.2108,15.2108,15.2105,15.2114,15.2114,15.2118,15.2116,15.2108,
Mon Apr 13 2020 20:19:00 GMT-0400 (Eastern Daylight Time)
15.2108,15.2089,15.2083,15.2076,15.2076,15.2073,15.2068,15.2067,15.2067,15.2075,15.2078,15.2078,15.2078,15.2081,15.2084,15.2082,15.2075,15.2075,15.2074,15.2074,15.2077,15.2085,15.2084,15.2084,15.2084,15.2086,15.2083,15.2078,15.2079,15.2076,15.2098,15.2098,15.2095,15.2095,15.2088,15.2088,15.2088,15.2091,15.2088,15.2087,15.209,15.209,15.2109,15.2122,15.2122,15.2122,15.2126,15.2129,15.2132,15.2132,15.2141,15.2121,15.2116,15.2112,15.2117,15.2115,15.2103,15.2103,15.2106,15.2102,
Mon Apr 13 2020 20:20:00 GMT-0400 (Eastern Daylight Time)
15.2102,15.2102,15.2098,15.211,15.211,15.211,15.2109,15.2113,15.2109,15.2096,15.2102,15.2098,15.2106,15.2111,15.2108,15.2108,15.2118,15.2115,15.2132,15.2128,15.2135,15.2139,15.2137,15.2135,15.2133,15.2135,15.2138,15.2146,15.2142,15.2146,15.214,15.2143,15.2143,15.2133,15.2137,15.2135,15.2133,15.2139,15.2138,15.214,15.2144,15.2149,15.2149,15.2152,15.2145,15.2135,15.2123,15.2127,15.2123,15.2134,15.2132,15.2132,15.2129,15.2129,15.2122,15.2118,15.2129,15.2129,15.2125,15.2123,
Mon Apr 13 2020 20:21:00 GMT-0400 (Eastern Daylight Time)
15.2126,15.2124,15.2127,15.2146,15.2146,15.2146,15.2134,15.2129,15.2129,15.2126,15.2138,15.2145,15.2139,15.2139,15.2151,15.2151,15.2161,15.2164,15.2179,15.2181,15.2177,15.2186,15.2191,15.2188,15.2184,15.2181,15.2184,15.2184,15.2186,15.218,15.2176,15.2159,15.2166,15.2178,15.2152,15.2156,15.2153,15.2145,15.2143,15.214,15.2131,15.2131,15.2129,15.2122,15.2122,15.2132,15.2134,15.2134,15.2135,15.2135,15.2134,15.2137,15.2134,15.2136,15.2127,15.2129,15.2129,15.2135,15.2135,15.2138,
Mon Apr 13 2020 20:22:00 GMT-0400 (Eastern Daylight Time)
15.2138,15.2138,15.2146,15.2146,15.2146,15.2144,15.2141,15.2137,15.2153,15.2153,15.2154,15.2156,15.2169,15.2171,15.2168,15.217,15.2189,15.2199,15.2194,15.2204,15.217,15.217,15.2182,15.2179,15.2179,15.2181,15.218,15.218,15.218,15.2176,15.2166,15.2153,15.215,15.2156,15.216,15.2163,15.2163,15.2163,15.2151,15.2151,15.2151,15.2145,15.2142,15.2152,15.2149,15.2153,15.2153,15.218,15.2184,15.2184,15.2168,15.2168,15.2178,15.2176,15.2166,15.2156,15.2158,15.2158,15.2156,15.218,
Mon Apr 13 2020 20:23:00 GMT-0400 (Eastern Daylight Time)
15.2175,15.2175,15.2177,15.2176,15.2174,15.2174,15.2174,15.218,15.2176,15.2183,15.2186,15.2186,15.2181,15.2183,15.2183,15.2169,15.2172,15.2165,15.216,15.215,15.215,15.2146,15.2146,15.2143,15.2138,15.2142,15.2135,15.2131,15.2127,15.2129,15.2135,15.2132,15.2132,15.2138,15.2137,15.2141,15.2145,15.2133,15.2138,15.2141,15.2141,15.2133,15.2144,15.2124,15.213,15.213,15.2125,15.212,15.2124,15.2124,15.2127,15.2124,15.213,15.2124,15.2117,15.2111,15.2109,15.2104,15.2101,15.2101,
Mon Apr 13 2020 20:24:00 GMT-0400 (Eastern Daylight Time)
15.2096,15.2079,15.2081,15.2096,15.2094,15.2094,15.2092,15.2105,15.2105,15.2093,15.2097,15.2101,15.2097,15.2091,15.2098,15.2101,15.2091,15.2091,15.2084,15.2087,15.2085,15.2089,15.2087,15.2095,15.2089,15.2089,15.2089,15.2094,15.2098,15.2105,15.2097,15.2099,15.209,15.2087,15.2089,15.2099,15.2106,15.2106,15.2107,15.211,15.2117,15.2111,15.2125,15.2137,15.2137,15.2146,15.2143,15.2145,15.2143,15.2146,15.2152,15.215,15.2147,15.2145,15.2149,15.2149,15.2149,15.2153,15.2158,15.2158,
Mon Apr 13 2020 20:25:00 GMT-0400 (Eastern Daylight Time)
15.2168,15.217,15.2183,15.2187,15.2187,15.2216,15.2223,15.2223,15.2223,15.2225,15.2225,15.2228,15.2231,15.2231,15.2244,15.224,15.2232,15.2237,15.224,15.224,15.223,15.2224,15.2221,15.2224,15.2227,15.22,15.22,15.2207,15.2214,15.2208,15.2213,15.2208,15.2208,15.221,15.2217,15.2209,15.2209,15.2219,15.2218,15.221,15.221,15.2207,15.2201,15.2201,15.2193,15.2186,15.2183,15.2174,15.2167,15.2171,15.216,15.2178,15.2175,15.2172,15.2175,15.2179,15.2168,15.2168,15.217,15.217,
Mon Apr 13 2020 20:26:00 GMT-0400 (Eastern Daylight Time)
15.2165,15.2162,15.2155,15.2152,15.214,15.2139,15.2139,15.2144,15.2147,15.2159,15.2165,15.2146,15.2176,15.2176,15.2183,15.2186,15.2195,15.2195,15.2195,15.2204,15.2204,15.2189,15.2192,15.2189,15.2182,15.2175,15.2179,15.2179,15.2182,15.2183,15.218,15.2183,15.2181,15.2181,15.2182,15.2189,15.2192,15.2218,15.2218,15.2222,15.221,15.221,15.2208,15.2207,15.2179,15.2182,15.2185,15.2183,15.2189,15.2185,15.2187,15.2193,15.2201,15.2207,15.2207,15.2217,15.2241,15.2225,15.2215,15.2215,
Mon Apr 13 2020 20:27:00 GMT-0400 (Eastern Daylight Time)
15.2211,15.2196,15.22,15.2207,15.221,15.2207,15.2203,15.22,15.2213,15.221,15.2207,15.2189,15.2184,15.2192,15.2189,15.2189,15.2183,15.2183,15.2181,15.2183,15.2183,15.2174,15.2174,15.2169,15.2166,15.2166,15.2163,15.2172,15.2175,15.2175,15.2175,15.2172,15.217,15.217,15.217,15.2166,15.2173,15.2164,15.2164,15.2158,15.2158,15.2153,15.2181,15.2184,15.2181,15.2177,15.2178,15.2174,15.2163,15.216,15.216,15.2157,15.2155,15.217,15.217,15.2177,15.2179,15.2176,15.2176,15.2173,
Mon Apr 13 2020 20:28:00 GMT-0400 (Eastern Daylight Time)
15.2177,15.2175,15.2175,15.2167,15.2167,15.2163,15.2185,15.2177,15.2177,15.2166,15.217,15.2169,15.2172,15.2174,15.2174,15.2174,15.218,15.218,15.2177,15.217,15.2175,15.2169,15.2169,15.2172,15.2169,15.2167,15.2164,15.2172,15.2177,15.2177,15.2181,15.2173,15.2178,15.2178,15.2156,15.2152,15.2149,15.2149,15.2149,15.2152,15.2166,15.2176,15.2176,15.2187,15.218,15.2177,15.2173,15.2168,15.2168,15.2165,15.2165,15.2159,15.2163,15.2168,15.2168,15.217,15.217,15.2167,15.2159,15.2134,
Mon Apr 13 2020 20:29:00 GMT-0400 (Eastern Daylight Time)
15.2134,15.2134,15.2158,15.2161,15.2168,15.2175,15.218,15.218,15.2175,15.2175,15.2171,15.2175,15.2175,15.2163,15.2136,15.2137,15.214,15.2144,15.2144,15.2137,15.2137,15.2137,15.2126,15.2124,15.2126,15.2121,15.2117,15.2115,15.2116,15.2116,15.2116,15.2125,15.2122,15.2107,15.2122,15.2116,15.2116,15.2119,15.2119,15.2115,15.2119,15.2124,15.2129,15.2133,15.2138,15.2116,15.2116,15.2125,15.2128,15.2133,15.2133,15.2134,15.2134,15.2136,15.2133,15.2119,15.2119,15.2119,15.2114,15.2121,
Mon Apr 13 2020 20:30:00 GMT-0400 (Eastern Daylight Time)
15.2126,15.2126,15.2126,15.2122,15.2128,15.2128,15.2128,15.2149,15.2144,15.2144,15.2148,15.2146,15.2155,15.2159,15.2159,15.2163,15.2163,15.2163,15.2163,15.2153,15.2159,15.2142,15.2142,15.2162,15.2158,15.2163,15.2168,15.2161,15.2161,15.2156,15.2164,15.2166,15.2162,15.2162,15.2162,15.2174,15.2174,15.2172,15.2172,15.2168,15.2167,15.2168,15.2168,15.2169,15.2169,15.2177,15.2177,15.2177,15.2177,15.2167,15.2174,15.2159,15.2157,15.2157,15.2159,15.2149,15.2146,15.2141,15.2141,15.2135,
Mon Apr 13 2020 20:31:00 GMT-0400 (Eastern Daylight Time)
15.2138,15.2138,15.213,15.2128,15.2128,15.2133,15.2148,15.2143,15.2152,15.2148,15.2154,15.215,15.2155,15.2155,15.2165,15.2168,15.2166,15.2169,15.2174,15.2179,15.2174,15.2169,15.2169,15.2169,15.2169,15.2169,15.2174,15.2184,15.218,15.2198,15.2198,15.22,15.2193,15.2191,15.2197,15.2198,15.2205,15.2205,15.2205,15.2191,15.2191,15.2197,15.2197,15.2181,15.2176,15.2176,15.2176,15.2171,15.2171,15.2168,15.2168,15.2171,15.2171,15.2171,15.2171,15.2171,15.2168,15.2168,15.217,15.2173,
Mon Apr 13 2020 20:32:00 GMT-0400 (Eastern Daylight Time)
15.2171,15.2167,15.217,15.2174,15.2179,15.2179,15.2179,15.2159,15.2159,15.2159,15.2161,15.2165,15.2165,15.2165,15.2165,15.2171,15.2168,15.2168,15.2173,15.2173,15.2174,15.2172,15.2172,15.2174,15.2169,15.2166,15.2166,15.2171,15.2175,15.2175,15.2165,15.2161,15.2176,15.2176,15.2178,15.2178,15.2167,15.2157,15.2153,15.215,15.2143,15.2136,15.2136,15.2138,15.2127,15.2125,15.2127,15.2124,15.2124,15.215,15.215,15.2159,15.2161,15.2161,15.2164,15.2164,15.2164,15.2164,15.2164,15.2164,
Mon Apr 13 2020 20:33:00 GMT-0400 (Eastern Daylight Time)
15.2171,15.2155,15.2167,15.2167,15.216,15.2165,15.2162,15.2162,15.2158,15.2158,15.2158,15.2158,15.2158,15.2161,15.2156,15.2152,15.2155,15.2155,15.2158,15.2158,15.2158,15.2154,15.2154,15.2163,15.2163,15.2163,15.217,15.2166,15.2166,15.2166,15.2166,15.2166,15.216,15.216,15.2158,15.2158,15.2158,15.2165,15.216,15.2165,15.218,15.2186,15.2186,15.2189,15.2187,15.2196,15.2196,15.2203,15.2203,15.22,15.2208,15.2211,15.2214,15.2218,15.2217,15.2211,15.2221,15.2231,15.2217,15.2223,
Mon Apr 13 2020 20:34:00 GMT-0400 (Eastern Daylight Time)
15.2226,15.2226,15.223,15.2235,15.2235,15.2238,15.2238,15.2238,15.2224,15.2221,15.2224,15.2222,15.2228,15.2228,15.2233,15.2241,15.2241,15.2238,15.2242,15.2247,15.225,15.2253,15.2249,15.2257,15.2259,15.2256,15.2261,15.225,15.2241,15.2233,15.2215,15.2211,15.2205,15.2198,15.2192,15.2178,15.2181,15.2188,15.2189,15.2185,15.2185,15.2185,15.2185,15.218,15.2176,15.2182,15.2181,15.2176,15.2166,15.2155,15.2154,15.2147,15.215,15.2153,15.2153,15.2157,15.2159,15.2155,15.2148,15.2168,
Mon Apr 13 2020 20:35:00 GMT-0400 (Eastern Daylight Time)
15.2165,15.2161,15.2161,15.2162,15.2162,15.2167,15.2167,15.2172,15.2168,15.2137,15.213,15.2144,15.2144,15.2138,15.2138,15.2144,15.2141,15.2137,15.214,15.2136,15.2132,15.2132,15.2134,15.2142,15.2138,15.214,15.214,15.2142,15.2137,15.2134,15.2134,15.2137,15.2134,15.2132,15.2144,15.215,15.2147,15.214,15.2135,15.2137,15.2134,15.2137,15.2141,15.2136,15.2133,15.2133,15.2133,15.2133,15.2138,15.2145,15.2146,15.2146,15.2135,15.2135,15.2135,15.2134,15.2131,15.2135,15.216,15.2139,
