Fri Apr 17 2020 23:52:57 GMT-0400 (Eastern Daylight Time)
15.1643,15.1643,15.1643,15.1651,15.1646,15.1647,15.1647,15.1645,15.1645,15.1648,15.1642,15.1642,15.1642,15.1642,15.1642,15.1646,15.1646,15.1641,15.1636,15.166,15.166,15.1649,15.1647,15.1645,15.1647,15.1647,15.1672,15.1672,15.1687,15.1692,15.1693,15.1684,15.1684,15.1684,15.1654,15.1658,15.1655,15.1655,15.165,15.165,15.1648,15.1642,15.1634,15.163,15.1621,15.1621,15.1614,15.1604,15.1604,15.1607,15.1606,15.1611,15.1611,15.1614,15.162,15.162,15.162,15.162,15.1617,15.1617,
Fri Apr 17 2020 23:53:57 GMT-0400 (Eastern Daylight Time)
15.1616,15.1616,15.1616,15.1616,15.1616,15.1582,15.158,15.1583,15.1588,15.1586,15.1588,15.1581,15.1581,15.1584,15.158,15.159,15.1598,15.1609,15.1609,15.1611,15.1611,15.1621,15.1624,15.1628,15.1628,15.1635,15.1623,15.1623,15.162,15.1623,15.1616,15.1612,15.1614,15.1614,15.1603,15.1618,15.1618,15.1612,15.1599,15.1608,15.1611,15.1608,15.1611,15.1614,15.1617,15.1617,15.1615,15.1624,15.1616,15.1616,15.1613,15.1613,15.1611,15.1613,15.1605,15.1593,15.1596,15.1603,15.16,15.16,
Fri Apr 17 2020 23:54:57 GMT-0400 (Eastern Daylight Time)
15.16,15.1603,15.162,15.1611,15.1608,15.1614,15.1612,15.1612,15.1616,15.1612,15.1611,15.1606,15.1606,15.1613,15.1605,15.1611,15.1611,15.1619,15.1622,15.1622,15.1622,15.1617,15.1607,15.1592,15.1592,15.1598,15.1595,15.1589,15.1578,15.157,15.1568,15.1572,15.1579,15.1596,15.1592,15.1582,15.1582,15.1579,15.1583,15.1591,15.1586,15.1589,15.1589,15.1583,15.1581,15.16,15.1614,15.1602,15.1602,15.1602,15.1602,15.1598,15.1601,15.1606,15.1608,15.1627,15.1624,15.1614,15.1614,15.1618,
Fri Apr 17 2020 23:55:57 GMT-0400 (Eastern Daylight Time)
15.1613,15.1622,15.1623,15.1644,15.1644,15.1633,15.1628,15.1628,15.1628,15.1632,15.1631,15.1631,15.1631,15.1642,15.164,15.1658,15.1638,15.1642,15.1643,15.1647,15.1642,15.1642,15.1651,15.1651,15.1642,15.1642,15.1638,15.1641,15.1644,15.1635,15.1629,15.1648,15.1643,15.1649,15.1669,15.1671,15.1679,15.1679,15.1668,15.1667,15.1659,15.1662,15.1659,15.1638,15.1633,15.1638,15.164,15.1638,15.1641,15.1638,15.1638,15.1634,15.1647,15.1651,15.1658,15.1662,15.1664,15.1667,15.1678,15.1675,
Fri Apr 17 2020 23:56:57 GMT-0400 (Eastern Daylight Time)
15.1679,15.1685,15.1679,15.1681,15.1689,15.1689,15.1689,15.1689,15.1693,15.1701,15.1692,15.1699,15.1682,15.1687,15.1687,15.168,15.1682,15.168,15.1684,15.1694,15.1694,15.1694,15.1698,15.169,15.169,15.1693,15.1675,15.1675,15.1675,15.168,15.169,15.1687,15.168,15.1676,15.1689,15.1695,15.1697,15.1697,15.1692,15.1689,15.1689,15.1692,15.1692,15.169,15.1692,15.1697,15.1688,15.1695,15.1695,15.168,15.1676,15.1681,15.1684,15.1684,15.1687,15.1684,15.1681,15.1674,15.1668,15.167,
Fri Apr 17 2020 23:57:57 GMT-0400 (Eastern Daylight Time)
15.1674,15.1674,15.1679,15.1679,15.169,15.1686,15.1689,15.167,15.1673,15.1673,15.1672,15.1686,15.1679,15.1679,15.1685,15.1692,15.1697,15.1706,15.1709,15.1703,15.1706,15.1701,15.1702,15.1699,15.1699,15.1699,15.1695,15.1692,15.1687,15.1687,15.1688,15.1688,15.1684,15.1679,15.1686,15.1682,15.1686,15.1686,15.1681,15.1674,15.1674,15.1665,15.1662,15.1655,15.1657,15.1657,15.1656,15.1653,15.165,15.1654,15.1671,15.1671,15.1661,15.1663,15.1659,15.1662,15.1674,15.168,15.1678,15.1678,
Fri Apr 17 2020 23:58:57 GMT-0400 (Eastern Daylight Time)
15.1673,15.1667,15.167,15.167,15.167,15.168,15.165,15.1649,15.1646,15.1642,15.1641,15.1641,15.1644,15.1643,15.1661,15.1656,15.1656,15.1643,15.1646,15.165,15.1658,15.1664,15.1668,15.1668,15.1672,15.1668,15.1673,15.1679,15.1675,15.1679,15.1669,15.1653,15.1649,15.1644,15.1647,15.1644,15.1639,15.1637,15.1637,15.1645,15.1642,15.1636,15.1635,15.1635,15.1635,15.1635,15.1626,15.1629,15.1626,15.1612,15.1617,15.1613,15.1625,15.1625,15.1625,15.1628,15.1639,15.1633,15.1632,15.1632,
Fri Apr 17 2020 23:59:57 GMT-0400 (Eastern Daylight Time)
15.1632,15.1645,15.1648,15.1651,15.1651,15.1649,15.1652,15.1655,15.1659,15.1664,15.166,15.1662,15.1649,15.164,15.1643,15.1629,15.1629,15.1626,15.1629,15.1616,15.1621,15.1616,15.161,15.1618,15.1623,15.163,15.163,15.163,15.1639,15.1644,15.1639,15.1647,15.1645,15.1649,15.1652,15.1659,15.1665,15.1669,15.1671,15.1677,15.169,15.169,15.1694,15.1666,15.1666,15.1674,15.1678,15.1682,15.1686,15.1689,15.169,15.1694,15.1688,15.1691,15.1694,15.1681,15.1687,15.1689,15.1692,15.1698,
Sat Apr 18 2020 00:00:57 GMT-0400 (Eastern Daylight Time)
15.1698,15.1712,15.1714,15.1717,15.1723,15.1723,15.1723,15.1709,15.1709,15.1709,15.1715,15.17,15.1703,15.1708,15.1705,15.1705,15.1701,15.1706,15.1708,15.1702,15.1707,15.1714,15.1709,15.1706,15.1705,15.1704,15.1707,15.1706,15.1706,15.1699,15.1697,15.17,15.1706,15.1709,15.17,15.17,15.1703,15.1697,15.1704,15.1715,15.1714,15.1719,15.1719,15.1715,15.1718,15.1718,15.1709,15.1709,15.1709,15.1715,15.1718,15.1716,15.1723,15.1707,15.1707,15.1701,15.1706,15.1704,15.1706,15.1701,
Sat Apr 18 2020 00:01:57 GMT-0400 (Eastern Daylight Time)
15.1706,15.1703,15.1706,15.1715,15.1715,15.1715,15.1715,15.1711,15.1721,15.1716,15.1719,15.1728,15.1728,15.1726,15.1726,15.1726,15.1734,15.1734,15.1734,15.1704,15.1701,15.1698,15.17,15.1702,15.1703,15.1703,15.17,15.1696,15.1699,15.1701,15.1717,15.1714,15.1711,15.1722,15.172,15.1714,15.1708,15.1713,15.1713,15.1708,15.1712,15.1714,15.1714,15.1718,15.1718,15.172,15.172,15.1723,15.1736,15.1734,15.1737,15.1735,15.1732,15.1742,15.1746,15.1752,15.1749,15.1746,15.1744,15.1736,
Sat Apr 18 2020 00:02:57 GMT-0400 (Eastern Daylight Time)
15.1727,15.173,15.1727,15.1739,15.174,15.1743,15.174,15.1744,15.1748,15.1748,15.1748,15.1752,15.1755,15.1763,15.1765,15.1776,15.1776,15.1756,15.1758,15.1762,15.1753,15.1753,15.1748,15.1762,15.1762,15.1771,15.1771,15.1778,15.1772,15.1772,15.1775,15.1775,15.178,15.178,15.178,15.1784,15.1792,15.1792,15.1792,15.1788,15.1789,15.1791,15.1788,15.1776,15.177,15.177,15.177,15.1773,15.1757,15.1757,15.1765,15.1774,15.1761,15.1761,15.1761,15.175,15.1746,15.1746,15.1743,15.1759,
Sat Apr 18 2020 00:03:57 GMT-0400 (Eastern Daylight Time)
15.1763,15.1763,15.1759,15.1754,15.1751,15.1746,15.1744,15.1746,15.1754,15.1754,15.1754,15.1764,15.1745,15.1748,15.1751,15.1748,15.1749,15.1749,15.1744,15.1741,15.1746,15.1742,15.1752,15.1763,15.1765,15.1762,15.1762,15.1767,15.177,15.177,15.177,15.1773,15.1756,15.1761,15.1759,15.1751,15.1747,15.175,15.1752,15.1746,15.1746,15.175,15.175,15.1736,15.1736,15.1739,15.1737,15.1739,15.1739,15.1756,15.1752,15.1757,15.1753,15.175,15.1753,15.1756,15.1756,15.1753,15.1753,15.1765,
Sat Apr 18 2020 00:04:57 GMT-0400 (Eastern Daylight Time)
15.1765,15.1772,15.1772,15.1776,15.1781,15.1781,15.1788,15.1788,15.1781,15.1781,15.1782,15.1779,15.1779,15.1781,15.1777,15.1778,15.1778,15.1775,15.1771,15.1774,15.1774,15.1774,15.1774,15.1771,15.1782,15.1785,15.179,15.1791,15.179,15.179,15.1787,15.1795,15.1792,15.1792,15.1798,15.1802,15.1805,15.1805,15.1805,15.1808,15.1809,15.1806,15.1808,15.1817,15.182,15.1816,15.1806,15.1829,15.1825,15.1825,15.1827,15.1808,15.1797,15.1799,15.1799,15.177,15.1775,15.1784,15.1784,15.1778,
Sat Apr 18 2020 00:05:57 GMT-0400 (Eastern Daylight Time)
15.1775,15.1775,15.1771,15.1775,15.1775,15.178,15.1774,15.1748,15.1748,15.1748,15.1748,15.1778,15.1781,15.1777,15.1764,15.1767,15.1755,15.1755,15.1758,15.1742,15.1749,15.1754,15.177,15.1774,15.1774,15.1765,15.1765,15.1768,15.1744,15.1744,15.1741,15.1746,15.1749,15.176,15.1755,15.1748,15.1748,15.1751,15.1748,15.1751,15.1747,15.175,15.1746,15.1749,15.1742,15.1745,15.1753,15.1757,15.1755,15.175,15.1748,15.1738,15.1751,15.1755,15.1755,15.1758,15.1756,15.176,15.175,15.1748,
Sat Apr 18 2020 00:06:57 GMT-0400 (Eastern Daylight Time)
15.1746,15.1741,15.1744,15.1739,15.1745,15.175,15.1748,15.175,15.1752,15.1762,15.1759,15.1759,15.1754,15.1751,15.1754,15.1754,15.1738,15.1728,15.1728,15.1722,15.1731,15.1734,15.1734,15.1737,15.1749,15.1748,15.1748,15.1745,15.1747,15.1752,15.1758,15.1761,15.1765,15.1762,15.1765,15.1763,15.1771,15.1779,15.1775,15.1765,15.1759,15.1762,15.1762,15.1762,15.1789,15.1785,15.1766,15.176,15.1757,15.1763,15.176,15.176,15.1776,15.1776,15.1776,15.1773,15.178,15.1778,15.1787,15.1783,
Sat Apr 18 2020 00:07:57 GMT-0400 (Eastern Daylight Time)
15.1774,15.1774,15.1779,15.178,15.1778,15.1782,15.1782,15.1776,15.1782,15.1779,15.1779,15.1791,15.1783,15.178,15.1786,15.1781,15.1787,15.179,15.179,15.179,15.1793,15.1789,15.1789,15.1789,15.1789,15.1787,15.1795,15.1795,15.1801,15.1797,15.1797,15.18,15.1784,15.1784,15.1776,15.1785,15.1787,15.1801,15.1808,15.1806,15.1803,15.1807,15.1808,15.1808,15.1805,15.1805,15.1811,15.1807,15.1815,15.1822,15.1822,15.1823,15.1827,15.1825,15.1825,15.1824,15.1823,15.1804,15.1797,15.1794,
Sat Apr 18 2020 00:08:57 GMT-0400 (Eastern Daylight Time)
15.1791,15.1796,15.1798,15.18,15.1796,15.1799,15.1802,15.1802,15.1796,15.1793,15.1797,15.1795,15.1787,15.1788,15.1785,15.1782,15.1785,15.1785,15.1785,15.1785,15.1778,15.1778,15.1778,15.1776,15.1771,15.1766,15.1758,15.1758,15.1754,15.1754,15.1751,15.1764,15.1769,15.1773,15.177,15.1761,15.1751,15.1751,15.1749,15.1749,15.1757,15.1757,15.1754,15.1754,15.1756,15.1762,15.1759,15.1757,15.176,15.176,15.1772,15.1772,15.1769,15.1769,15.1781,15.1781,15.1786,15.1788,15.1789,15.1781,
Sat Apr 18 2020 00:09:57 GMT-0400 (Eastern Daylight Time)
15.1776,15.1785,15.1796,15.1814,15.1796,15.1799,15.1801,15.1805,15.182,15.182,15.182,15.1825,15.1824,15.1827,15.1839,15.1842,15.1844,15.1849,15.1849,15.1849,15.1846,15.184,15.184,15.1837,15.1848,15.1848,15.1846,15.1848,15.1842,15.1838,15.1836,15.1832,15.1832,15.1832,15.1832,15.1823,15.1836,15.1826,15.1826,15.1823,15.1804,15.1804,15.1804,15.1807,15.181,15.1815,15.1825,15.1827,15.1818,15.1822,15.1822,15.1825,15.1819,15.1835,15.1835,15.1838,15.1843,15.1837,15.1837,15.1837,
Sat Apr 18 2020 00:10:57 GMT-0400 (Eastern Daylight Time)
15.183,15.1826,15.1826,15.1823,15.1819,15.1818,15.1816,15.1823,15.18,15.18,15.1806,15.1808,15.1811,15.1813,15.1813,15.1828,15.184,15.184,15.184,15.1834,15.1836,15.1836,15.1836,15.1823,15.1819,15.1824,15.1818,15.1815,15.1812,15.1809,15.1816,15.1823,15.1829,15.1833,15.1841,15.1839,15.1839,15.1831,15.1831,15.1831,15.1833,15.1833,15.1826,15.183,15.1826,15.1832,15.1828,15.1833,15.1815,15.1815,15.181,15.1827,15.1829,15.1822,15.1815,15.1798,15.1801,15.1799,15.1802,15.1802,
Sat Apr 18 2020 00:11:57 GMT-0400 (Eastern Daylight Time)
15.1785,15.1789,15.1791,15.1788,15.1797,15.1799,15.1796,15.1802,15.1802,15.1802,15.1804,15.1801,15.1801,15.1798,15.1798,15.1809,15.1806,15.1805,15.1801,15.1808,15.1817,15.1817,15.1817,15.1817,15.1825,15.1816,15.1816,15.1821,15.1824,15.1824,15.183,15.1825,15.1818,15.182,15.1816,15.1808,15.1801,15.1802,15.1802,15.1788,15.1791,15.1796,15.1796,15.1796,15.1798,15.1806,15.1803,15.1803,15.1806,15.1798,15.182,15.181,15.1808,15.1811,15.1805,15.1801,15.1804,15.1802,15.1805,15.1805,
Sat Apr 18 2020 00:12:57 GMT-0400 (Eastern Daylight Time)
15.1807,15.1807,15.1799,15.1786,15.1788,15.1783,15.1775,15.1775,15.1777,15.1779,15.1783,15.1783,15.1789,15.1789,15.1787,15.1793,15.1792,15.1795,15.1795,15.1793,15.1803,15.1798,15.1798,15.1793,15.1794,15.1789,15.1789,15.1789,15.1792,15.1799,15.1802,15.1805,15.1802,15.1799,15.1802,15.1805,15.1805,15.1807,15.1814,15.1816,15.1813,15.1816,15.1816,15.1836,15.1827,15.1826,15.1823,15.1831,15.1825,15.1828,15.1832,15.1831,15.1831,15.1844,15.1861,15.1861,15.1861,15.1861,15.1866,15.187,
Sat Apr 18 2020 00:13:57 GMT-0400 (Eastern Daylight Time)
15.1873,15.1884,15.1888,15.1888,15.189,15.1893,15.189,15.1888,15.1867,15.1862,15.1867,15.1858,15.1858,15.1863,15.1858,15.1869,15.1857,15.1851,15.1859,15.1856,15.1856,15.1854,15.1854,15.1851,15.1854,15.1858,15.1844,15.1842,15.182,15.185,15.185,15.185,15.1853,15.1856,15.186,15.1864,15.1859,15.1859,15.1867,15.1874,15.1867,15.1857,15.1852,15.1848,15.1856,15.1855,15.1853,15.1853,15.1827,15.1824,15.1824,15.1824,15.1822,15.1828,15.1822,15.1822,15.1823,15.1809,15.1811,15.1789,
Sat Apr 18 2020 00:14:57 GMT-0400 (Eastern Daylight Time)
15.1791,15.1796,15.1794,15.1794,15.1794,15.179,15.1784,15.1781,15.1781,15.177,15.1774,15.1776,15.1776,15.1799,15.1799,15.1799,15.1804,15.1798,15.1812,15.1812,15.1825,15.1827,15.1829,15.1826,15.1828,15.1819,15.1823,15.1818,15.1817,15.181,15.1812,15.1829,15.1829,15.1824,15.1835,15.1844,15.184,15.1842,15.1844,15.184,15.1837,15.1834,15.1839,15.1839,15.1839,15.1835,15.1828,15.1824,15.1818,15.1816,15.1818,15.1831,15.1831,15.1833,15.1837,15.1837,15.1837,15.1839,15.1839,15.1842,
Sat Apr 18 2020 00:15:57 GMT-0400 (Eastern Daylight Time)
15.1836,15.1836,15.1828,15.1828,15.1819,15.1815,15.1821,15.1809,15.1809,15.1817,15.1817,15.1817,15.1817,15.1817,15.1814,15.1839,15.1836,15.1838,15.1841,15.1841,15.1849,15.1853,15.1848,15.1854,15.1843,15.1852,15.1851,15.1849,15.1858,15.1862,15.1862,15.1862,15.1859,15.1868,15.1868,15.1861,15.1865,15.1865,15.1867,15.1863,15.1858,15.1866,15.1869,15.1867,15.186,15.1857,15.1857,15.1854,15.1863,15.1844,15.1844,15.1848,15.1848,15.1842,15.1839,15.1839,15.1832,15.1836,15.1836,15.1831,
Sat Apr 18 2020 00:16:57 GMT-0400 (Eastern Daylight Time)
15.1838,15.1842,15.1839,15.1823,15.1823,15.1831,15.1831,15.1831,15.1831,15.1822,15.1822,15.182,15.182,15.1823,15.1826,15.1826,15.1827,15.1834,15.183,15.1833,15.183,15.1833,15.1828,15.1828,15.182,15.1824,15.1824,15.1821,15.1807,15.1797,15.1789,15.1791,15.1787,15.1781,15.1781,15.1783,15.1785,15.1795,15.1797,15.1794,15.1785,15.1785,15.1782,15.1786,15.1786,15.1783,15.178,15.1782,15.179,15.1797,15.1794,15.1786,15.1782,15.1779,15.1779,15.1774,15.1774,15.1765,15.1768,15.1773,
Sat Apr 18 2020 00:17:57 GMT-0400 (Eastern Daylight Time)
15.1773,15.1769,15.1782,15.1779,15.1776,15.1797,15.1789,15.1789,15.1792,15.1781,15.1781,15.1784,15.1786,15.1786,15.1786,15.1786,15.1784,15.1799,15.1796,15.1791,15.1793,15.18,15.18,15.1795,15.1797,15.1793,15.1793,15.1782,15.1785,15.1784,15.1781,15.1779,15.1785,15.1795,15.1798,15.1802,15.1795,15.1798,15.1802,15.1808,15.181,15.1829,15.1829,15.1814,15.1814,15.1814,15.1814,15.1805,15.1808,15.1802,15.181,15.1813,15.1815,15.1811,15.1806,15.182,15.183,15.1818,15.1822,15.1838,
Sat Apr 18 2020 00:18:57 GMT-0400 (Eastern Daylight Time)
15.1838,15.1842,15.1849,15.1862,15.1864,15.1862,15.1866,15.1872,15.1876,15.1882,15.1884,15.1886,15.1884,15.1887,15.189,15.1899,15.1902,15.1898,15.1898,15.1898,15.1904,15.1912,15.1919,15.1919,15.1928,15.193,15.1928,15.1928,15.1935,15.1949,15.1949,15.1947,15.1937,15.1955,15.1957,15.196,15.196,15.1961,15.1961,15.1941,15.1936,15.1954,15.1941,15.1948,15.1952,15.1959,15.1965,15.1975,15.1972,15.199,15.199,15.1986,15.1994,15.1992,15.1996,15.1992,15.1992,15.202,15.2027,15.2029,
Sat Apr 18 2020 00:19:57 GMT-0400 (Eastern Daylight Time)
15.202,15.2025,15.2025,15.2032,15.2032,15.2035,15.2029,15.2018,15.2018,15.2015,15.202,15.2027,15.2031,15.2037,15.204,15.2046,15.205,15.2054,15.2051,15.2043,15.2046,15.2043,15.2045,15.2047,15.205,15.2048,15.2051,15.2051,15.2047,15.2041,15.2044,15.2047,15.204,15.2035,15.2037,15.2031,15.2031,15.2037,15.2034,15.2033,15.204,15.2047,15.205,15.2053,15.2053,15.2053,15.2058,15.2044,15.205,15.2053,15.2053,15.2058,15.2059,15.2065,15.2068,15.2052,15.2058,15.2055,15.2062,15.2065,
Sat Apr 18 2020 00:20:57 GMT-0400 (Eastern Daylight Time)
15.2068,15.2068,15.2071,15.2068,15.2057,15.2065,15.2065,15.2055,15.2054,15.2056,15.2051,15.204,15.204,15.204,15.204,15.2035,15.2039,15.2039,15.2045,15.2047,15.205,15.205,15.2043,15.2043,15.2043,15.2037,15.2032,15.2031,15.2041,15.2041,15.204,15.204,15.2047,15.2051,15.2045,15.206,15.2064,15.2064,15.2064,15.2062,15.206,15.2065,15.2059,15.2059,15.205,15.2078,15.2096,15.2098,15.2099,15.2099,15.2102,15.2103,15.2103,15.2103,15.21,15.2114,15.2114,15.2114,15.2118,15.213,
Sat Apr 18 2020 00:21:57 GMT-0400 (Eastern Daylight Time)
15.213,15.213,15.2134,15.2134,15.2139,15.2139,15.2147,15.2144,15.214,15.2142,15.2147,15.2147,15.2147,15.2147,15.214,15.2138,15.2128,15.2132,15.2138,15.2141,15.2139,15.2139,15.2152,15.2139,15.2137,15.2134,15.2136,15.2128,15.2127,15.213,15.213,15.213,15.2133,15.2133,15.2133,15.213,15.213,15.2136,15.2132,15.2129,15.2134,15.2134,15.2135,15.2148,15.2149,15.2154,15.2149,15.2156,15.214,15.2134,15.2138,15.2132,15.2124,15.2124,15.2126,15.2119,15.2117,15.2114,15.214,15.2143,
Sat Apr 18 2020 00:22:57 GMT-0400 (Eastern Daylight Time)
15.2145,15.2154,15.2143,15.2155,15.2155,15.2155,15.2144,15.2155,15.2149,15.2152,15.2156,15.2143,15.2145,15.2141,15.2142,15.2138,15.213,15.2128,15.2128,15.2108,15.2109,15.2109,15.2115,15.2112,15.2113,15.2117,15.2112,15.2112,15.2109,15.2112,15.2097,15.2095,15.2092,15.2094,15.2085,15.2074,15.2074,15.2072,15.21,15.21,15.2109,15.2105,15.2117,15.2122,15.2129,15.2129,15.2129,15.2129,15.2135,15.2135,15.2145,15.2145,15.2145,15.2152,15.2151,15.2151,15.2151,15.2149,15.215,15.215,
Sat Apr 18 2020 00:23:57 GMT-0400 (Eastern Daylight Time)
15.215,15.215,15.2152,15.2152,15.2152,15.2152,15.2154,15.215,15.215,15.2157,15.2161,15.2161,15.2154,15.2154,15.2154,15.2153,15.2155,15.2155,15.2161,15.2161,15.216,15.2158,15.216,15.2156,15.2122,15.2122,15.2125,15.2141,15.2128,15.2119,15.2136,15.2118,15.2109,15.2109,15.2101,15.2101,15.2101,15.2101,15.2101,15.2096,15.2096,15.2098,15.2102,15.2095,15.2095,15.2095,15.2095,15.2095,15.2092,15.2105,15.2128,15.2132,15.2139,15.2135,15.2127,15.2127,15.2159,15.2154,15.2154,15.2154,
Sat Apr 18 2020 00:24:57 GMT-0400 (Eastern Daylight Time)
15.2154,15.2153,15.2156,15.2154,15.2154,15.213,15.2116,15.2137,15.2131,15.2129,15.2135,15.2125,15.2125,15.2119,15.2124,15.2128,15.2131,15.2128,15.212,15.2123,15.2128,15.213,15.2137,15.2137,15.2137,15.2146,15.2142,15.2139,15.2126,15.2128,15.2144,15.2144,15.2134,15.2138,15.2135,15.2137,15.2131,15.2131,15.214,15.214,15.214,15.214,15.2119,15.2119,15.2122,15.2131,15.2141,15.2141,15.2141,15.2141,15.2157,15.2157,15.2158,15.2161,15.2161,15.2161,15.2162,15.2162,15.216,15.216,
Sat Apr 18 2020 00:25:57 GMT-0400 (Eastern Daylight Time)
15.2168,15.2168,15.2165,15.2165,15.2165,15.2165,15.2165,15.2168,15.2168,15.2168,15.2172,15.2172,15.2172,15.2172,15.2175,15.2179,15.2179,15.2179,15.2183,15.2183,15.2183,15.2183,15.2183,15.2177,15.2177,15.2182,15.2172,15.2172,15.2172,15.2172,15.2176,15.2176,15.2176,15.2169,15.216,15.2157,15.2161,15.2166,15.2164,15.2152,15.2164,15.2167,15.2167,15.2167,15.2167,15.2151,15.2149,15.2158,15.2158,15.2186,15.2177,15.2179,15.2175,15.2177,15.2166,15.2166,15.2163,15.2163,15.2159,15.2169,
Sat Apr 18 2020 00:26:57 GMT-0400 (Eastern Daylight Time)
15.2169,15.2174,15.2173,15.217,15.2168,15.217,15.217,15.2178,15.2185,15.2188,15.2172,15.2167,15.2164,15.2164,15.216,15.2162,15.2162,15.2162,15.2162,15.2155,15.2155,15.2159,15.2159,15.2159,15.2146,15.2134,15.2134,15.2128,15.2128,15.2126,15.2126,15.2119,15.2122,15.2119,15.2111,15.211,15.2107,15.2107,15.2112,15.2104,15.2097,15.2097,15.2097,15.2093,15.2097,15.2099,15.2101,15.2096,15.2087,15.2085,15.2085,15.211,15.2106,15.2106,15.2103,15.2102,15.2104,15.2113,15.2119,15.2108,
Sat Apr 18 2020 00:27:57 GMT-0400 (Eastern Daylight Time)
15.2108,15.2105,15.2109,15.2109,15.2109,15.2118,15.2122,15.2125,15.2125,15.212,15.2104,15.2097,15.2107,15.2099,15.2099,15.2104,15.2105,15.2105,15.2107,15.2109,15.2104,15.2098,15.2092,15.2092,15.2096,15.2102,15.2105,15.2105,15.2111,15.2116,15.2116,15.2114,15.2114,15.2112,15.2119,15.2114,15.2117,15.2121,15.2125,15.2122,15.2126,15.2122,15.2123,15.2148,15.2148,15.2148,15.2148,15.2152,15.2152,15.2155,15.2153,15.2156,15.217,15.2172,15.2174,15.2191,15.2193,15.2203,15.22,15.2198,
Sat Apr 18 2020 00:28:57 GMT-0400 (Eastern Daylight Time)
15.2197,15.2192,15.2202,15.2196,15.2193,15.2195,15.2203,15.2221,15.2225,15.2226,15.223,15.2227,15.223,15.2226,15.2226,15.2223,15.2213,15.2212,15.2212,15.221,15.2214,15.2217,15.2217,15.2217,15.2217,15.2217,15.2221,15.2225,15.2227,15.2221,15.2224,15.2227,15.2241,15.2267,15.227,15.227,15.2261,15.2261,15.2275,15.2267,15.2267,15.2264,15.2259,15.2257,15.2257,15.2248,15.2259,15.2264,15.2259,15.2241,15.2236,15.2239,15.223,15.223,15.2236,15.2239,15.2242,15.2236,15.2232,15.2213,
Sat Apr 18 2020 00:29:57 GMT-0400 (Eastern Daylight Time)
15.2213,15.2211,15.2215,15.2224,15.222,15.2223,15.2225,15.2221,15.2224,15.2217,15.221,15.2207,15.221,15.2208,15.2206,15.2214,15.2214,15.2214,15.2216,15.2208,15.2205,15.2205,15.221,15.221,15.2207,15.221,15.2207,15.2212,15.2218,15.2218,15.2215,15.2216,15.2209,15.2213,15.2229,15.2223,15.2222,15.2222,15.2217,15.2212,15.2209,15.2205,15.2206,15.2209,15.2209,15.2216,15.2209,15.221,15.2213,15.2201,15.2205,15.2217,15.2224,15.2227,15.2224,15.2233,15.2244,15.2244,15.2252,15.2244,
Sat Apr 18 2020 00:30:57 GMT-0400 (Eastern Daylight Time)
15.2249,15.2249,15.2239,15.2236,15.2239,15.2236,15.2236,15.2234,15.2234,15.2234,15.2237,15.2231,15.2227,15.2239,15.2237,15.2243,15.2243,15.2243,15.2233,15.2233,15.2229,15.2214,15.2217,15.221,15.221,15.22,15.2192,15.2183,15.2195,15.2199,15.2176,15.2179,15.2176,15.2179,15.2181,15.2182,15.2182,15.2185,15.2183,15.2183,15.2178,15.2175,15.2175,15.2171,15.2174,15.2171,15.2164,15.216,15.2157,15.2153,15.2157,15.2142,15.2142,15.2146,15.2142,15.2135,15.2129,15.2129,15.2094,15.2092,
Sat Apr 18 2020 00:31:57 GMT-0400 (Eastern Daylight Time)
15.2086,15.2087,15.2082,15.2082,15.2096,15.2098,15.2091,15.2076,15.2076,15.2083,15.2075,15.2067,15.207,15.2078,15.2073,15.2063,15.207,15.2066,15.2066,15.2086,15.2113,15.2116,15.2116,15.212,15.212,15.212,15.2125,15.2131,15.2133,15.2129,15.2129,15.2129,15.2129,15.2126,15.2129,15.2135,15.2127,15.2131,15.2128,15.2128,15.2128,15.2123,15.212,15.2126,15.2131,15.2129,15.2127,15.2123,15.2127,15.2135,15.2137,15.2144,15.2151,15.2147,15.2147,15.2136,15.2138,15.214,15.2143,15.2147,
Sat Apr 18 2020 00:32:57 GMT-0400 (Eastern Daylight Time)
15.2144,15.2155,15.2149,15.2144,15.2147,15.2147,15.2146,15.2137,15.2145,15.2145,15.2145,15.2135,15.2136,15.2142,15.2157,15.2156,15.2153,15.2153,15.215,15.2143,15.2143,15.2145,15.214,15.2132,15.2132,15.2125,15.2125,15.2129,15.2145,15.2151,15.2148,15.2145,15.2141,15.2146,15.2149,15.216,15.216,15.2154,15.2157,15.2141,15.2141,15.2141,15.2132,15.2124,15.2128,15.2128,15.2132,15.2141,15.2134,15.2134,15.2139,15.2147,15.2146,15.2143,15.2141,15.2135,15.2127,15.2131,15.2123,15.2136,
Sat Apr 18 2020 00:33:57 GMT-0400 (Eastern Daylight Time)
15.2136,15.2133,15.2121,15.2127,15.2125,15.2121,15.2121,15.2112,15.2119,15.2119,15.2116,15.2119,15.2115,15.2115,15.2102,15.2105,15.2105,15.2102,15.2102,15.2124,15.2128,15.2124,15.2133,15.2136,15.2136,15.2136,15.2164,15.2165,15.2162,15.2166,15.2148,15.2137,15.2134,15.2138,15.2142,15.2145,15.2142,15.2151,15.2165,15.2168,15.2171,15.2168,15.2174,15.2169,15.217,15.217,15.2174,15.2177,15.2182,15.2182,15.2183,15.2141,15.2135,15.2144,15.2144,15.2141,15.214,15.214,15.2144,15.2132,
Sat Apr 18 2020 00:34:57 GMT-0400 (Eastern Daylight Time)
15.2134,15.2134,15.2134,15.2138,15.2138,15.2138,15.2138,15.2135,15.2129,15.2114,15.2116,15.212,15.212,15.2124,15.2128,15.2134,15.2129,15.2129,15.2129,15.2129,15.2125,15.2128,15.2124,15.2128,15.2134,15.2144,15.2132,15.2132,15.2128,15.2154,15.2141,15.2157,15.2163,15.2158,15.2158,15.2155,15.2156,15.2137,15.2133,15.213,15.214,15.2144,15.2142,15.214,15.2133,15.2136,15.214,15.2144,15.2144,15.2144,15.2144,15.215,15.2157,15.216,15.2167,15.2169,15.2172,15.2172,15.2166,15.2165,
Sat Apr 18 2020 00:35:57 GMT-0400 (Eastern Daylight Time)
15.216,15.2165,15.2165,15.217,15.2173,15.2162,15.2162,15.2132,15.2122,15.2118,15.2115,15.2116,15.2123,15.2119,15.2119,15.212,15.212,15.2118,15.2111,15.2107,15.2105,15.21,15.21,15.21,15.2106,15.2106,15.2097,15.2071,15.2051,15.2059,15.2047,15.2043,15.2043,15.2043,15.2039,15.2043,15.2036,15.2045,15.2045,15.2043,15.204,15.2042,15.2043,15.2046,15.2052,15.2051,15.2051,15.205,15.2043,15.2035,15.2031,15.2023,15.2026,15.2016,15.201,15.2005,15.2008,15.2003,15.2,15.2018,
Sat Apr 18 2020 00:36:57 GMT-0400 (Eastern Daylight Time)
15.202,15.2017,15.202,15.2023,15.2029,15.2026,15.2016,15.2016,15.2054,15.2062,15.2062,15.2062,15.2073,15.2076,15.2076,15.208,15.2083,15.2086,15.2092,15.2092,15.2089,15.2094,15.2094,15.2097,15.2101,15.2105,15.2105,15.2109,15.2119,15.2115,15.2111,15.2124,15.2127,15.2127,15.2129,15.2139,15.2147,15.2143,15.2147,15.2147,15.2145,15.2145,15.2145,15.2142,15.2148,15.2141,15.2135,15.2136,15.2136,15.2132,15.2132,15.2135,15.2132,15.2136,15.2131,15.2129,15.2135,15.2133,15.2133,15.2137,
Sat Apr 18 2020 00:37:57 GMT-0400 (Eastern Daylight Time)
15.217,15.2174,15.2174,15.2174,15.2164,15.217,15.217,15.217,15.217,15.2174,15.2179,15.2181,15.2181,15.2185,15.2174,15.2174,15.2174,15.2171,15.2174,15.2172,15.2181,15.2166,15.2166,15.2166,15.2172,15.2172,15.2176,15.2178,15.218,15.218,15.218,15.2171,15.2171,15.217,15.2168,15.2163,15.2148,15.2148,15.215,15.2153,15.215,15.2141,15.2146,15.2142,15.2125,15.2122,15.2117,15.211,15.2107,15.211,15.2109,15.2109,15.2112,15.211,15.2113,15.2113,15.2107,15.2107,15.2114,15.2114,
Sat Apr 18 2020 00:38:57 GMT-0400 (Eastern Daylight Time)
15.2102,15.2107,15.2096,15.2096,15.2096,15.2096,15.2096,15.2096,15.2095,15.2078,15.2084,15.2082,15.2086,15.2075,15.2075,15.2077,15.2077,15.2075,15.2085,15.2085,15.2088,15.2085,15.2089,15.2095,15.2095,15.2097,15.2087,15.2087,15.2091,15.2096,15.2096,15.2094,15.2097,15.2094,15.2098,15.2096,15.2096,15.2096,15.2095,15.21,15.2119,15.2122,15.213,15.213,15.2121,15.2121,15.2099,15.2102,15.2095,15.2095,15.2099,15.2113,15.2132,15.2141,15.2141,15.2141,15.2141,15.2141,15.2141,15.2141,
Sat Apr 18 2020 00:39:57 GMT-0400 (Eastern Daylight Time)
15.2139,15.2139,15.2139,15.2139,15.2139,15.2139,15.2119,15.2119,15.2118,15.2109,15.2111,15.2111,15.2108,15.2108,15.2083,15.2083,15.2073,15.2079,15.2083,15.2081,15.2079,15.2083,15.2088,15.21,15.21,15.21,15.21,15.2097,15.2093,15.2093,15.2094,15.2099,15.2094,15.2096,15.2096,15.2095,15.2092,15.2095,15.2095,15.2087,15.2081,15.209,15.2093,15.211,15.2099,15.211,15.2108,15.2104,15.2107,15.2105,15.2102,15.2105,15.2105,15.2102,15.2108,15.2108,15.2116,15.2114,15.2127,15.2123,
Sat Apr 18 2020 00:40:57 GMT-0400 (Eastern Daylight Time)
15.2119,15.2117,15.2117,15.2117,15.2124,15.2124,15.2124,15.2122,15.2123,15.2119,15.2126,15.2126,15.213,15.2134,15.2134,15.2134,15.2137,15.2131,15.2131,15.2131,15.2129,15.2134,15.2131,15.2135,15.2134,15.213,15.2129,15.2132,15.2143,15.2137,15.2138,15.2138,15.2139,15.2145,15.2156,15.2156,15.2149,15.2152,15.2156,15.2157,15.2164,15.2161,15.2166,15.2169,15.2163,15.2163,15.2163,15.2163,15.2179,15.2181,15.2181,15.2187,15.2206,15.2209,15.2212,15.2208,15.2218,15.2213,15.2213,15.2204,
Sat Apr 18 2020 00:41:57 GMT-0400 (Eastern Daylight Time)
15.2209,15.2207,15.2203,15.2204,15.22,15.2194,15.219,15.2186,15.2184,15.2194,15.2194,15.2194,15.2191,15.2181,15.2178,15.217,15.217,15.217,15.217,15.217,15.217,15.2167,15.2167,15.2167,15.2167,15.2164,15.2164,15.2156,15.2156,15.2122,15.2124,15.2124,15.2124,15.2124,15.2124,15.2132,15.2132,15.2132,15.2128,15.2128,15.213,15.2137,15.2141,15.2141,15.2151,15.2144,15.2148,15.2154,15.2146,15.2149,15.2143,15.2147,15.2147,15.215,15.2154,15.2154,15.2155,15.2152,15.2151,15.2151,
Sat Apr 18 2020 00:42:57 GMT-0400 (Eastern Daylight Time)
15.2153,15.2153,15.2156,15.2151,15.2159,15.2156,15.2153,15.2149,15.2149,15.2146,15.2148,15.2148,15.2148,15.2142,15.2145,15.2154,15.2154,15.2162,15.2167,15.2168,15.2168,15.2163,15.2155,15.2155,15.2155,15.2152,15.2154,15.2143,15.2165,15.2131,15.2133,15.2137,15.2141,15.2162,15.2152,15.2152,15.2149,15.2145,15.2148,15.2154,15.2157,15.2156,15.2169,15.2172,15.2168,15.217,15.2169,15.2169,15.2144,15.2142,15.2149,15.2152,15.2149,15.2153,15.2153,15.215,15.2146,15.2119,15.2123,15.2117,
Sat Apr 18 2020 00:43:57 GMT-0400 (Eastern Daylight Time)
15.2128,15.2131,15.2127,15.2123,15.2127,15.213,15.2132,15.2136,15.214,15.2145,15.2149,15.2152,15.2154,15.2149,15.2144,15.2138,15.2138,15.2138,15.2138,15.2138,15.2141,15.2138,15.2136,15.2132,15.2132,15.2132,15.2132,15.2129,15.2129,15.2124,15.2131,15.2134,15.2139,15.2139,15.2127,15.2118,15.2109,15.2116,15.2117,15.2115,15.2109,15.2117,15.2117,15.2117,15.2123,15.2127,15.2127,15.2133,15.2135,15.2123,15.2119,15.2123,15.2118,15.2107,15.2111,15.2116,15.2112,15.2102,15.21,15.2103,
Sat Apr 18 2020 00:44:57 GMT-0400 (Eastern Daylight Time)
15.2107,15.2097,15.2086,15.2093,15.2077,15.2077,15.2081,15.2081,15.2083,15.2076,15.208,15.207,15.2075,15.2071,15.2071,15.2066,15.2061,15.2065,15.2068,15.2064,15.2068,15.2068,15.2065,15.2063,15.2063,15.2076,15.2074,15.2074,15.2074,15.2079,15.2079,15.2073,15.2073,15.2069,15.2078,15.2067,15.2046,15.2046,15.2043,15.2027,15.2042,15.2046,15.2053,15.2046,15.2046,15.205,15.2043,15.2048,15.2048,15.2046,15.2046,15.2036,15.2036,15.2036,15.2041,15.2041,15.2038,15.2033,15.2033,15.2033,
Sat Apr 18 2020 00:45:57 GMT-0400 (Eastern Daylight Time)
15.2042,15.2043,15.2037,15.2037,15.204,15.2038,15.2042,15.2042,15.2041,15.204,15.2047,15.205,15.2053,15.2043,15.2041,15.2036,15.2038,15.2036,15.2041,15.2031,15.2031,15.2036,15.2036,15.2053,15.206,15.206,15.2054,15.2054,15.2063,15.2071,15.207,15.2073,15.2071,15.2071,15.2076,15.208,15.2084,15.209,15.209,15.2087,15.21,15.2092,15.2089,15.2089,15.2083,15.2098,15.2096,15.2092,15.2084,15.2081,15.2085,15.2085,15.2076,15.2069,15.2067,15.2083,15.2083,15.209,15.2087,15.2089,
Sat Apr 18 2020 00:46:57 GMT-0400 (Eastern Daylight Time)
15.2086,15.2086,15.2086,15.2086,15.2082,15.2082,15.2088,15.2088,15.2099,15.2095,15.2097,15.2102,15.2102,15.2102,15.2102,15.2097,15.2097,15.2093,15.2087,15.2087,15.2094,15.209,15.2093,15.2088,15.2091,15.2085,15.2082,15.2082,15.2073,15.2075,15.2078,15.2091,15.2091,15.2099,15.2113,15.2115,15.2109,15.2108,15.2102,15.2105,15.2101,15.2098,15.21,15.2077,15.2077,15.2075,15.2078,15.2082,15.2085,15.2085,15.209,15.2086,15.2082,15.2084,15.2084,15.2083,15.2083,15.2078,15.2078,15.2078,
Sat Apr 18 2020 00:47:57 GMT-0400 (Eastern Daylight Time)
15.2075,15.2094,15.2089,15.2085,15.2087,15.2063,15.2067,15.2062,15.2064,15.207,15.2077,15.208,15.208,15.2079,15.2082,15.2083,15.208,15.2079,15.2081,15.2078,15.2072,15.2075,15.2075,15.2087,15.2091,15.2088,15.2093,15.2093,15.21,15.21,15.2101,15.2099,15.2115,15.2115,15.2115,15.2113,15.2108,15.2103,15.2098,15.2092,15.2085,15.2088,15.2091,15.2091,15.2091,15.2075,15.2073,15.207,15.2083,15.209,15.2081,15.2073,15.207,15.207,15.2059,15.2056,15.2053,15.2046,15.2049,15.2052,
Sat Apr 18 2020 00:48:57 GMT-0400 (Eastern Daylight Time)
15.2054,15.2051,15.2051,15.2055,15.2055,15.2058,15.2064,15.2061,15.2057,15.2043,15.2042,15.2052,15.2052,15.2067,15.2065,15.2057,15.2076,15.2076,15.2083,15.2094,15.2091,15.2091,15.2081,15.2084,15.2089,15.2087,15.2074,15.2071,15.2067,15.2067,15.2077,15.206,15.206,15.2063,15.2053,15.205,15.2041,15.2041,15.2048,15.2057,15.2054,15.2048,15.205,15.2057,15.2059,15.2066,15.2061,15.2056,15.2038,15.2041,15.2046,15.2043,15.2047,15.2039,15.2026,15.2028,15.2031,15.2029,15.2023,15.2029,
Sat Apr 18 2020 00:49:57 GMT-0400 (Eastern Daylight Time)
15.2029,15.2029,15.2023,15.2028,15.2022,15.2001,15.1993,15.1967,15.1968,15.1968,15.1975,15.1972,15.1975,15.1975,15.198,15.199,15.199,15.199,15.1979,15.1983,15.1983,15.1957,15.1965,15.1965,15.1968,15.1969,15.1973,15.1971,15.1974,15.1978,15.1972,15.1976,15.1949,15.1949,15.1938,15.1938,15.1941,15.1937,15.1931,15.1942,15.1949,15.1949,15.1948,15.195,15.1952,15.1952,15.1953,15.1953,15.1955,15.1958,15.196,15.1958,15.1971,15.198,15.1984,15.1986,15.1965,15.1968,15.197,15.1974,
Sat Apr 18 2020 00:50:57 GMT-0400 (Eastern Daylight Time)
15.1974,15.1974,15.1986,15.1977,15.1977,15.1958,15.1948,15.1945,15.1974,15.1969,15.1967,15.1963,15.1973,15.1973,15.1973,15.1981,15.1976,15.1976,15.1971,15.1976,15.1976,15.1967,15.1975,15.1979,15.1987,15.1987,15.1992,15.1983,15.198,15.1983,15.1993,15.199,15.1988,15.1988,15.1983,15.1985,15.1985,15.1987,15.1977,15.1972,15.1972,15.1976,15.1981,15.1988,15.1985,15.1985,15.1985,15.1982,15.1971,15.1964,15.1952,15.1955,15.1955,15.1981,15.1965,15.1953,15.1953,15.1951,15.1958,15.1955,
Sat Apr 18 2020 00:51:57 GMT-0400 (Eastern Daylight Time)
15.1961,15.1961,15.1947,15.1951,15.1947,15.195,15.1976,15.1958,15.1958,15.1958,15.1963,15.1963,15.1968,15.1968,15.1964,15.1961,15.1958,15.1958,15.1971,15.1965,15.1972,15.1972,15.1976,15.1968,15.196,15.1963,15.1958,15.1958,15.196,15.1967,15.1958,15.1958,15.1958,15.1961,15.1962,15.197,15.1965,15.1967,15.1964,15.1956,15.195,15.195,15.1956,15.1952,15.197,15.197,15.1964,15.1964,15.1964,15.1966,15.1963,15.1963,15.1961,15.1964,15.1961,15.1964,15.1943,15.1947,15.195,15.1942,
Sat Apr 18 2020 00:52:57 GMT-0400 (Eastern Daylight Time)
15.1939,15.1939,15.1928,15.1928,15.1924,15.1928,15.1925,15.1918,15.1918,15.192,15.1914,15.1914,15.1914,15.1914,15.1914,15.1907,15.1897,15.1897,15.1886,15.1889,15.1897,15.1889,15.1887,15.1881,15.188,15.1887,15.188,15.1888,15.1891,15.1891,15.1895,15.1888,15.1888,15.1881,15.1881,15.1856,15.186,15.1865,15.1873,15.1876,15.1882,15.1882,15.1883,15.1883,15.1881,15.1879,15.1878,15.1878,15.1871,15.1865,15.1868,15.1868,15.1863,15.1865,15.1865,15.1859,15.185,15.185,15.1856,15.1856,
Sat Apr 18 2020 00:53:57 GMT-0400 (Eastern Daylight Time)
15.1859,15.1856,15.1859,15.1841,15.1841,15.1847,15.184,15.184,15.1825,15.1827,15.183,15.1821,15.1821,15.182,15.181,15.181,15.1817,15.1817,15.1823,15.1827,15.1818,15.1828,15.183,15.183,15.183,15.1836,15.1849,15.1849,15.1853,15.1853,15.1856,15.1871,15.1871,15.1876,15.1881,15.1879,15.1888,15.1892,15.1895,15.1895,15.1897,15.1897,15.1901,15.1901,15.1904,15.1906,15.19,15.1903,15.19,15.1905,15.192,15.1911,15.1934,15.1934,15.1936,15.1927,15.1937,15.1937,15.1931,15.1919,
Sat Apr 18 2020 00:54:57 GMT-0400 (Eastern Daylight Time)
15.1924,15.1927,15.1918,15.1924,15.1925,15.1925,15.1927,15.1927,15.1932,15.1932,15.1929,15.1929,15.193,15.1926,15.1903,15.1917,15.1922,15.192,15.1924,15.1931,15.1943,15.1951,15.1951,15.1948,15.1951,15.197,15.197,15.1978,15.1978,15.1972,15.1975,15.1972,15.1974,15.1969,15.1971,15.1971,15.1978,15.1982,15.1984,15.1978,15.1984,15.1989,15.1987,15.1993,15.1991,15.1981,15.1981,15.1978,15.1981,15.1981,15.1978,15.1989,15.1995,15.1995,15.1991,15.1988,15.1995,15.1988,15.1988,15.2004,
Sat Apr 18 2020 00:55:57 GMT-0400 (Eastern Daylight Time)
15.2004,15.2004,15.2004,15.2007,15.2004,15.2004,15.1998,15.2,15.2,15.2005,15.1996,15.2002,15.2005,15.2007,15.2007,15.2013,15.2013,15.201,15.201,15.2003,15.2006,15.2003,15.1998,15.2,15.1966,15.1961,15.1961,15.1963,15.1965,15.1968,15.1976,15.1969,15.1969,15.1965,15.1968,15.1967,15.1961,15.1974,15.1981,15.1983,15.1983,15.197,15.1972,15.1988,15.1984,15.1984,15.1987,15.1992,15.1992,15.1979,15.1979,15.1975,15.1969,15.1969,15.1963,15.197,15.1964,15.1957,15.196,15.1957,
Sat Apr 18 2020 00:56:57 GMT-0400 (Eastern Daylight Time)
15.1957,15.1963,15.1956,15.1965,15.1965,15.1968,15.1962,15.1973,15.1968,15.1968,15.1968,15.1974,15.1983,15.199,15.199,15.199,15.1985,15.1983,15.1983,15.1986,15.1993,15.199,15.1974,15.1984,15.1984,15.1984,15.1982,15.198,15.198,15.1976,15.1975,15.1988,15.1982,15.1974,15.1974,15.1974,15.1969,15.1969,15.1974,15.1974,15.1975,15.1975,15.1968,15.1959,15.1956,15.1956,15.1952,15.1952,15.1938,15.1932,15.1934,15.1933,15.1938,15.1942,15.1946,15.1943,15.1946,15.1946,15.1952,15.1943,
Sat Apr 18 2020 00:57:57 GMT-0400 (Eastern Daylight Time)
15.1947,15.1945,15.1945,15.1952,15.1947,15.1947,15.1947,15.1947,15.1954,15.1959,15.1955,15.1966,15.1973,15.1972,15.1969,15.1972,15.1977,15.1973,15.1976,15.1972,15.1969,15.1973,15.1971,15.1973,15.1968,15.1956,15.1945,15.1935,15.1937,15.194,15.1937,15.1939,15.1939,15.196,15.1964,15.1967,15.1964,15.1964,15.1958,15.1955,15.1958,15.1958,15.1951,15.1954,15.1954,15.1957,15.1957,15.196,15.1958,15.1956,15.1967,15.1971,15.1974,15.1969,15.1976,15.1976,15.1985,15.1974,15.1971,15.1971,
Sat Apr 18 2020 00:58:57 GMT-0400 (Eastern Daylight Time)
15.1985,15.1992,15.1992,15.1993,15.1987,15.1987,15.198,15.198,15.198,15.1971,15.1971,15.1971,15.1967,15.1974,15.197,15.1964,15.1961,15.1964,15.1959,15.1958,15.1961,15.1964,15.1957,15.1963,15.1963,15.1963,15.1963,15.1965,15.1973,15.1975,15.198,15.1988,15.1985,15.1985,15.1985,15.1981,15.1981,15.1992,15.1988,15.1984,15.1987,15.2001,15.2001,15.2009,15.2012,15.1992,15.199,15.2002,15.2005,15.1997,15.1998,15.2001,15.1992,15.1989,15.1986,15.1979,15.1975,15.1979,15.1983,15.1991,
Sat Apr 18 2020 00:59:57 GMT-0400 (Eastern Daylight Time)
15.1991,15.1982,15.1982,15.1973,15.1969,15.1966,15.1968,15.1964,15.1968,15.1966,15.1966,15.194,15.1939,15.1927,15.1933,15.1933,15.1931,15.1928,15.1928,15.1947,15.1948,15.1944,15.194,15.1912,15.1919,15.1919,15.1919,15.1913,15.1917,15.1934,15.1934,15.1936,15.1933,15.1933,15.1936,15.1942,15.1946,15.1948,15.1936,15.192,15.1916,15.1905,15.1905,15.1903,15.1908,15.1905,15.1903,15.1896,15.1882,15.1882,15.1877,15.1882,15.1879,15.1863,15.1861,15.1846,15.1836,15.1836,15.1839,15.1849,
Sat Apr 18 2020 01:00:57 GMT-0400 (Eastern Daylight Time)
15.1837,15.1837,15.1845,15.1836,15.1838,15.1836,15.1827,15.1834,15.1841,15.1842,15.1839,15.1843,15.184,15.1838,15.1837,15.1837,15.1834,15.1834,15.183,15.1833,15.1836,15.1826,15.1808,15.1803,15.1803,15.1796,15.1793,15.178,15.178,15.1776,15.1761,15.1758,15.1748,15.1745,15.1745,15.1742,15.1754,15.1758,15.1761,15.1756,15.1764,15.1768,15.1777,15.1775,15.1763,15.1767,15.177,15.1767,15.1771,15.1767,15.1763,15.1767,15.1765,15.1765,15.1766,15.1766,15.1763,15.1761,15.1776,15.1766,
Sat Apr 18 2020 01:01:57 GMT-0400 (Eastern Daylight Time)
15.1766,15.1771,15.1769,15.1769,15.1777,15.1779,15.1776,15.1786,15.1784,15.1781,15.1781,15.1779,15.1775,15.1782,15.1769,15.1767,15.1764,15.1764,15.1767,15.1768,15.176,15.1765,15.1759,15.1763,15.1773,15.177,15.1773,15.1773,15.1775,15.1764,15.1764,15.1758,15.176,15.1767,15.177,15.1773,15.1778,15.177,15.1773,15.1767,15.1769,15.1775,15.1783,15.1778,15.1785,15.1785,15.1778,15.1788,15.1791,15.1796,15.1796,15.1812,15.1821,15.1811,15.1811,15.1811,15.1803,15.1792,15.1789,15.1789,
Sat Apr 18 2020 01:02:57 GMT-0400 (Eastern Daylight Time)
15.1801,15.1794,15.179,15.1787,15.1784,15.1781,15.1781,15.1786,15.1791,15.1783,15.1781,15.1797,15.1792,15.1792,15.179,15.179,15.179,15.1788,15.1802,15.1805,15.1807,15.1837,15.1827,15.1827,15.1825,15.1833,15.1833,15.1831,15.1843,15.1836,15.1836,15.1836,15.1838,15.1841,15.1837,15.184,15.184,15.184,15.1843,15.1848,15.183,15.1839,15.1839,15.183,15.1834,15.1834,15.1834,15.183,15.1799,15.1803,15.1814,15.1814,15.1806,15.1799,15.1797,15.1799,15.1793,15.1787,15.1795,15.1795,
Sat Apr 18 2020 01:03:57 GMT-0400 (Eastern Daylight Time)
15.1811,15.1807,15.1802,15.1802,15.1807,15.1809,15.1809,15.1806,15.1803,15.1805,15.1805,15.1802,15.1803,15.1789,15.1786,15.1778,15.1779,15.1775,15.1779,15.1774,15.1769,15.1771,15.1765,15.1771,15.1757,15.1757,15.1753,15.1738,15.1745,15.1743,15.1746,15.174,15.1758,15.1754,15.1758,15.1758,15.1755,15.1743,15.175,15.176,15.1764,15.1764,15.1768,15.1768,15.1771,15.1772,15.1779,15.1782,15.1779,15.1779,15.1779,15.1779,15.1798,15.1793,15.1793,15.1793,15.1798,15.1802,15.1805,15.1803,
Sat Apr 18 2020 01:04:57 GMT-0400 (Eastern Daylight Time)
15.1809,15.1805,15.1802,15.1802,15.1793,15.1762,15.1762,15.1766,15.1774,15.1773,15.1773,15.178,15.1767,15.1774,15.1772,15.1772,15.1765,15.1777,15.1757,15.1757,15.1754,15.1747,15.1751,15.1751,15.1756,15.1762,15.1764,15.1776,15.1772,15.1772,15.1772,15.1773,15.1765,15.1765,15.1761,15.1761,15.1771,15.1771,15.1778,15.1773,15.1777,15.1787,15.1793,15.1792,15.1786,15.1785,15.178,15.1773,15.1778,15.1778,15.1797,15.1805,15.1805,15.1805,15.1808,15.1808,15.1795,15.1795,15.1795,15.1775,
Sat Apr 18 2020 01:05:57 GMT-0400 (Eastern Daylight Time)
15.1776,15.1771,15.177,15.1752,15.1757,15.1757,15.1753,15.175,15.1745,15.174,15.174,15.175,15.1748,15.1746,15.1749,15.1746,15.1747,15.175,15.1741,15.1745,15.1742,15.1749,15.1732,15.1739,15.1722,15.1724,15.1722,15.1725,15.1716,15.1716,15.1718,15.1721,15.1718,15.1718,15.1721,15.1721,15.1739,15.1739,15.1744,15.1747,15.1737,15.1745,15.1749,15.1746,15.1741,15.1738,15.1743,15.1766,15.1759,15.1752,15.1752,15.1741,15.1746,15.1746,15.1746,15.1749,15.175,15.1763,15.1756,15.1753,
Sat Apr 18 2020 01:06:57 GMT-0400 (Eastern Daylight Time)
15.1761,15.1758,15.1765,15.1765,15.1759,15.1754,15.1749,15.1729,15.1735,15.1735,15.1741,15.1745,15.175,15.175,15.1765,15.1765,15.1768,15.1768,15.1766,15.1766,15.177,15.1778,15.178,15.178,15.1786,15.1796,15.1799,15.1806,15.1806,15.1812,15.1815,15.1813,15.1808,15.1813,15.1813,15.181,15.1812,15.1826,15.1826,15.1826,15.1817,15.1817,15.1817,15.1817,15.1811,15.1809,15.1814,15.1811,15.1811,15.1805,15.1802,15.1797,15.1797,15.1805,15.1805,15.1803,15.1803,15.1803,15.1799,15.1813,
Sat Apr 18 2020 01:07:57 GMT-0400 (Eastern Daylight Time)
15.182,15.1799,15.1799,15.1794,15.1792,15.1789,15.1789,15.1789,15.1794,15.1797,15.1797,15.1801,15.1812,15.1812,15.1808,15.1806,15.1809,15.1806,15.18,15.18,15.1799,15.1799,15.1797,15.1797,15.1773,15.1763,15.1752,15.1755,15.1748,15.1752,15.1742,15.1739,15.1736,15.1736,15.1736,15.1729,15.1727,15.1711,15.1716,15.1722,15.1718,15.1716,15.1719,15.1711,15.1715,15.1706,15.1716,15.1716,15.1712,15.17,15.1692,15.1695,15.1698,15.1701,15.1701,15.1706,15.1707,15.1705,15.1705,15.1705,
Sat Apr 18 2020 01:08:57 GMT-0400 (Eastern Daylight Time)
15.1705,15.1709,15.1709,15.1714,15.1707,15.1713,15.1716,15.172,15.1695,15.1695,15.1695,15.1692,15.1697,15.1687,15.1682,15.168,15.1675,15.1665,15.1668,15.1671,15.1671,15.1665,15.1668,15.1671,15.1671,15.1674,15.1678,15.168,15.1672,15.1675,15.1667,15.1663,15.166,15.165,15.1659,15.1656,15.1658,15.1653,15.1657,15.1652,15.1651,15.1652,15.1655,15.1661,15.1661,15.1667,15.1658,15.1661,15.1661,15.1664,15.1664,15.1661,15.1664,15.1667,15.1667,15.1667,15.1676,15.1666,15.1666,15.1661,
Sat Apr 18 2020 01:09:57 GMT-0400 (Eastern Daylight Time)
15.1661,15.1672,15.1668,15.1674,15.1663,15.1665,15.1659,15.1655,15.1655,15.1658,15.1663,15.1663,15.1652,15.1652,15.1646,15.165,15.165,15.1664,15.166,15.1648,15.1655,15.1664,15.1664,15.1663,15.1666,15.1666,15.1666,15.1676,15.1684,15.1692,15.1684,15.1681,15.1675,15.1679,15.1679,15.1687,15.1679,15.1683,15.1687,15.169,15.169,15.1696,15.1692,15.1696,15.1691,15.1685,15.1689,15.1694,15.1691,15.1693,15.1694,15.1684,15.1681,15.1685,15.1685,15.1678,15.1678,15.1674,15.167,15.167,
Sat Apr 18 2020 01:10:57 GMT-0400 (Eastern Daylight Time)
15.1679,15.1679,15.1682,15.1674,15.167,15.1668,15.1655,15.1647,15.165,15.1647,15.1647,15.1643,15.164,15.1642,15.1642,15.1637,15.1624,15.1612,15.1614,15.162,15.162,15.1622,15.1622,15.1633,15.1633,15.1634,15.1634,15.164,15.164,15.1645,15.1655,15.1659,15.1663,15.1663,15.1663,15.1654,15.1664,15.1667,15.1667,15.167,15.1666,15.1658,15.1646,15.1646,15.1643,15.164,15.164,15.164,15.1644,15.1643,15.1639,15.1626,15.1626,15.163,15.163,15.163,15.1622,15.1622,15.1622,15.1625,
Sat Apr 18 2020 01:11:57 GMT-0400 (Eastern Daylight Time)
15.1612,15.1617,15.1601,15.1601,15.1606,15.1603,15.1603,15.1608,15.1605,15.1605,15.1589,15.1589,15.1589,15.1594,15.16,15.1599,15.1603,15.1609,15.1607,15.1602,15.1602,15.1591,15.1584,15.1588,15.1594,15.1597,15.1598,15.1619,15.1619,15.1601,15.1604,15.1601,15.1598,15.1604,15.1598,15.1594,15.1599,15.1593,15.1593,15.1599,15.1604,15.1611,15.1618,15.1618,15.1607,15.1611,15.1609,15.1613,15.1613,15.16,15.1607,15.1607,15.162,15.1617,15.1619,15.1623,15.1625,15.1622,15.1622,15.1622,
Sat Apr 18 2020 01:12:57 GMT-0400 (Eastern Daylight Time)
15.1624,15.1621,15.1624,15.1624,15.1627,15.1623,15.1631,15.1628,15.1628,15.1627,15.1627,15.1634,15.1636,15.1637,15.1636,15.164,15.1643,15.1617,15.1621,15.1619,15.1613,15.1635,15.1633,15.1633,15.1628,15.1619,15.1616,15.1616,15.1616,15.1624,15.1626,15.1623,15.1628,15.1615,15.1612,15.1612,15.161,15.1608,15.1605,15.1633,15.1633,15.1636,15.1643,15.164,15.1646,15.1656,15.1661,15.1659,15.1655,15.1651,15.1642,15.1642,15.1647,15.1647,15.1651,15.1651,15.1645,15.1632,15.1632,15.1626,
Sat Apr 18 2020 01:13:57 GMT-0400 (Eastern Daylight Time)
15.1628,15.1624,15.1618,15.1616,15.1612,15.1615,15.1618,15.1618,15.1624,15.1628,15.1634,15.164,15.1637,15.1639,15.1638,15.1641,15.1645,15.164,15.164,15.1641,15.1641,15.1645,15.1639,15.1635,15.1643,15.1641,15.165,15.1648,15.1654,15.1651,15.1652,15.1652,15.1649,15.1645,15.1645,15.1645,15.1659,15.1665,15.166,15.1665,15.1663,15.165,15.1648,15.1648,15.1644,15.1642,15.1645,15.1642,15.164,15.1643,15.1634,15.1608,15.1604,15.1608,15.1605,15.1607,15.162,15.1611,15.1606,15.1601,
Sat Apr 18 2020 01:15:57 GMT-0400 (Eastern Daylight Time)
15.1514,15.1517,15.1511,15.1515,15.1526,15.1526,15.152,15.1516,15.1519,15.1519,15.1519,15.1522,15.1527,15.1529,15.1526,15.1519,15.1515,15.1513,15.1515,15.1519,15.1506,15.1506,15.1501,15.1506,15.1506,15.1503,15.1504,15.1495,15.1482,15.1482,15.1479,15.1478,15.1475,15.1482,15.1479,15.1474,15.1474,15.1483,15.1484,15.1478,15.1479,15.1476,15.1475,15.1466,15.1461,15.1461,15.1455,15.1457,15.1459,15.145,15.1451,15.1445,15.1444,15.1444,15.1436,15.1434,15.144,15.1433,15.1437,15.144,
Sat Apr 18 2020 01:16:57 GMT-0400 (Eastern Daylight Time)
15.1437,15.1441,15.1462,15.147,15.147,15.1465,15.1485,15.1482,15.1482,15.1479,15.1489,15.1487,15.1495,15.147,15.1463,15.1447,15.1444,15.1446,15.1446,15.1448,15.1458,15.1461,15.1463,15.1469,15.1471,15.1467,15.1469,15.1469,15.1469,15.1463,15.1472,15.1472,15.1472,15.1484,15.1484,15.1502,15.1505,15.1503,15.1505,15.1513,15.1506,15.1509,15.1504,15.1502,15.1502,15.1502,15.1512,15.1512,15.1506,15.1506,15.1509,15.1512,15.1512,15.151,15.1505,15.1509,15.1515,15.1518,15.1525,15.1533,
