Sat Apr 18 2020 20:13:58 GMT-0400 (Eastern Daylight Time)
14.9914,14.9914,14.9917,14.9922,14.9922,14.9922,14.9924,14.9924,14.9927,14.9927,14.993,14.9936,14.9937,14.9922,14.9931,14.9927,14.9934,14.9936,14.9934,14.9939,14.9945,14.9937,14.9936,14.9938,14.9934,14.9932,14.993,14.993,14.9938,14.994,14.9979,14.9994,14.9994,15.0004,15.0004,15.0001,15.0004,15.0004,15.0017,15.0014,15.0011,15.0013,15.0013,15.001,15.0006,15.0026,15.002,15.0017,15.0014,14.9999,15.0001,15.0005,15.0012,15.0007,15.0007,15.0003,15.0007,14.9996,14.9996,14.9996,
Sat Apr 18 2020 20:14:58 GMT-0400 (Eastern Daylight Time)
14.9999,14.9993,14.9998,14.9991,14.9984,14.9984,14.9987,14.9992,14.9992,14.9984,14.9984,14.9984,14.9984,14.9983,14.9983,14.9983,15.0004,15.0012,15.002,15.0027,15.0018,15.0022,15.0026,15.0036,15.0039,15.0039,15.0039,15.0039,15.0039,15.0043,15.0043,15.0039,15.0034,15.0038,15.0041,15.0041,15.0044,15.003,15.0034,15.0034,15.0034,15.0023,15.0023,15.002,15.002,15.002,15.002,15.0029,15.0031,15.0031,15.0043,15.0043,15.0043,15.0049,15.0049,15.0077,15.0077,15.0081,15.0081,15.0079,
Sat Apr 18 2020 20:15:58 GMT-0400 (Eastern Daylight Time)
15.0082,15.0073,15.0073,15.007,15.007,15.007,15.0078,15.0078,15.0073,15.0079,15.0077,15.008,15.0075,15.0072,15.0076,15.0061,15.0063,15.009,15.0095,15.0095,15.01,15.0103,15.0098,15.0102,15.0075,15.0072,15.0066,15.0054,15.0059,15.0062,15.0062,15.0066,15.0069,15.0075,15.0072,15.0075,15.0077,15.0074,15.0071,15.0068,15.0068,15.0065,15.0063,15.0064,15.007,15.0057,15.0054,15.0057,15.0054,15.0056,15.0054,15.0065,15.0065,15.0058,15.0061,15.0063,15.006,15.006,15.006,15.0053,
Sat Apr 18 2020 20:16:58 GMT-0400 (Eastern Daylight Time)
15.0056,15.0059,15.0045,15.0043,15.0046,15.0046,15.0049,15.0053,15.0059,15.0059,15.0062,15.0062,15.0055,15.006,15.006,15.0043,15.0043,15.0043,15.0046,15.0046,15.0036,15.0036,15.0036,15.0033,15.0034,15.0028,15.0038,15.0035,15.0048,15.0039,15.0029,15.0028,15.0028,15.0018,15.0027,15.0027,15.0038,15.0043,15.0043,15.0043,15.004,15.0048,15.004,15.0045,15.0042,15.0045,15.0048,15.0054,15.0054,15.0054,15.006,15.006,15.0064,15.0072,15.0075,15.0065,15.0065,15.0084,15.0084,15.0087,
Sat Apr 18 2020 20:17:58 GMT-0400 (Eastern Daylight Time)
15.0058,15.0061,15.0056,15.0053,15.0046,15.0038,15.0044,15.004,15.004,15.0039,15.0039,15.0035,15.0031,15.0031,15.0033,15.0033,15.0033,15.0036,15.0031,15.0031,15.0028,15.0021,15.0015,15.0012,15.0006,15.0002,14.9998,15.001,15.0007,15.0011,15.0011,15.0016,15.0026,15.0029,15.0026,15.0026,15.0028,15.0024,15.0014,15.0001,15.0001,15.001,15.001,15.0011,15.0007,15.0004,14.9996,14.9992,14.9989,14.9989,15.0011,15.0006,15.0002,15,14.9999,15.0004,15.0004,15.0004,15.0004,15.0022,
Sat Apr 18 2020 20:18:58 GMT-0400 (Eastern Daylight Time)
15.0029,15.0035,15.0035,15.0037,15.0034,15.0041,15.0037,15.0041,15.0041,15.0035,15.0026,15.0029,15.0029,15.0015,15.0024,15.0024,15.0027,15.0027,15.0029,15.003,15.0034,15.0021,15.0035,15.0035,15.0035,15.0038,15.0036,15.0036,15.0038,15.0045,15.0042,15.0045,15.0045,15.0045,15.0054,15.006,15.006,15.0055,15.0065,15.0082,15.0082,15.0082,15.0086,15.0086,15.0089,15.0089,15.0086,15.0088,15.0089,15.0097,15.0104,15.0107,15.0107,15.0116,15.0105,15.0109,15.0101,15.0098,15.0108,15.0108,
Sat Apr 18 2020 20:19:58 GMT-0400 (Eastern Daylight Time)
15.0115,15.0112,15.0107,15.0107,15.0104,15.0104,15.0101,15.0107,15.0098,15.0095,15.0095,15.009,15.009,15.009,15.0099,15.0104,15.0101,15.0114,15.0121,15.0121,15.0119,15.0123,15.0122,15.0131,15.013,15.0148,15.0144,15.015,15.0152,15.0152,15.0142,15.0139,15.0142,15.0146,15.0136,15.0136,15.0133,15.0143,15.0142,15.0139,15.0141,15.0141,15.0148,15.0152,15.0147,15.0144,15.0157,15.0164,15.016,15.016,15.0147,15.0147,15.015,15.0146,15.0151,15.0148,15.0144,15.0144,15.0139,15.0133,
Sat Apr 18 2020 20:20:59 GMT-0400 (Eastern Daylight Time)
15.0133,15.0129,15.0114,15.0111,15.0111,15.0107,15.0103,15.0103,15.0099,15.0099,15.0101,15.0107,15.0108,15.0108,15.0117,15.0137,15.0148,15.0153,15.0153,15.0146,15.0146,15.0156,15.0143,15.0141,15.013,15.013,15.0139,15.0142,15.0142,15.0142,15.0135,15.0121,15.0121,15.0121,15.0121,15.0136,15.0135,15.0135,15.0142,15.014,15.014,15.0135,15.0142,15.0139,15.0131,15.0124,15.0124,15.0124,15.0124,15.0134,15.0118,15.0115,15.0111,15.0111,15.0101,15.0095,15.0099,15.0071,15.0066,15.0063,
Sat Apr 18 2020 20:21:59 GMT-0400 (Eastern Daylight Time)
15.0066,15.0057,15.0058,15.0059,15.0055,15.0059,15.0057,15.0057,15.0084,15.0088,15.0091,15.0094,15.0093,15.0095,15.0089,15.0117,15.0114,15.0118,15.0118,15.012,15.012,15.0117,15.0117,15.0114,15.011,15.011,15.014,15.015,15.0152,15.0156,15.0153,15.0153,15.0156,15.0158,15.0162,15.0167,15.0167,15.0167,15.0166,15.0168,15.0171,15.0167,15.0166,15.0169,15.0169,15.017,15.0171,15.0171,15.0161,15.0158,15.0161,15.0155,15.0158,15.0152,15.0158,15.0161,15.0161,15.0161,15.0161,15.0169,
Sat Apr 18 2020 20:22:58 GMT-0400 (Eastern Daylight Time)
15.0171,15.0171,15.0175,15.0174,15.0171,15.0169,15.0169,15.0173,15.0179,15.0177,15.0174,15.0165,15.0165,15.0161,15.0159,15.0156,15.015,15.0154,15.0153,15.0154,15.0158,15.0155,15.0149,15.0153,15.015,15.0137,15.0133,15.0125,15.0134,15.0136,15.0131,15.0126,15.012,15.0123,15.0138,15.0152,15.015,15.0157,15.0158,15.0163,15.0163,15.0171,15.0169,15.0166,15.0166,15.0161,15.0161,15.016,15.016,15.0168,15.0171,15.0176,15.0182,15.0179,15.0179,15.0183,15.0186,15.019,15.0209,15.0213,
Sat Apr 18 2020 20:23:59 GMT-0400 (Eastern Daylight Time)
15.0217,15.0217,15.0225,15.0232,15.0235,15.0258,15.0272,15.027,15.0276,15.0295,15.0298,15.0296,15.0298,15.0298,15.0294,15.0296,15.0296,15.0289,15.0305,15.0312,15.0305,15.0303,15.0284,15.0284,15.0284,15.0286,15.0275,15.0275,15.0275,15.0272,15.0258,15.0258,15.026,15.0267,15.0271,15.0271,15.0272,15.0268,15.0255,15.0256,15.0259,15.0256,15.0253,15.0264,15.0264,15.0284,15.0281,15.0276,15.0272,15.0282,15.0282,15.0279,15.0282,15.0279,15.0281,15.0285,15.0283,15.028,15.0284,15.028,
Sat Apr 18 2020 20:24:59 GMT-0400 (Eastern Daylight Time)
15.0284,15.028,15.0278,15.0278,15.0278,15.0285,15.0283,15.0286,15.0284,15.0287,15.0287,15.0289,15.0283,15.0287,15.0287,15.0282,15.0278,15.029,15.0299,15.0296,15.0309,15.0307,15.0307,15.0303,15.0307,15.0307,15.0307,15.031,15.031,15.031,15.031,15.0319,15.0307,15.0304,15.0312,15.0312,15.0312,15.0309,15.0311,15.0305,15.0305,15.0305,15.0301,15.0278,15.0282,15.0282,15.0277,15.0282,15.0281,15.0281,15.0272,15.0267,15.026,15.0263,15.0263,15.0267,15.0277,15.0277,15.0275,15.0275,
Sat Apr 18 2020 20:25:59 GMT-0400 (Eastern Daylight Time)
15.0279,15.0275,15.0271,15.0279,15.0283,15.0292,15.0289,15.0285,15.028,15.0283,15.0278,15.0269,15.0264,15.0264,15.026,15.0263,15.03,15.031,15.031,15.031,15.0327,15.0314,15.0314,15.0311,15.0311,15.0314,15.0326,15.0329,15.0324,15.0336,15.0336,15.0338,15.0341,15.0343,15.0349,15.0351,15.0358,15.0358,15.0355,15.0358,15.0372,15.0372,15.0372,15.0377,15.0383,15.0377,15.0395,15.0395,15.041,15.0418,15.0418,15.0413,15.0418,15.0414,15.0412,15.039,15.0382,15.038,15.0377,15.0384,
Sat Apr 18 2020 20:26:58 GMT-0400 (Eastern Daylight Time)
15.0385,15.0385,15.0381,15.039,15.0405,15.0405,15.0402,15.0397,15.0392,15.0392,15.0395,15.0399,15.0402,15.0399,15.0395,15.0398,15.0405,15.0413,15.0413,15.0422,15.0424,15.0421,15.0423,15.0422,15.0422,15.0419,15.0427,15.0432,15.0427,15.0435,15.0435,15.043,15.0431,15.0431,15.0437,15.0428,15.0425,15.041,15.0407,15.0404,15.0404,15.04,15.0404,15.0411,15.0411,15.0415,15.0413,15.0422,15.0427,15.0425,15.0428,15.0426,15.0423,15.0426,15.0449,15.0448,15.045,15.0456,15.0454,15.0454,
Sat Apr 18 2020 20:27:59 GMT-0400 (Eastern Daylight Time)
15.0462,15.0462,15.0462,15.0471,15.0482,15.0482,15.0495,15.0498,15.0494,15.0484,15.0479,15.0484,15.0495,15.0481,15.0486,15.0488,15.0486,15.0486,15.0478,15.0468,15.0468,15.0462,15.0469,15.0475,15.0468,15.0465,15.046,15.0467,15.0472,15.0476,15.0476,15.048,15.0484,15.0479,15.0486,15.0495,15.0499,15.0499,15.0505,15.0508,15.0508,15.0503,15.0498,15.0493,15.0479,15.0484,15.049,15.0482,15.0495,15.0492,15.0484,15.0486,15.0491,15.0488,15.0488,15.0517,15.0524,15.0524,15.0524,15.0519,
Sat Apr 18 2020 20:28:58 GMT-0400 (Eastern Daylight Time)
15.0526,15.0523,15.0517,15.0513,15.0513,15.051,15.0513,15.0515,15.0518,15.0522,15.0512,15.0512,15.0504,15.05,15.0493,15.0485,15.0482,15.0479,15.0481,15.0486,15.0489,15.0489,15.0494,15.0501,15.0501,15.0498,15.0495,15.0499,15.0519,15.0519,15.0519,15.0514,15.0512,15.0515,15.0512,15.0519,15.0517,15.0519,15.0519,15.0543,15.0539,15.0537,15.0534,15.0541,15.0538,15.0523,15.051,15.051,15.0507,15.0506,15.0506,15.0499,15.0504,15.052,15.0516,15.0513,15.0506,15.0501,15.0498,15.0502,
Sat Apr 18 2020 20:29:58 GMT-0400 (Eastern Daylight Time)
15.0499,15.0499,15.0515,15.051,15.0507,15.0506,15.0506,15.051,15.051,15.0502,15.0509,15.0509,15.0507,15.0507,15.0507,15.0499,15.0506,15.0508,15.0508,15.0496,15.0496,15.0502,15.0502,15.0495,15.0499,15.0493,15.0496,15.0504,15.0508,15.0506,15.0501,15.0503,15.0503,15.0492,15.0492,15.0495,15.0505,15.0513,15.0513,15.0516,15.0528,15.0533,15.0533,15.054,15.0551,15.0559,15.0561,15.0555,15.0554,15.0554,15.0551,15.0543,15.0544,15.0544,15.0544,15.0544,15.0548,15.0552,15.0554,15.0563,
Sat Apr 18 2020 20:30:59 GMT-0400 (Eastern Daylight Time)
15.055,15.0546,15.0546,15.0543,15.055,15.0541,15.0539,15.0539,15.0527,15.0528,15.0528,15.0531,15.0537,15.0543,15.0543,15.0543,15.0536,15.053,15.0533,15.0526,15.0526,15.0534,15.0531,15.0533,15.0533,15.0526,15.053,15.0525,15.0506,15.0511,15.0511,15.0511,15.0514,15.0514,15.0517,15.0515,15.0524,15.0526,15.0523,15.052,15.0512,15.0507,15.0514,15.0514,15.0507,15.0507,15.0509,15.0512,15.0496,15.0504,15.051,15.0518,15.0515,15.0511,15.0511,15.0515,15.0504,15.0503,15.0498,15.0495,
Sat Apr 18 2020 20:31:58 GMT-0400 (Eastern Daylight Time)
15.0492,15.0492,15.0497,15.0497,15.0487,15.0487,15.0494,15.0491,15.0484,15.0479,15.0479,15.0474,15.047,15.0471,15.0462,15.0458,15.0459,15.0459,15.0467,15.0478,15.048,15.048,15.049,15.0488,15.0488,15.048,15.0483,15.0478,15.0475,15.0475,15.0469,15.046,15.0463,15.0453,15.0467,15.0473,15.0467,15.0458,15.0457,15.0457,15.0448,15.0443,15.044,15.044,15.0415,15.0414,15.0414,15.0406,15.0407,15.0404,15.0409,15.0409,15.0415,15.0422,15.0422,15.0424,15.0438,15.0442,15.044,15.0439,
Sat Apr 18 2020 20:32:59 GMT-0400 (Eastern Daylight Time)
15.0442,15.044,15.0443,15.0441,15.0436,15.044,15.0417,15.0421,15.042,15.042,15.0412,15.0412,15.0435,15.043,15.043,15.0433,15.0428,15.0428,15.0427,15.0427,15.0423,15.0419,15.0416,15.0424,15.0427,15.0431,15.0441,15.0439,15.0442,15.0439,15.0439,15.0442,15.0446,15.0451,15.0451,15.0449,15.0448,15.044,15.0448,15.0453,15.0456,15.0459,15.045,15.0441,15.0424,15.0428,15.0435,15.0435,15.0441,15.0439,15.0436,15.0439,15.0437,15.0437,15.0439,15.0435,15.0432,15.0435,15.0438,15.0435,
Sat Apr 18 2020 20:33:59 GMT-0400 (Eastern Daylight Time)
15.0429,15.0428,15.0428,15.0418,15.0415,15.0433,15.0433,15.0429,15.0428,15.0432,15.0432,15.0447,15.0445,15.0451,15.0457,15.0454,15.0456,15.0456,15.0452,15.0468,15.0489,15.0492,15.0478,15.0476,15.0468,15.0468,15.0478,15.0481,15.0485,15.0485,15.0481,15.0486,15.0483,15.0494,15.0496,15.0501,15.0496,15.0496,15.0503,15.0507,15.051,15.0486,15.0486,15.0486,15.0482,15.0482,15.0486,15.0487,15.0484,15.048,15.0496,15.0481,15.0484,15.0484,15.0495,15.0501,15.0499,15.0499,15.0505,15.051,
Sat Apr 18 2020 20:34:59 GMT-0400 (Eastern Daylight Time)
15.0524,15.0521,15.0518,15.0515,15.0517,15.0523,15.053,15.0533,15.0549,15.0546,15.0546,15.0532,15.0525,15.0511,15.0504,15.0508,15.0507,15.0507,15.0505,15.0505,15.0509,15.0511,15.0517,15.0512,15.0517,15.052,15.0508,15.0508,15.0511,15.052,15.0523,15.0534,15.0524,15.0524,15.0516,15.0516,15.0531,15.0535,15.0541,15.0544,15.055,15.0547,15.0544,15.0546,15.0524,15.0501,15.0501,15.0504,15.051,15.0506,15.051,15.0502,15.0502,15.05,15.0494,15.0491,15.0478,15.0466,15.0466,15.0472,
Sat Apr 18 2020 20:35:58 GMT-0400 (Eastern Daylight Time)
15.0475,15.0482,15.0482,15.0482,15.0477,15.0472,15.047,15.0473,15.0473,15.0475,15.0482,15.0484,15.048,15.0483,15.0483,15.0478,15.0475,15.0472,15.0472,15.047,15.0473,15.0466,15.0466,15.0462,15.0457,15.0446,15.0446,15.0452,15.0449,15.0449,15.0436,15.0436,15.043,15.0439,15.0441,15.0444,15.0444,15.0444,15.0444,15.0426,15.0427,15.0417,15.0417,15.0417,15.0404,15.0411,15.0411,15.0407,15.0406,15.0406,15.0409,15.0398,15.0398,15.0387,15.039,15.0389,15.0389,15.0375,15.0375,15.038,
Sat Apr 18 2020 20:36:59 GMT-0400 (Eastern Daylight Time)
15.038,15.0381,15.0376,15.0374,15.0386,15.0377,15.0379,15.0377,15.0377,15.0377,15.0372,15.0374,15.0374,15.0381,15.0412,15.0409,15.0407,15.0403,15.0395,15.0395,15.0395,15.0414,15.04,15.04,15.0388,15.0394,15.0399,15.0392,15.0392,15.0395,15.0399,15.0392,15.0392,15.0399,15.0393,15.0393,15.0393,15.0396,15.0394,15.0389,15.0392,15.0378,15.0379,15.0359,15.0355,15.0345,15.0345,15.034,15.0333,15.0327,15.033,15.0329,15.0324,15.0325,15.0328,15.0327,15.033,15.0325,15.0332,15.0323,
Sat Apr 18 2020 20:37:58 GMT-0400 (Eastern Daylight Time)
15.0336,15.0333,15.0336,15.0337,15.0337,15.0333,15.0336,15.0333,15.0329,15.0323,15.0323,15.0323,15.0328,15.0337,15.0344,15.0344,15.0343,15.0343,15.034,15.0346,15.0349,15.035,15.0372,15.0372,15.0374,15.034,15.0344,15.0353,15.0358,15.0361,15.0365,15.0358,15.0355,15.0367,15.0371,15.0371,15.0371,15.0365,15.0368,15.0368,15.0368,15.0377,15.037,15.0372,15.0367,15.0372,15.0375,15.037,15.037,15.0364,15.0369,15.0366,15.0363,15.0359,15.0359,15.0359,15.0355,15.0361,15.0361,15.0363,
Sat Apr 18 2020 20:38:58 GMT-0400 (Eastern Daylight Time)
15.0355,15.0359,15.0374,15.0368,15.0367,15.0363,15.0363,15.0363,15.0373,15.037,15.0366,15.0346,15.0344,15.0332,15.0331,15.0338,15.0341,15.0355,15.0358,15.0352,15.0352,15.0345,15.0346,15.0346,15.035,15.0353,15.0347,15.0347,15.0346,15.0342,15.0333,15.0333,15.0336,15.0346,15.0348,15.0353,15.0343,15.0343,15.0345,15.0345,15.034,15.0311,15.0314,15.0314,15.0325,15.0328,15.0325,15.0323,15.0322,15.0327,15.0315,15.0321,15.0325,15.0327,15.0327,15.0327,15.033,15.035,15.0341,15.0346,
Sat Apr 18 2020 20:39:58 GMT-0400 (Eastern Daylight Time)
15.0346,15.0339,15.0348,15.0346,15.0349,15.0345,15.0333,15.0336,15.0329,15.0331,15.0327,15.0327,15.0332,15.0328,15.0327,15.0327,15.0333,15.0336,15.034,15.0356,15.0352,15.0351,15.0354,15.0327,15.0327,15.0329,15.0331,15.0324,15.0321,15.0316,15.0316,15.0313,15.0311,15.0308,15.0295,15.027,15.0268,15.027,15.0276,15.0276,15.0279,15.0278,15.0271,15.0271,15.0271,15.0274,15.0281,15.0278,15.0278,15.0268,15.0265,15.0258,15.0258,15.0248,15.0254,15.0248,15.0248,15.0251,15.0252,15.0258,
Sat Apr 18 2020 20:40:58 GMT-0400 (Eastern Daylight Time)
15.0256,15.025,15.0253,15.0253,15.025,15.0273,15.0273,15.0282,15.0282,15.0278,15.0287,15.0284,15.0282,15.0285,15.0297,15.0294,15.0296,15.0307,15.0304,15.0304,15.0313,15.0295,15.0294,15.029,15.0287,15.0279,15.0278,15.0278,15.0268,15.0268,15.0268,15.0268,15.0268,15.0265,15.0267,15.0267,15.0261,15.0268,15.0263,15.0265,15.0265,15.0267,15.026,15.0268,15.0271,15.0277,15.029,15.0285,15.0285,15.0303,15.0303,15.0299,15.0302,15.0302,15.0305,15.0307,15.0309,15.0314,15.0313,15.0318,
Sat Apr 18 2020 20:41:59 GMT-0400 (Eastern Daylight Time)
15.0324,15.033,15.034,15.0332,15.0349,15.0356,15.0362,15.0366,15.0361,15.0356,15.0361,15.0361,15.0355,15.0355,15.0349,15.0345,15.034,15.034,15.0327,15.033,15.033,15.033,15.0341,15.0341,15.0341,15.0342,15.0337,15.0341,15.0348,15.0346,15.0343,15.0346,15.0346,15.0343,15.0353,15.0342,15.0338,15.0338,15.0313,15.0316,15.0318,15.0315,15.0319,15.0317,15.0319,15.0319,15.0319,15.0317,15.0302,15.0299,15.0318,15.0318,15.0332,15.0328,15.032,15.0317,15.032,15.0329,15.0321,15.0317,
Sat Apr 18 2020 20:42:59 GMT-0400 (Eastern Daylight Time)
15.0321,15.0321,15.0326,15.0324,15.0324,15.0328,15.0342,15.0339,15.0337,15.0337,15.034,15.0343,15.0339,15.0348,15.0354,15.036,15.0366,15.0366,15.0362,15.0361,15.0358,15.0363,15.0362,15.0366,15.0366,15.0366,15.036,15.0365,15.0372,15.0372,15.0376,15.0372,15.0377,15.0375,15.0383,15.038,15.0382,15.0385,15.0381,15.0374,15.0374,15.0374,15.0372,15.0372,15.0372,15.0365,15.0365,15.0365,15.0362,15.0362,15.0359,15.0361,15.0353,15.0356,15.0359,15.0356,15.0356,15.0356,15.037,15.0368,
Sat Apr 18 2020 20:43:59 GMT-0400 (Eastern Daylight Time)
15.0368,15.0364,15.0371,15.0371,15.0371,15.0371,15.0369,15.0371,15.0371,15.0369,15.0369,15.0367,15.0374,15.0374,15.0381,15.0382,15.0382,15.0384,15.0382,15.0379,15.0379,15.0381,15.0385,15.0393,15.0397,15.0389,15.0397,15.0393,15.0393,15.0402,15.0399,15.041,15.0405,15.0405,15.0404,15.0407,15.0404,15.04,15.0403,15.0407,15.0407,15.0411,15.0418,15.0418,15.0418,15.0418,15.0413,15.0417,15.0414,15.0409,15.0404,15.0409,15.0406,15.0401,15.0401,15.0398,15.0396,15.0393,15.039,15.0387,
Sat Apr 18 2020 20:44:59 GMT-0400 (Eastern Daylight Time)
15.0389,15.0386,15.0377,15.0367,15.0371,15.0371,15.0381,15.0381,15.0385,15.0383,15.0375,15.0376,15.0368,15.0364,15.0365,15.0368,15.0371,15.0371,15.0367,15.0364,15.0361,15.0361,15.0365,15.0371,15.0371,15.0375,15.0366,15.0366,15.036,15.0353,15.0366,15.0366,15.0366,15.0366,15.0368,15.0368,15.0368,15.0366,15.0369,15.037,15.0369,15.0369,15.0385,15.0391,15.0389,15.0389,15.0389,15.039,15.0393,15.0393,15.039,15.039,15.0384,15.038,15.0386,15.0383,15.038,15.0383,15.0383,15.0398,
Sat Apr 18 2020 20:45:58 GMT-0400 (Eastern Daylight Time)
15.0398,15.0402,15.0401,15.0398,15.0399,15.0404,15.0404,15.0407,15.0407,15.0407,15.0407,15.0407,15.042,15.0417,15.0414,15.0414,15.0405,15.0408,15.0413,15.042,15.0417,15.0413,15.0412,15.0399,15.0396,15.0391,15.0394,15.0395,15.0395,15.04,15.0405,15.0408,15.0397,15.0397,15.0392,15.0392,15.0392,15.039,15.039,15.0387,15.0387,15.0393,15.0393,15.0389,15.0393,15.0399,15.0391,15.0388,15.0384,15.0394,15.0384,15.0375,15.0377,15.0374,15.0378,15.0382,15.0362,15.0368,15.0366,15.0366,
Sat Apr 18 2020 20:46:59 GMT-0400 (Eastern Daylight Time)
15.037,15.0367,15.0374,15.0378,15.0378,15.0378,15.0375,15.0371,15.0374,15.0374,15.039,15.0386,15.0393,15.0387,15.0385,15.0391,15.0387,15.0383,15.038,15.0377,15.0387,15.0378,15.0366,15.0361,15.0361,15.0358,15.0349,15.0349,15.0351,15.0354,15.0346,15.0338,15.0334,15.033,15.0334,15.0334,15.0331,15.0334,15.0328,15.0325,15.0316,15.0312,15.0317,15.0322,15.0322,15.033,15.032,15.032,15.032,15.0322,15.0325,15.0337,15.034,15.0347,15.0354,15.0356,15.0353,15.0356,15.0356,15.0373,
Sat Apr 18 2020 20:47:59 GMT-0400 (Eastern Daylight Time)
15.0374,15.0366,15.0366,15.0373,15.0373,15.0371,15.0371,15.0381,15.0379,15.0377,15.0382,15.0397,15.04,15.04,15.0403,15.0396,15.0396,15.0396,15.0408,15.041,15.0414,15.0414,15.0414,15.0415,15.0408,15.0416,15.0417,15.042,15.042,15.0417,15.0417,15.0424,15.0424,15.0427,15.0433,15.0428,15.043,15.0427,15.0427,15.0424,15.0437,15.0445,15.0445,15.0439,15.0441,15.0438,15.0434,15.0456,15.046,15.046,15.0436,15.044,15.0444,15.0449,15.0446,15.0457,15.0457,15.0448,15.0467,15.0459,
Sat Apr 18 2020 20:48:59 GMT-0400 (Eastern Daylight Time)
15.0459,15.045,15.045,15.0455,15.0452,15.0446,15.0446,15.0446,15.0427,15.0427,15.043,15.0428,15.0435,15.0441,15.0441,15.0436,15.0439,15.0437,15.0437,15.0432,15.0434,15.0422,15.0422,15.0416,15.0414,15.0414,15.0411,15.0421,15.0424,15.0417,15.0417,15.0406,15.0403,15.0404,15.0404,15.0404,15.0397,15.039,15.0382,15.0374,15.0371,15.0378,15.0381,15.0376,15.038,15.0383,15.0398,15.0407,15.04,15.0407,15.0407,15.0395,15.0394,15.0394,15.0397,15.0393,15.0396,15.0385,15.0383,15.0377,
Sat Apr 18 2020 20:49:59 GMT-0400 (Eastern Daylight Time)
15.0364,15.0354,15.0361,15.0368,15.0378,15.0378,15.038,15.0382,15.0382,15.0385,15.038,15.0385,15.0385,15.0387,15.0378,15.0381,15.0388,15.0391,15.0391,15.0393,15.04,15.0403,15.0401,15.0408,15.0397,15.0402,15.0399,15.0394,15.0394,15.0398,15.0405,15.0402,15.0406,15.0411,15.0415,15.0407,15.0407,15.0411,15.0414,15.0406,15.0409,15.0409,15.0401,15.0416,15.0416,15.0419,15.0419,15.0414,15.0417,15.0415,15.0413,15.0397,15.0388,15.0388,15.0391,15.0395,15.0395,15.0384,15.0368,15.0365,
Sat Apr 18 2020 20:50:59 GMT-0400 (Eastern Daylight Time)
15.0365,15.0365,15.0375,15.039,15.039,15.0387,15.039,15.0392,15.0396,15.0369,15.0357,15.0351,15.0347,15.0347,15.0355,15.0364,15.0366,15.0366,15.0369,15.0372,15.0375,15.037,15.0379,15.0387,15.0387,15.0393,15.0389,15.0361,15.0364,15.0366,15.0355,15.0345,15.0342,15.0346,15.0346,15.035,15.0347,15.0344,15.0344,15.0339,15.0358,15.0348,15.0343,15.0341,15.0345,15.0337,15.0337,15.034,15.0338,15.0336,15.0342,15.0337,15.034,15.0348,15.0345,15.0343,15.0347,15.0344,15.0354,15.0347,
Sat Apr 18 2020 20:51:59 GMT-0400 (Eastern Daylight Time)
15.0346,15.0346,15.0342,15.033,15.033,15.033,15.033,15.0331,15.0327,15.0334,15.0334,15.0328,15.0323,15.0326,15.0326,15.0328,15.0341,15.0341,15.0337,15.0341,15.0334,15.0334,15.033,15.0332,15.0335,15.0335,15.0327,15.0321,15.0325,15.0323,15.0329,15.0331,15.0331,15.0331,15.0304,15.0301,15.0305,15.0308,15.0304,15.0301,15.0301,15.0296,15.0302,15.0304,15.0306,15.0306,15.0302,15.0298,15.0295,15.0301,15.0303,15.0298,15.0301,15.03,15.0287,15.0281,15.0292,15.0281,15.0276,15.0288,
Sat Apr 18 2020 20:52:59 GMT-0400 (Eastern Daylight Time)
15.0286,15.0286,15.0279,15.0293,15.0296,15.0292,15.0284,15.0276,15.028,15.028,15.028,15.0282,15.0284,15.0284,15.0302,15.0286,15.0288,15.0294,15.0294,15.0289,15.0285,15.0285,15.0285,15.0285,15.0285,15.0289,15.0286,15.0291,15.0289,15.0292,15.029,15.0294,15.0307,15.0311,15.0311,15.0326,15.0329,15.0321,15.0314,15.03,15.0303,15.0315,15.0313,15.0313,15.0286,15.0285,15.0276,15.0309,15.0309,15.0304,15.0309,15.0308,15.0308,15.0308,15.0314,15.0314,15.0334,15.0334,15.032,15.032,
Sat Apr 18 2020 20:53:59 GMT-0400 (Eastern Daylight Time)
15.031,15.031,15.031,15.0305,15.0314,15.0309,15.0318,15.0319,15.0318,15.032,15.0325,15.0323,15.0318,15.0302,15.0298,15.0295,15.0305,15.03,15.0304,15.0314,15.0313,15.0315,15.0319,15.0319,15.0318,15.0323,15.0322,15.0327,15.0333,15.0336,15.0336,15.033,15.0331,15.0328,15.0328,15.0331,15.0332,15.0329,15.0327,15.0333,15.034,15.0347,15.0342,15.0351,15.0343,15.0334,15.0334,15.033,15.034,15.0344,15.0338,15.0343,15.0338,15.0347,15.0343,15.0341,15.0349,15.0346,15.035,15.035,
Sat Apr 18 2020 20:54:58 GMT-0400 (Eastern Daylight Time)
15.0344,15.0342,15.0336,15.0345,15.0343,15.0343,15.0349,15.0351,15.0354,15.0354,15.0357,15.0359,15.0356,15.0353,15.0348,15.0361,15.0359,15.0359,15.0356,15.0361,15.0356,15.036,15.0358,15.036,15.036,15.0351,15.0344,15.0348,15.0346,15.0345,15.035,15.0353,15.0347,15.0344,15.0342,15.0347,15.0345,15.034,15.033,15.033,15.0333,15.0338,15.0343,15.0343,15.0351,15.0347,15.0339,15.0346,15.0339,15.0343,15.0338,15.0338,15.0336,15.0339,15.0342,15.0353,15.0351,15.0356,15.0356,15.0356,
Sat Apr 18 2020 20:55:59 GMT-0400 (Eastern Daylight Time)
15.0338,15.0341,15.0341,15.0349,15.0345,15.0318,15.0322,15.032,15.0315,15.0311,15.031,15.0306,15.03,15.0293,15.0293,15.029,15.0275,15.0275,15.028,15.0282,15.029,15.0296,15.03,15.0297,15.0293,15.0291,15.0291,15.0281,15.029,15.029,15.0293,15.029,15.0292,15.0292,15.0292,15.0298,15.0296,15.0296,15.0269,15.0272,15.0272,15.0276,15.0272,15.0269,15.0268,15.0259,15.0257,15.0237,15.025,15.0242,15.024,15.0228,15.0228,15.0233,15.0233,15.0235,15.0235,15.0235,15.0247,15.0247,
Sat Apr 18 2020 20:56:58 GMT-0400 (Eastern Daylight Time)
15.0248,15.0253,15.0255,15.0255,15.0245,15.0246,15.0246,15.0234,15.0228,15.0225,15.0225,15.0215,15.0222,15.0228,15.0226,15.0233,15.0239,15.0237,15.0241,15.0244,15.0245,15.0238,15.0246,15.0243,15.0229,15.0225,15.023,15.0234,15.0239,15.0242,15.0237,15.0237,15.0248,15.0246,15.0249,15.0246,15.0239,15.0244,15.0251,15.025,15.0238,15.0238,15.0237,15.0225,15.0228,15.0228,15.0222,15.0219,15.0213,15.0213,15.0215,15.0218,15.0214,15.021,15.0207,15.0203,15.0206,15.0199,15.0204,15.0197,
Sat Apr 18 2020 20:57:59 GMT-0400 (Eastern Daylight Time)
15.0199,15.0203,15.0201,15.0199,15.021,15.0218,15.0218,15.0218,15.021,15.0213,15.0211,15.0217,15.0223,15.0215,15.0218,15.0218,15.0228,15.0231,15.0235,15.0233,15.023,15.0232,15.0239,15.0239,15.0242,15.0242,15.024,15.024,15.0245,15.0247,15.0249,15.0265,15.0275,15.026,15.0266,15.0263,15.0265,15.0268,15.0274,15.0274,15.028,15.0274,15.026,15.0251,15.0252,15.0252,15.0246,15.0241,15.0235,15.0235,15.0241,15.0241,15.0238,15.0234,15.0237,15.0237,15.0231,15.0234,15.0237,15.0241,
Sat Apr 18 2020 20:58:58 GMT-0400 (Eastern Daylight Time)
15.0237,15.0237,15.0235,15.0232,15.0232,15.0237,15.0237,15.0245,15.0248,15.0243,15.024,15.0237,15.0234,15.0234,15.0236,15.0239,15.0227,15.0206,15.0202,15.0188,15.0188,15.0184,15.0184,15.0176,15.0165,15.0175,15.0175,15.0191,15.0184,15.0174,15.0176,15.0172,15.0179,15.0175,15.0175,15.0172,15.0172,15.0172,15.0175,15.0186,15.018,15.0192,15.0198,15.0192,15.019,15.0182,15.0185,15.0182,15.0176,15.0173,15.0175,15.018,15.0177,15.0175,15.0177,15.0177,15.0177,15.0172,15.0163,15.0171,
Sat Apr 18 2020 20:59:58 GMT-0400 (Eastern Daylight Time)
15.0176,15.0176,15.017,15.017,15.0178,15.0159,15.0155,15.0152,15.0146,15.0142,15.0139,15.0139,15.0135,15.0127,15.0127,15.0137,15.0134,15.0144,15.0144,15.0144,15.0144,15.014,15.014,15.014,15.0143,15.015,15.0144,15.0148,15.0154,15.0138,15.0142,15.0155,15.0155,15.0147,15.0149,15.0151,15.0147,15.0147,15.0141,15.0137,15.0132,15.0128,15.0149,15.0135,15.0135,15.0132,15.0136,15.0131,15.0138,15.0138,15.0121,15.0128,15.0128,15.0131,15.0136,15.0136,15.0131,15.0131,15.0134,15.0134,
Sat Apr 18 2020 21:00:58 GMT-0400 (Eastern Daylight Time)
15.0134,15.0133,15.013,15.0135,15.0145,15.0146,15.0143,15.0143,15.0143,15.0143,15.0145,15.0145,15.014,15.0137,15.0137,15.0133,15.0133,15.0149,15.0144,15.0146,15.0156,15.0164,15.0162,15.0171,15.0171,15.0185,15.0189,15.0166,15.0157,15.0146,15.015,15.015,15.015,15.0143,15.0146,15.0141,15.0145,15.0145,15.0147,15.0146,15.0146,15.0158,15.0165,15.0165,15.0162,15.0151,15.0148,15.0146,15.0149,15.0157,15.0157,15.0157,15.0152,15.0169,15.0166,15.0171,15.0163,15.0167,15.0163,15.0147,
Sat Apr 18 2020 21:01:58 GMT-0400 (Eastern Daylight Time)
15.0143,15.0146,15.0141,15.0136,15.0144,15.0138,15.014,15.014,15.0142,15.0142,15.0143,15.0141,15.0141,15.0149,15.016,15.016,15.0157,15.0156,15.0147,15.0147,15.0147,15.015,15.0138,15.0131,15.0131,15.013,15.013,15.0135,15.0129,15.0149,15.0151,15.0151,15.0161,15.016,15.0165,15.0165,15.0168,15.0178,15.0172,15.0172,15.0159,15.0153,15.0155,15.0155,15.014,15.014,15.014,15.0137,15.0142,15.0142,15.0139,15.0137,15.0142,15.014,15.0136,15.0133,15.0133,15.0127,15.0127,15.0135,
Sat Apr 18 2020 21:02:58 GMT-0400 (Eastern Daylight Time)
15.0136,15.014,15.0143,15.0146,15.0148,15.0154,15.0148,15.0148,15.0148,15.0165,15.0166,15.0166,15.0166,15.0171,15.0165,15.0162,15.0162,15.0155,15.0158,15.0154,15.0154,15.0151,15.0176,15.0168,15.0171,15.0177,15.0182,15.0182,15.018,15.018,15.0176,15.0181,15.0187,15.0176,15.0181,15.0179,15.0179,15.0179,15.0157,15.016,15.015,15.0157,15.0165,15.0165,15.017,15.0168,15.0171,15.0171,15.0164,15.0153,15.015,15.0145,15.0149,15.0146,15.0149,15.0149,15.015,15.0146,15.0154,15.0149,
Sat Apr 18 2020 21:03:59 GMT-0400 (Eastern Daylight Time)
15.0158,15.0164,15.0168,15.0183,15.0185,15.0186,15.019,15.0189,15.0189,15.0175,15.0177,15.0182,15.0182,15.0144,15.0141,15.0138,15.0138,15.0117,15.012,15.0123,15.013,15.0125,15.013,15.012,15.0117,15.012,15.012,15.0124,15.0124,15.0119,15.0132,15.0132,15.0128,15.0122,15.0117,15.0117,15.0125,15.0117,15.0115,15.0105,15.0097,15.0095,15.0097,15.0097,15.0094,15.01,15.0095,15.0085,15.0085,15.0077,15.0079,15.0079,15.0084,15.0079,15.0079,15.0071,15.0073,15.0081,15.0082,15.0085,
Sat Apr 18 2020 21:04:59 GMT-0400 (Eastern Daylight Time)
15.0089,15.0092,15.0094,15.0089,15.0092,15.0092,15.0087,15.0094,15.0089,15.0087,15.0089,15.0084,15.0075,15.0086,15.0088,15.0087,15.0087,15.008,15.008,15.0076,15.0078,15.0073,15.007,15.0074,15.0077,15.0101,15.0096,15.0113,15.0113,15.0109,15.0109,15.0109,15.0126,15.0121,15.0125,15.0125,15.013,15.0127,15.0124,15.0109,15.0108,15.0111,15.0111,15.008,15.008,15.0086,15.0088,15.0078,15.0076,15.0076,15.0072,15.0065,15.0065,15.0058,15.0033,15.0036,15.0036,15.0036,15.0025,15.0023,
Sat Apr 18 2020 21:05:59 GMT-0400 (Eastern Daylight Time)
15.005,15.005,15.0055,15.0059,15.0054,15.0054,15.0054,15.006,15.006,15.0095,15.0097,15.0094,15.0082,15.0082,15.0075,15.0073,15.0068,15.0068,15.0071,15.0076,15.0076,15.0064,15.006,15.0065,15.0055,15.0055,15.0055,15.006,15.0053,15.0051,15.0065,15.0078,15.0101,15.0096,15.0093,15.0094,15.0087,15.0067,15.0063,15.0067,15.0067,15.0067,15.0073,15.0075,15.0099,15.0099,15.0085,15.0088,15.0092,15.0086,15.0086,15.0097,15.0097,15.0084,15.009,15.009,15.0093,15.0093,15.0088,15.01,
Sat Apr 18 2020 21:06:59 GMT-0400 (Eastern Daylight Time)
15.0086,15.0086,15.0069,15.0067,15.0064,15.0064,15.0061,15.0065,15.0077,15.0068,15.0064,15.0071,15.0067,15.0067,15.0075,15.006,15.006,15.0064,15.007,15.008,15.008,15.0078,15.0079,15.0074,15.0088,15.0084,15.0079,15.0079,15.0064,15.0069,15.0062,15.0055,15.0049,15.0051,15.0044,15.004,15.0046,15.0044,15.0044,15.0048,15.0048,15.0048,15.005,15.005,15.0044,15.0048,15.0048,15.0053,15.0056,15.0056,15.0051,15.0052,15.0055,15.0058,15.0055,15.0048,15.0048,15.0048,15.004,15.004,
Sat Apr 18 2020 21:07:59 GMT-0400 (Eastern Daylight Time)
15.0036,15.0036,15.0033,15.0031,15.0034,15.0061,15.0065,15.0062,15.0055,15.0064,15.0066,15.0083,15.0083,15.0081,15.0083,15.0088,15.0085,15.0081,15.0085,15.0076,15.0079,15.0077,15.0082,15.0088,15.0084,15.008,15.0077,15.0077,15.0066,15.0073,15.0081,15.0089,15.0087,15.0077,15.008,15.008,15.0076,15.0069,15.0068,15.0068,15.0069,15.0076,15.0072,15.0075,15.0075,15.0075,15.0071,15.0071,15.0068,15.0068,15.0072,15.0071,15.0068,15.0042,15.0049,15.0052,15.0052,15.0065,15.007,15.0067,
Sat Apr 18 2020 21:08:59 GMT-0400 (Eastern Daylight Time)
15.0063,15.0063,15.0071,15.0071,15.0068,15.0057,15.008,15.0076,15.0071,15.0059,15.0051,15.0055,15.0045,15.0019,15.0022,15.0009,15.0014,15.0014,15.0008,15.0008,15.0002,15.0002,15.0018,15.0027,15.0027,15.0025,15.003,15.0021,15.0021,15.0021,15.0024,15.0034,15.0029,15.0026,15.0035,15.0047,15.0051,15.0048,15.0048,15.0038,15.0038,15.004,15.0039,15.0051,15.0051,15.0051,15.004,15.0028,15.0028,15.0032,15.003,15.0027,15.0015,15.001,15.0025,15.0027,15.0045,15.0032,15.0027,15.003,
Sat Apr 18 2020 21:09:59 GMT-0400 (Eastern Daylight Time)
15.0032,15.0027,15.0024,15.0016,15.0019,15.0019,15.0019,15.0047,15.0044,15.0044,15.0047,15.0042,15.0049,15.0045,15.0053,15.005,15.0046,15.0049,15.0063,15.007,15.008,15.008,15.0071,15.0071,15.008,15.0071,15.0073,15.0075,15.0081,15.0081,15.0088,15.0088,15.0085,15.0085,15.0087,15.0082,15.0082,15.009,15.0099,15.0095,15.0095,15.01,15.0102,15.0099,15.0097,15.0094,15.0097,15.0095,15.0081,15.0068,15.0073,15.0071,15.0071,15.0071,15.0068,15.0072,15.0093,15.0093,15.0106,15.0118,
Sat Apr 18 2020 21:10:59 GMT-0400 (Eastern Daylight Time)
15.0115,15.0109,15.0109,15.0109,15.0111,15.0111,15.0112,15.0112,15.0122,15.0122,15.0121,15.0115,15.0113,15.0113,15.0109,15.0112,15.0113,15.0113,15.0123,15.0126,15.0126,15.0126,15.0125,15.0123,15.0118,15.0114,15.0116,15.0118,15.0121,15.0121,15.01,15.0094,15.0091,15.0104,15.0101,15.0103,15.0103,15.0101,15.0102,15.0095,15.0074,15.0074,15.0074,15.0077,15.0073,15.0077,15.0086,15.0081,15.0081,15.0077,15.0089,15.0093,15.0092,15.0092,15.0093,15.0096,15.0111,15.0108,15.0105,15.0092,
Sat Apr 18 2020 21:11:59 GMT-0400 (Eastern Daylight Time)
15.0101,15.0101,15.0101,15.0101,15.0102,15.0102,15.0109,15.0091,15.0091,15.0091,15.0096,15.0093,15.0096,15.0096,15.0096,15.0092,15.0095,15.0098,15.0089,15.0086,15.008,15.008,15.0076,15.0079,15.0082,15.008,15.0074,15.0069,15.0069,15.0065,15.0059,15.0055,15.0053,15.0047,15.0048,15.0054,15.0054,15.006,15.0058,15.0054,15.0054,15.0061,15.0045,15.0049,15.005,15.0045,15.0042,15.0042,15.0038,15.0035,15.0046,15.0043,15.0043,15.0031,15.0025,15.0025,15.0025,15.0025,15.003,15.0024,
Sat Apr 18 2020 21:12:59 GMT-0400 (Eastern Daylight Time)
15.0024,15.0022,15.0022,15.0022,15.0026,15.0021,15.0014,15.0029,15.0031,15.0028,15.0024,15.0029,15.0026,15.0025,15.0027,15.0021,15.0023,15.0018,15.0016,15.0016,15.0023,15.0023,15.0019,15.0012,15.002,15.0019,15.0023,15.0021,15.0027,15.003,15.0061,15.0058,15.007,15.0068,15.0061,15.0032,15.0025,15.0017,15.002,15.0013,15.0013,15.0008,14.9985,14.999,14.9989,14.998,14.9981,14.9992,14.9992,14.9992,14.9992,14.9985,14.9992,14.9994,14.9992,14.9983,14.9977,14.9977,14.9977,14.9991,
Sat Apr 18 2020 21:13:58 GMT-0400 (Eastern Daylight Time)
14.9987,14.9998,14.9998,15.0005,15.0005,15.0008,15.0003,15.0005,15.0008,15.0008,15.0008,15.001,14.9995,15.0002,14.9989,15.0006,15.0009,14.9986,14.9986,14.9977,14.9977,14.9994,14.9985,14.9988,14.9983,14.998,14.9984,14.9994,14.9994,14.9989,14.9985,14.9985,14.9983,14.9991,14.9988,14.9982,14.9981,14.9976,14.9973,14.9978,14.9986,14.9986,14.9998,14.9996,14.9993,14.999,14.9988,14.9995,14.9994,14.9994,15.0002,15.0005,15.0005,15.0001,15.0003,14.9995,14.9995,14.9999,15.0002,15.0007,
Sat Apr 18 2020 21:14:59 GMT-0400 (Eastern Daylight Time)
15.0015,15.0021,15.0017,14.9984,14.9984,14.998,14.998,14.9981,14.9954,14.9959,14.9965,14.9957,14.9946,14.9951,14.9951,14.9954,14.9961,14.9961,14.9958,14.9957,14.9952,14.9954,14.9957,14.9934,14.9929,14.9929,14.9929,14.9919,14.9921,14.9921,14.991,14.9923,14.9928,14.9934,14.9927,14.9931,14.9937,14.9937,14.9939,14.9944,14.996,14.9957,14.9957,14.9954,14.9958,14.9936,14.9939,14.9939,14.9939,14.9938,14.9938,14.9944,14.9936,14.9933,14.9928,14.9928,14.9928,14.9923,14.9921,14.9924,
Sat Apr 18 2020 21:15:58 GMT-0400 (Eastern Daylight Time)
14.9928,14.9925,14.9928,14.9919,14.9913,14.9913,14.991,14.9906,14.9906,14.9903,14.9906,14.9898,14.9927,14.9943,14.9931,14.9929,14.9927,14.9924,14.9917,14.9909,14.9909,14.991,14.9913,14.9908,14.9908,14.9906,14.9892,14.9884,14.9884,14.9884,14.9888,14.9891,14.9903,14.99,14.9899,14.9901,14.9893,14.9884,14.9877,14.9883,14.9871,14.9875,14.9866,14.9857,14.9832,14.9832,14.9835,14.9829,14.9824,14.9827,14.9827,14.9829,14.9825,14.983,14.9826,14.983,14.9839,14.9839,14.9837,14.9828,
Sat Apr 18 2020 21:16:59 GMT-0400 (Eastern Daylight Time)
14.9828,14.9828,14.9821,14.9815,14.9815,14.9819,14.982,14.982,14.9823,14.9823,14.9826,14.9828,14.9823,14.9826,14.9833,14.9829,14.9829,14.9824,14.9829,14.9832,14.9832,14.9832,14.9832,14.9828,14.9838,14.9831,14.9831,14.9839,14.9839,14.983,14.9826,14.9827,14.9833,14.9837,14.9849,14.986,14.9863,14.9865,14.9865,14.9876,14.9878,14.9876,14.9891,14.9898,14.9892,14.9896,14.9894,14.9892,14.9887,14.9885,14.9885,14.989,14.9865,14.987,14.987,14.9847,14.9847,14.9843,14.9847,14.9844,
Sat Apr 18 2020 21:17:59 GMT-0400 (Eastern Daylight Time)
14.984,14.984,14.9821,14.9815,14.9815,14.9828,14.9831,14.9829,14.9829,14.9829,14.9829,14.9831,14.9831,14.9827,14.9829,14.9829,14.9834,14.9834,14.9834,14.9836,14.9841,14.9844,14.9844,14.984,14.9837,14.9841,14.9841,14.9815,14.9817,14.981,14.9807,14.98,14.9804,14.9804,14.981,14.981,14.982,14.9814,14.981,14.9813,14.981,14.9805,14.9798,14.9792,14.9785,14.9795,14.9799,14.9796,14.9796,14.9789,14.9787,14.979,14.9784,14.9787,14.9782,14.9782,14.9784,14.9784,14.9789,14.9789,
Sat Apr 18 2020 21:18:59 GMT-0400 (Eastern Daylight Time)
14.9801,14.9801,14.9803,14.9813,14.981,14.981,14.9824,14.9811,14.9811,14.9811,14.9822,14.9787,14.9786,14.9781,14.9777,14.9784,14.9784,14.9806,14.9803,14.9802,14.9802,14.9799,14.9799,14.9799,14.9799,14.9811,14.9811,14.9813,14.9816,14.9813,14.981,14.9816,14.9812,14.9806,14.9809,14.9823,14.9825,14.9817,14.982,14.9818,14.9812,14.9816,14.9805,14.9798,14.9795,14.9784,14.9774,14.9781,14.9783,14.9783,14.9787,14.9787,14.978,14.9768,14.9772,14.9778,14.9769,14.9769,14.9766,14.9793,
Sat Apr 18 2020 21:19:58 GMT-0400 (Eastern Daylight Time)
14.9793,14.9785,14.9779,14.9777,14.9772,14.9769,14.9769,14.9782,14.9789,14.9789,14.9793,14.9785,14.9782,14.9789,14.9781,14.9788,14.9791,14.9787,14.9784,14.9805,14.9805,14.9796,14.9799,14.9813,14.9812,14.9812,14.9815,14.9815,14.9818,14.9825,14.9822,14.9819,14.9814,14.9812,14.981,14.9807,14.9809,14.9808,14.9811,14.9803,14.9806,14.98,14.9787,14.9797,14.9792,14.9781,14.9799,14.9796,14.9789,14.9806,14.9803,14.9804,14.9801,14.9796,14.9791,14.9782,14.978,14.9782,14.9782,14.978,
Sat Apr 18 2020 21:20:59 GMT-0400 (Eastern Daylight Time)
14.9774,14.9781,14.9778,14.9787,14.9783,14.9778,14.9782,14.9782,14.9777,14.9774,14.9772,14.9775,14.9778,14.9778,14.9765,14.978,14.9787,14.9786,14.9781,14.9781,14.9779,14.9781,14.9777,14.9777,14.9786,14.9794,14.9791,14.9793,14.9792,14.9796,14.9796,14.9794,14.9803,14.9795,14.9798,14.9798,14.9815,14.9822,14.9799,14.9792,14.9794,14.9794,14.9808,14.9805,14.9801,14.9792,14.9792,14.9788,14.9769,14.9772,14.9758,14.975,14.9754,14.9754,14.9747,14.9751,14.9756,14.9744,14.9748,14.9751,
Sat Apr 18 2020 21:21:59 GMT-0400 (Eastern Daylight Time)
14.9754,14.9754,14.975,14.9754,14.9746,14.9746,14.9746,14.9751,14.974,14.9752,14.9759,14.9749,14.9752,14.9752,14.9745,14.9753,14.9757,14.9761,14.9763,14.9765,14.9771,14.9765,14.9768,14.9768,14.9755,14.9752,14.9752,14.9742,14.9748,14.975,14.975,14.975,14.975,14.975,14.974,14.9743,14.9734,14.973,14.9733,14.9731,14.9736,14.9743,14.9741,14.9745,14.9752,14.9755,14.975,14.975,14.9755,14.9762,14.9762,14.9779,14.9784,14.9774,14.977,14.9757,14.9757,14.975,14.9747,14.9747,
Sat Apr 18 2020 21:22:59 GMT-0400 (Eastern Daylight Time)
14.9752,14.9752,14.9755,14.9739,14.9723,14.9726,14.9729,14.9726,14.972,14.9718,14.9718,14.9718,14.9705,14.9708,14.9703,14.9689,14.9686,14.9686,14.9686,14.9686,14.9691,14.9691,14.9688,14.9694,14.969,14.969,14.9688,14.9684,14.968,14.9684,14.9683,14.9701,14.9699,14.9702,14.9705,14.9715,14.9706,14.9709,14.9701,14.9705,14.9702,14.9713,14.9708,14.9708,14.9706,14.9709,14.9711,14.9715,14.9722,14.9722,14.9713,14.9716,14.9711,14.9707,14.9707,14.9702,14.9702,14.9695,14.9695,14.9674,
Sat Apr 18 2020 21:24:59 GMT-0400 (Eastern Daylight Time)
14.9665,14.9728,14.9727,14.9727,14.9715,14.9715,14.9715,14.9702,14.9709,14.9707,14.9695,14.9695,14.9684,14.9691,14.9691,14.9691,14.9689,14.9684,14.9698,14.9698,14.9698,14.9703,14.9703,14.971,14.9706,14.9709,14.9704,14.9708,14.9711,14.9713,14.9722,14.9718,14.9713,14.9708,14.9704,14.9704,14.9707,14.9704,14.9708,14.9708,14.9705,14.9701,14.9705,14.9702,14.9708,14.9707,14.9704,14.9688,14.9687,14.9687,14.9691,14.9691,14.9691,14.9702,14.9696,14.9699,14.9697,14.969,14.9683,14.9687,
Sat Apr 18 2020 21:25:58 GMT-0400 (Eastern Daylight Time)
14.9686,14.969,14.969,14.969,14.9698,14.9701,14.9696,14.9698,14.97,14.97,14.97,14.97,14.9699,14.9709,14.9712,14.9715,14.9709,14.9709,14.9705,14.9708,14.9706,14.9692,14.9689,14.9689,14.9693,14.9699,14.9696,14.9693,14.9694,14.969,14.9693,14.9697,14.9713,14.9716,14.9722,14.9721,14.9714,14.971,14.9724,14.9724,14.9736,14.9736,14.9735,14.9741,14.973,14.973,14.973,14.9743,14.9721,14.9714,14.9714,14.9714,14.9714,14.9711,14.9703,14.9703,14.9701,14.9705,14.9702,14.9678,
Sat Apr 18 2020 21:26:59 GMT-0400 (Eastern Daylight Time)
14.9678,14.9677,14.9674,14.9671,14.9675,14.9675,14.9672,14.9671,14.9678,14.9675,14.9667,14.9669,14.9664,14.9661,14.9661,14.9639,14.9644,14.9642,14.964,14.9648,14.9655,14.9649,14.9653,14.9653,14.9644,14.9648,14.9647,14.9652,14.9647,14.9644,14.9651,14.9651,14.9664,14.9673,14.9682,14.9682,14.9682,14.9678,14.9676,14.9671,14.9683,14.9689,14.968,14.9677,14.9682,14.9685,14.9683,14.9705,14.9694,14.9691,14.9684,14.9679,14.9674,14.9678,14.9682,14.9664,14.9657,14.9653,14.9648,14.9648,
Sat Apr 18 2020 21:27:58 GMT-0400 (Eastern Daylight Time)
14.9649,14.9649,14.9645,14.9647,14.9642,14.9639,14.9635,14.9635,14.9631,14.9636,14.9631,14.9629,14.9629,14.9633,14.9635,14.9633,14.9633,14.9629,14.9636,14.9627,14.9624,14.9624,14.962,14.962,14.9623,14.9636,14.9642,14.9632,14.9631,14.9628,14.9637,14.9642,14.9638,14.9635,14.9627,14.9627,14.9624,14.9623,14.963,14.963,14.9636,14.9641,14.9636,14.9627,14.9627,14.9626,14.9635,14.9635,14.9631,14.9643,14.9646,14.9646,14.9662,14.9672,14.9654,14.9644,14.9641,14.9638,14.9642,14.9642,
Sat Apr 18 2020 21:28:58 GMT-0400 (Eastern Daylight Time)
14.9634,14.9631,14.9645,14.965,14.965,14.9646,14.9646,14.9642,14.9642,14.9644,14.965,14.9645,14.9648,14.9648,14.9648,14.9648,14.9648,14.9646,14.9641,14.9645,14.9651,14.9636,14.9639,14.9634,14.9634,14.9637,14.9622,14.9625,14.9622,14.9624,14.9624,14.9613,14.9616,14.9612,14.9612,14.9619,14.9612,14.9609,14.9606,14.9621,14.9621,14.9617,14.9611,14.9611,14.9611,14.961,14.961,14.9612,14.9609,14.9613,14.9626,14.9635,14.9631,14.9612,14.9603,14.9601,14.9605,14.96,14.9593,14.9593,
Sat Apr 18 2020 21:29:58 GMT-0400 (Eastern Daylight Time)
14.9599,14.9605,14.9609,14.9612,14.9612,14.9616,14.9616,14.9627,14.9627,14.9626,14.9626,14.9621,14.9624,14.962,14.9615,14.9611,14.9618,14.9598,14.9598,14.9592,14.9596,14.9595,14.9598,14.9608,14.9608,14.9605,14.9608,14.961,14.9608,14.9604,14.9602,14.9611,14.9584,14.958,14.9577,14.9579,14.9584,14.9588,14.9596,14.96,14.9608,14.9608,14.9612,14.9612,14.9627,14.9627,14.9616,14.9626,14.9624,14.9634,14.9638,14.9642,14.9639,14.9642,14.9642,14.9648,14.9648,14.9645,14.9638,14.9646,
Sat Apr 18 2020 21:30:59 GMT-0400 (Eastern Daylight Time)
14.9646,14.9666,14.9666,14.9666,14.9666,14.9666,14.9659,14.9662,14.9659,14.9659,14.9659,14.9652,14.9649,14.9649,14.9646,14.9641,14.964,14.9639,14.9643,14.9632,14.9632,14.9642,14.9635,14.9635,14.9635,14.9637,14.963,14.9622,14.9622,14.9603,14.9595,14.9604,14.9609,14.9617,14.962,14.9628,14.9636,14.9626,14.9626,14.9626,14.9623,14.962,14.9616,14.9612,14.9609,14.962,14.9624,14.9627,14.9627,14.9624,14.9623,14.9623,14.9629,14.9629,14.9629,14.9627,14.9634,14.9638,14.9631,14.9626,
Sat Apr 18 2020 21:31:58 GMT-0400 (Eastern Daylight Time)
14.9625,14.9622,14.9624,14.9619,14.9619,14.9623,14.9616,14.9612,14.9615,14.9609,14.9598,14.9549,14.9538,14.9542,14.9535,14.953,14.9527,14.9513,14.9519,14.9519,14.9519,14.9496,14.9499,14.9513,14.9505,14.9501,14.9509,14.9515,14.9523,14.9523,14.9533,14.9536,14.9535,14.9534,14.9536,14.954,14.9543,14.9543,14.952,14.9523,14.9527,14.9537,14.953,14.9519,14.9517,14.9523,14.9516,14.9519,14.9515,14.9514,14.9527,14.9524,14.9528,14.9524,14.9521,14.9515,14.9515,14.9516,14.9513,14.9518,
Sat Apr 18 2020 21:32:59 GMT-0400 (Eastern Daylight Time)
14.9518,14.9518,14.9518,14.9496,14.949,14.949,14.9488,14.9511,14.9481,14.9508,14.9508,14.951,14.9507,14.9496,14.9487,14.9493,14.9496,14.9494,14.9489,14.9499,14.9499,14.949,14.949,14.9488,14.9485,14.9481,14.9484,14.9498,14.9498,14.9501,14.9497,14.9502,14.9502,14.95,14.9506,14.9501,14.9498,14.9492,14.9498,14.9501,14.9496,14.9498,14.9495,14.9489,14.9489,14.9509,14.9514,14.9514,14.9528,14.9532,14.9535,14.9543,14.9545,14.9542,14.9545,14.9524,14.9524,14.9526,14.9514,14.9511,
Sat Apr 18 2020 21:33:58 GMT-0400 (Eastern Daylight Time)
14.951,14.951,14.9506,14.951,14.9507,14.95,14.951,14.9505,14.9505,14.9499,14.9502,14.9502,14.9502,14.9504,14.9499,14.9493,14.9504,14.9504,14.95,14.9506,14.9506,14.951,14.951,14.9507,14.9511,14.9511,14.9511,14.9517,14.9512,14.9517,14.9512,14.9512,14.9516,14.9524,14.9534,14.9536,14.9534,14.9564,14.9556,14.9567,14.9567,14.9569,14.9572,14.9569,14.9575,14.9568,14.9573,14.9573,14.957,14.9575,14.9575,14.9579,14.9579,14.9573,14.9576,14.9579,14.9586,14.9576,14.958,14.9569,
Sat Apr 18 2020 21:34:59 GMT-0400 (Eastern Daylight Time)
14.9572,14.9575,14.9587,14.9587,14.9579,14.9588,14.9588,14.9591,14.9592,14.9592,14.9589,14.9589,14.9588,14.9586,14.9588,14.9589,14.9595,14.9592,14.9587,14.9594,14.959,14.959,14.9598,14.9598,14.96,14.9599,14.9603,14.9593,14.9597,14.9629,14.9636,14.9638,14.9635,14.9634,14.9634,14.9631,14.9631,14.9644,14.9659,14.9665,14.9662,14.9658,14.9662,14.9659,14.9651,14.9639,14.9643,14.9639,14.9642,14.9641,14.9644,14.9646,14.9643,14.9643,14.9643,14.9647,14.9649,14.9659,14.9653,14.9657,
Sat Apr 18 2020 21:35:59 GMT-0400 (Eastern Daylight Time)
14.9657,14.9664,14.9659,14.9659,14.9652,14.9668,14.9659,14.9656,14.9644,14.9648,14.9651,14.9643,14.9639,14.9642,14.9631,14.9627,14.9632,14.9628,14.9621,14.9621,14.9621,14.9623,14.9619,14.9619,14.9615,14.9614,14.9614,14.9614,14.9614,14.9604,14.9611,14.9611,14.9617,14.9609,14.9607,14.9607,14.9599,14.9602,14.9605,14.9599,14.9597,14.9595,14.9592,14.9592,14.9589,14.9582,14.9582,14.9586,14.9561,14.9561,14.9576,14.958,14.9583,14.9586,14.959,14.96,14.9604,14.9589,14.9596,14.9591,
Sat Apr 18 2020 21:36:59 GMT-0400 (Eastern Daylight Time)
14.9604,14.9604,14.9601,14.9605,14.9599,14.9594,14.9594,14.96,14.9605,14.9603,14.9604,14.9604,14.9606,14.9606,14.9616,14.9624,14.9624,14.963,14.963,14.963,14.9636,14.9639,14.965,14.965,14.9655,14.9658,14.9661,14.9658,14.9661,14.9634,14.962,14.9615,14.9615,14.9612,14.9614,14.9614,14.9614,14.9612,14.9617,14.9631,14.9628,14.9636,14.9642,14.9648,14.9648,14.9648,14.9646,14.9652,14.9652,14.9651,14.9637,14.9633,14.9646,14.9654,14.9643,14.9643,14.9645,14.9634,14.9638,14.9646,
Sat Apr 18 2020 21:37:59 GMT-0400 (Eastern Daylight Time)
14.9648,14.9649,14.9647,14.9647,14.9644,14.9637,14.9648,14.9646,14.9646,14.9646,14.9653,14.9653,14.965,14.9661,14.967,14.967,14.9667,14.9659,14.9659,14.9661,14.9661,14.9661,14.966,14.9656,14.9659,14.9664,14.9661,14.9649,14.9644,14.9637,14.9629,14.9635,14.9639,14.9625,14.9631,14.9639,14.9648,14.9645,14.9642,14.9638,14.9638,14.964,14.9637,14.9627,14.9632,14.9624,14.9628,14.9625,14.9617,14.9608,14.9614,14.9618,14.9634,14.9631,14.9643,14.9643,14.9637,14.9634,14.963,14.9632,
Sat Apr 18 2020 21:38:59 GMT-0400 (Eastern Daylight Time)
14.963,14.9625,14.963,14.963,14.9618,14.9626,14.961,14.9611,14.9604,14.9591,14.9605,14.9609,14.9602,14.9604,14.9614,14.962,14.9617,14.9622,14.9622,14.9629,14.9629,14.963,14.9624,14.9627,14.9629,14.9634,14.9615,14.9621,14.9625,14.9626,14.962,14.9613,14.9615,14.9615,14.9615,14.9612,14.9615,14.9625,14.9615,14.9642,14.9637,14.9634,14.963,14.963,14.9628,14.9625,14.962,14.9628,14.9632,14.9634,14.9647,14.9641,14.9641,14.9645,14.9653,14.9656,14.9656,14.9656,14.9644,14.965,
Sat Apr 18 2020 21:39:59 GMT-0400 (Eastern Daylight Time)
14.965,14.965,14.9647,14.9647,14.9642,14.9645,14.9663,14.9656,14.9662,14.967,14.9677,14.9678,14.9678,14.9675,14.9685,14.9682,14.9692,14.9692,14.9674,14.9674,14.9682,14.9682,14.9668,14.9665,14.9665,14.9663,14.9667,14.9667,14.9664,14.9661,14.9665,14.9668,14.9673,14.9671,14.9674,14.9674,14.9674,14.9674,14.967,14.9666,14.965,14.9648,14.9648,14.9644,14.9636,14.964,14.9647,14.9644,14.965,14.9647,14.9646,14.9645,14.9654,14.9654,14.9647,14.9641,14.9634,14.9637,14.9639,14.9636,
Sat Apr 18 2020 21:40:59 GMT-0400 (Eastern Daylight Time)
14.9644,14.9645,14.9632,14.9627,14.963,14.9632,14.9629,14.9625,14.9626,14.9633,14.9638,14.9645,14.9645,14.9643,14.9638,14.9638,14.9641,14.9644,14.9647,14.967,14.9668,14.9668,14.9669,14.9665,14.9673,14.9673,14.9665,14.9664,14.9664,14.9669,14.9661,14.9656,14.9653,14.9659,14.9647,14.9664,14.9657,14.9657,14.9649,14.9654,14.9657,14.9666,14.9663,14.9655,14.9652,14.9655,14.9646,14.9649,14.9652,14.9656,14.966,14.9658,14.9651,14.9651,14.9643,14.964,14.9639,14.9639,14.9643,14.965,
Sat Apr 18 2020 21:41:59 GMT-0400 (Eastern Daylight Time)
14.9654,14.9656,14.9656,14.9656,14.9653,14.9681,14.9681,14.9685,14.9688,14.9685,14.97,14.97,14.9696,14.9696,14.9693,14.9699,14.9706,14.9703,14.9699,14.9699,14.9697,14.9697,14.9694,14.9694,14.9698,14.9682,14.9665,14.9665,14.9663,14.9675,14.9672,14.9666,14.9666,14.967,14.9673,14.9669,14.9669,14.9655,14.9645,14.9649,14.9649,14.9638,14.962,14.9619,14.9619,14.961,14.9615,14.9613,14.9608,14.9608,14.9605,14.9612,14.9609,14.9598,14.9591,14.9589,14.96,14.96,14.9599,14.9589,
Sat Apr 18 2020 21:43:59 GMT-0400 (Eastern Daylight Time)
14.9589,14.9516,14.9533,14.9531,14.9533,14.9533,14.9533,14.9525,14.9531,14.9531,14.9534,14.9535,14.9536,14.9523,14.952,14.9525,14.9527,14.952,14.9514,14.9524,14.9526,14.9526,14.9526,14.9521,14.9511,14.9511,14.9508,14.9511,14.9511,14.9514,14.9518,14.9527,14.9524,14.9524,14.9528,14.9517,14.9514,14.9511,14.9517,14.9516,14.9519,14.9524,14.9521,14.9511,14.9509,14.9507,14.9507,14.9493,14.949,14.9486,14.9485,14.9501,14.9507,14.9503,14.9508,14.9514,14.9512,14.9517,14.9516,14.9509,
Sat Apr 18 2020 21:44:58 GMT-0400 (Eastern Daylight Time)
14.9492,14.9492,14.9484,14.9487,14.9493,14.9487,14.9484,14.9497,14.95,14.9485,14.9482,14.9482,14.9493,14.949,14.951,14.9517,14.9517,14.9517,14.9507,14.9495,14.9495,14.9498,14.9493,14.949,14.948,14.9484,14.9483,14.9489,14.9492,14.9517,14.9514,14.9521,14.9524,14.9528,14.9523,14.9528,14.9525,14.9518,14.9513,14.9522,14.9519,14.9499,14.9499,14.9483,14.9485,14.9485,14.9485,14.9491,14.9477,14.9449,14.9448,14.9451,14.9448,14.9452,14.9454,14.9452,14.9459,14.9456,14.9465,14.9471,
Sat Apr 18 2020 21:45:59 GMT-0400 (Eastern Daylight Time)
14.9465,14.9459,14.9484,14.9483,14.9483,14.9483,14.9486,14.9477,14.9474,14.9479,14.9475,14.9483,14.9479,14.949,14.949,14.9487,14.9483,14.9481,14.9484,14.9484,14.9484,14.9486,14.9484,14.9491,14.9494,14.9488,14.9491,14.9479,14.9479,14.9482,14.948,14.9475,14.9479,14.9481,14.9482,14.9479,14.9476,14.9476,14.9485,14.9496,14.9496,14.9496,14.9507,14.95,14.9496,14.9488,14.9503,14.9496,14.9503,14.9503,14.9494,14.9497,14.9482,14.949,14.9492,14.9489,14.9488,14.9487,14.9487,14.9458,
Sat Apr 18 2020 21:46:58 GMT-0400 (Eastern Daylight Time)
14.9462,14.9464,14.9467,14.946,14.9462,14.9462,14.9467,14.9463,14.9465,14.9468,14.9468,14.9475,14.9475,14.9478,14.9482,14.9478,14.9488,14.9488,14.9488,14.9484,14.9491,14.9495,14.9493,14.949,14.9488,14.9488,14.9488,14.9471,14.9475,14.9472,14.9476,14.9501,14.9497,14.9499,14.9503,14.9505,14.9494,14.9491,14.9494,14.9496,14.9496,14.9496,14.9507,14.9501,14.9504,14.9506,14.9506,14.9504,14.95,14.95,14.9508,14.9513,14.9515,14.9515,14.951,14.951,14.9514,14.9518,14.9511,14.9513,
Sat Apr 18 2020 21:47:58 GMT-0400 (Eastern Daylight Time)
14.9509,14.9507,14.9503,14.95,14.9502,14.95,14.9491,14.9504,14.9509,14.9498,14.9498,14.9507,14.9507,14.951,14.9504,14.9526,14.9523,14.9522,14.9524,14.9524,14.9532,14.9532,14.9532,14.9528,14.95,14.9503,14.9507,14.9503,14.95,14.9504,14.9504,14.9507,14.951,14.9514,14.9519,14.951,14.9513,14.9516,14.9506,14.951,14.9511,14.9508,14.9511,14.951,14.9513,14.9505,14.9515,14.9523,14.9523,14.952,14.952,14.9528,14.9524,14.9524,14.9524,14.9534,14.9538,14.9535,14.9535,14.9531,
Sat Apr 18 2020 21:48:59 GMT-0400 (Eastern Daylight Time)
14.9531,14.9531,14.9526,14.9535,14.9535,14.9541,14.9541,14.9545,14.9551,14.9557,14.9549,14.9551,14.9542,14.954,14.9538,14.9538,14.953,14.9532,14.954,14.9535,14.9535,14.9536,14.954,14.9544,14.9541,14.9545,14.9549,14.9532,14.9514,14.9517,14.9519,14.953,14.9536,14.9553,14.955,14.9553,14.9553,14.9551,14.9553,14.9562,14.9555,14.9552,14.9552,14.9549,14.9576,14.9576,14.9579,14.958,14.9566,14.956,14.9563,14.9557,14.9554,14.9554,14.9558,14.9561,14.9556,14.9561,14.9565,14.9562,
Sat Apr 18 2020 21:49:59 GMT-0400 (Eastern Daylight Time)
14.956,14.956,14.955,14.9551,14.9534,14.9532,14.9532,14.9542,14.9534,14.9538,14.9535,14.9533,14.9526,14.9526,14.9526,14.9529,14.9526,14.9527,14.9517,14.9522,14.9522,14.9542,14.9542,14.9542,14.9533,14.9538,14.9532,14.9532,14.9538,14.9543,14.9548,14.9548,14.9547,14.954,14.954,14.9533,14.9539,14.9543,14.9547,14.9549,14.9554,14.956,14.9562,14.9565,14.9563,14.9571,14.9579,14.9576,14.9578,14.9585,14.9588,14.9588,14.9589,14.9584,14.9589,14.9592,14.9595,14.9596,14.9596,14.9603,
