Fri Apr 17 2020 03:06:56 GMT-0400 (Eastern Daylight Time)
15.2972,15.297,15.297,15.2975,15.2977,15.297,15.2967,15.297,15.2964,15.2972,15.2976,15.2979,15.2974,15.2971,15.2979,15.2979,15.2981,15.2981,15.2977,15.2977,15.2979,15.2977,15.2979,15.2985,15.2982,15.2982,15.2984,15.2976,15.2947,15.2953,15.2953,15.2959,15.2959,15.2968,15.2968,15.2968,15.2972,15.2965,15.2985,15.2989,15.2987,15.2987,15.2993,15.2993,15.2998,15.2993,15.3002,15.2999,15.3007,15.3011,15.2999,15.3,15.3008,15.3005,15.3008,15.3008,15.3008,15.3001,15.2996,15.2988,
Fri Apr 17 2020 03:07:55 GMT-0400 (Eastern Daylight Time)
15.2985,15.2981,15.2978,15.2978,15.2981,15.2982,15.2978,15.2971,15.2968,15.2966,15.2969,15.2971,15.2976,15.2976,15.2967,15.296,15.2957,15.2955,15.2962,15.2962,15.2965,15.2971,15.2968,15.2968,15.2968,15.2974,15.2984,15.2982,15.2988,15.2985,15.2976,15.2971,15.2978,15.2982,15.2982,15.2978,15.2975,15.2978,15.2984,15.2984,15.2984,15.2987,15.2989,15.2985,15.2985,15.2988,15.2984,15.2987,15.2998,15.2998,15.2993,15.2993,15.2993,15.2997,15.2987,15.2979,15.2981,15.2984,15.2987,15.297,
Fri Apr 17 2020 03:08:55 GMT-0400 (Eastern Daylight Time)
15.2971,15.2971,15.2971,15.2971,15.2966,15.2962,15.2959,15.2956,15.2951,15.2955,15.2955,15.2947,15.2943,15.294,15.2948,15.2948,15.2982,15.2982,15.297,15.297,15.2977,15.2977,15.2977,15.2971,15.2954,15.2952,15.295,15.295,15.2957,15.2961,15.2964,15.2968,15.295,15.2947,15.2945,15.2945,15.2947,15.2922,15.2925,15.2931,15.2931,15.2942,15.2946,15.2935,15.2935,15.2931,15.2917,15.2917,15.293,15.2927,15.2942,15.2948,15.2948,15.2948,15.2948,15.2938,15.2938,15.2936,15.2933,15.2942,
Fri Apr 17 2020 03:09:55 GMT-0400 (Eastern Daylight Time)
15.2946,15.2949,15.294,15.294,15.2938,15.2941,15.2931,15.2935,15.2925,15.2916,15.2918,15.291,15.291,15.2915,15.2918,15.293,15.293,15.2923,15.2933,15.2934,15.2934,15.2934,15.2936,15.2952,15.2952,15.2967,15.2963,15.2943,15.294,15.2935,15.2941,15.2939,15.2933,15.2934,15.2934,15.2946,15.2946,15.2952,15.2955,15.295,15.2962,15.2958,15.2962,15.2962,15.2956,15.2956,15.2942,15.2946,15.2942,15.2942,15.2942,15.2949,15.2949,15.2951,15.2956,15.296,15.296,15.296,15.2958,15.2956,
Fri Apr 17 2020 03:10:55 GMT-0400 (Eastern Daylight Time)
15.2953,15.2951,15.2953,15.2969,15.2972,15.2961,15.2961,15.2964,15.2964,15.2968,15.2979,15.2983,15.2991,15.2991,15.2989,15.2986,15.2986,15.2983,15.2987,15.2992,15.3002,15.2997,15.299,15.299,15.2986,15.2983,15.2979,15.2979,15.2979,15.2979,15.2979,15.2985,15.2988,15.2991,15.2986,15.2988,15.2988,15.2988,15.2984,15.2977,15.2977,15.2974,15.297,15.2972,15.2975,15.2975,15.2976,15.2973,15.2973,15.2973,15.2987,15.2987,15.2984,15.2986,15.2989,15.2982,15.2989,15.2986,15.2989,15.2989,
Fri Apr 17 2020 03:12:56 GMT-0400 (Eastern Daylight Time)
15.2994,15.2988,15.2985,15.298,15.2975,15.2965,15.2983,15.2979,15.298,15.2977,15.2972,15.2972,15.2969,15.2969,15.2965,15.2969,15.2966,15.297,15.297,15.2974,15.2978,15.2973,15.2973,15.297,15.2958,15.2952,15.2952,15.2954,15.2943,15.2943,15.2943,15.2936,15.2927,15.2927,15.2921,15.2912,15.2915,15.2918,15.292,15.2915,15.2918,15.2915,15.2921,15.2926,15.2929,15.2929,15.2929,15.2932,15.2929,15.2941,15.2941,15.2939,15.2928,15.2923,15.2926,15.2926,15.2903,15.29,15.2898,15.2893,
Fri Apr 17 2020 03:13:55 GMT-0400 (Eastern Daylight Time)
15.2889,15.2893,15.2893,15.2887,15.2891,15.2889,15.2889,15.2893,15.2899,15.2901,15.2907,15.2909,15.2902,15.2905,15.2907,15.2908,15.2908,15.2912,15.2922,15.2918,15.2913,15.2901,15.2904,15.2899,15.2899,15.2902,15.2902,15.2907,15.2907,15.2911,15.2909,15.2916,15.2921,15.2921,15.2921,15.2921,15.2917,15.2917,15.2912,15.2906,15.2906,15.29,15.2896,15.2907,15.2909,15.2913,15.2913,15.2907,15.2905,15.2905,15.2905,15.2905,15.2901,15.2912,15.2915,15.2922,15.2921,15.2916,15.2922,15.2912,
Fri Apr 17 2020 03:14:56 GMT-0400 (Eastern Daylight Time)
15.2914,15.2914,15.2914,15.2917,15.2923,15.2925,15.2925,15.2923,15.2925,15.2923,15.2923,15.2933,15.2933,15.2933,15.2944,15.2941,15.2945,15.2945,15.2948,15.2959,15.2963,15.2963,15.296,15.2962,15.2953,15.2955,15.2964,15.296,15.2951,15.2943,15.2943,15.294,15.2946,15.2946,15.2938,15.2935,15.2937,15.2934,15.2945,15.2948,15.2948,15.2951,15.2956,15.2959,15.2959,15.2959,15.297,15.2969,15.2973,15.2973,15.2977,15.2985,15.2982,15.2985,15.2985,15.2981,15.2981,15.2981,15.298,15.298,
Fri Apr 17 2020 03:15:55 GMT-0400 (Eastern Daylight Time)
15.2973,15.2973,15.2984,15.2984,15.2988,15.2991,15.2991,15.2993,15.2996,15.2996,15.2993,15.2978,15.2978,15.2989,15.2979,15.2958,15.297,15.297,15.2974,15.2974,15.298,15.2986,15.2985,15.2987,15.2982,15.2982,15.2982,15.2978,15.2981,15.2985,15.2983,15.2979,15.2979,15.2975,15.2975,15.2974,15.2984,15.2984,15.2979,15.2988,15.2984,15.2984,15.2984,15.2977,15.2977,15.297,15.297,15.2972,15.2966,15.2972,15.297,15.298,15.298,15.2995,15.2997,15.2997,15.2997,15.2994,15.2994,15.3,
Fri Apr 17 2020 03:16:55 GMT-0400 (Eastern Daylight Time)
15.3006,15.3009,15.3016,15.3014,15.3011,15.3011,15.3021,15.3035,15.3041,15.3044,15.3044,15.3041,15.3038,15.3041,15.3041,15.3034,15.3032,15.3046,15.3043,15.3042,15.3048,15.3054,15.3054,15.3057,15.3051,15.3051,15.3051,15.3039,15.3033,15.3039,15.3035,15.3048,15.3049,15.3051,15.3055,15.3058,15.3061,15.3059,15.3056,15.3056,15.3066,15.3062,15.3068,15.3061,15.3058,15.3051,15.3037,15.304,15.304,15.3042,15.3052,15.3052,15.3076,15.3076,15.3087,15.3096,15.3096,15.3099,15.3101,15.3085,
Fri Apr 17 2020 03:17:56 GMT-0400 (Eastern Daylight Time)
15.3088,15.3088,15.3088,15.3086,15.3086,15.3086,15.3099,15.3108,15.3105,15.3107,15.3111,15.3113,15.3106,15.311,15.3116,15.3116,15.3124,15.3122,15.3133,15.3128,15.3118,15.3123,15.3113,15.311,15.311,15.3107,15.3109,15.3106,15.3109,15.3109,15.3112,15.3112,15.3103,15.3109,15.3099,15.3099,15.3095,15.3095,15.3091,15.3087,15.3084,15.31,15.31,15.3097,15.3094,15.3091,15.3091,15.3093,15.3086,15.308,15.3083,15.3075,15.308,15.3088,15.3081,15.3079,15.3082,15.3078,15.3076,15.308,
Fri Apr 17 2020 03:18:56 GMT-0400 (Eastern Daylight Time)
15.3087,15.3091,15.3087,15.3087,15.3087,15.3083,15.3051,15.3048,15.3042,15.3046,15.3039,15.3037,15.3037,15.3043,15.3043,15.3064,15.3059,15.3068,15.307,15.3067,15.3063,15.3059,15.306,15.3055,15.3055,15.3058,15.3058,15.306,15.3042,15.3045,15.3051,15.3048,15.3048,15.3048,15.3048,15.3039,15.3037,15.3012,15.3013,15.3013,15.3035,15.3044,15.3042,15.3042,15.3036,15.3033,15.3037,15.3051,15.3047,15.3044,15.3048,15.3045,15.3041,15.3041,15.3038,15.3045,15.3048,15.305,15.3049,15.3051,
Fri Apr 17 2020 03:19:56 GMT-0400 (Eastern Daylight Time)
15.3055,15.3055,15.3059,15.3059,15.3059,15.3051,15.3051,15.3047,15.3047,15.3043,15.3036,15.3043,15.3046,15.306,15.3073,15.3079,15.3076,15.3071,15.3044,15.3045,15.3043,15.3043,15.3039,15.3011,15.3007,15.3004,15.3004,15.2996,15.3009,15.3012,15.3007,15.3007,15.3004,15.3004,15.2998,15.2998,15.2992,15.2992,15.2995,15.2995,15.2988,15.2988,15.2985,15.2984,15.2982,15.2985,15.2985,15.2988,15.2973,15.2981,15.2981,15.2983,15.2954,15.2954,15.2951,15.2948,15.2943,15.2943,15.2943,15.2947,
Fri Apr 17 2020 03:20:56 GMT-0400 (Eastern Daylight Time)
15.2962,15.2966,15.2966,15.2966,15.2969,15.2969,15.298,15.2964,15.2964,15.2962,15.2962,15.2973,15.2968,15.2971,15.2974,15.2971,15.2964,15.2966,15.2963,15.2961,15.2966,15.2958,15.2953,15.295,15.2953,15.2953,15.2951,15.2937,15.2937,15.2937,15.2939,15.2935,15.2931,15.2935,15.2936,15.2933,15.2933,15.2933,15.2925,15.2922,15.2922,15.291,15.2912,15.2912,15.2908,15.2908,15.2901,15.2893,15.2893,15.2893,15.2889,15.2892,15.2892,15.2895,15.2895,15.2887,15.2883,15.2892,15.2897,15.2902,
Fri Apr 17 2020 03:21:55 GMT-0400 (Eastern Daylight Time)
15.2894,15.2916,15.2908,15.2913,15.2923,15.292,15.292,15.2911,15.2899,15.2895,15.2883,15.2888,15.2882,15.288,15.2892,15.2888,15.2892,15.2888,15.2885,15.2884,15.2896,15.2893,15.2891,15.2887,15.2885,15.2889,15.2886,15.2877,15.2874,15.2876,15.2876,15.2886,15.2883,15.2891,15.2883,15.2896,15.29,15.2906,15.2915,15.2924,15.2924,15.2927,15.2933,15.2937,15.2943,15.2946,15.2943,15.2921,15.2925,15.2922,15.2954,15.2959,15.2962,15.2962,15.2962,15.2951,15.2947,15.2944,15.2947,15.2946,
Fri Apr 17 2020 03:22:55 GMT-0400 (Eastern Daylight Time)
15.2952,15.2942,15.2946,15.2936,15.2941,15.2941,15.294,15.2937,15.2951,15.2951,15.2957,15.2954,15.2946,15.2946,15.2946,15.2946,15.2946,15.2946,15.295,15.2947,15.295,15.295,15.295,15.295,15.2952,15.2961,15.2959,15.2962,15.2972,15.2972,15.2968,15.2977,15.2981,15.2987,15.2992,15.2992,15.2985,15.2991,15.2988,15.2992,15.2987,15.2981,15.2984,15.299,15.2983,15.2976,15.2979,15.2969,15.2963,15.2971,15.2968,15.2983,15.2987,15.2987,15.2987,15.2991,15.2989,15.2989,15.2989,15.2999,
Fri Apr 17 2020 03:23:56 GMT-0400 (Eastern Daylight Time)
15.2996,15.2999,15.2999,15.3004,15.3004,15.3004,15.2995,15.2996,15.3,15.3,15.3004,15.3008,15.3004,15.3,15.3003,15.2994,15.299,15.2986,15.2986,15.2989,15.2992,15.2992,15.2992,15.2972,15.2975,15.2975,15.2968,15.2973,15.2977,15.2977,15.298,15.2984,15.2969,15.2966,15.2954,15.2957,15.2962,15.2965,15.2958,15.2958,15.297,15.297,15.2966,15.2966,15.2971,15.2963,15.2974,15.2967,15.2971,15.2971,15.2969,15.2967,15.2958,15.2958,15.2958,15.2957,15.2951,15.2959,15.2959,15.2963,
Fri Apr 17 2020 03:24:56 GMT-0400 (Eastern Daylight Time)
15.2973,15.2982,15.2977,15.2977,15.2977,15.298,15.2969,15.2966,15.2965,15.2968,15.2954,15.2948,15.2948,15.2969,15.2959,15.2952,15.2932,15.2932,15.2932,15.2936,15.2902,15.2908,15.2908,15.2908,15.2908,15.2904,15.2911,15.2911,15.2906,15.2908,15.2911,15.2911,15.2918,15.2924,15.2922,15.2928,15.2927,15.293,15.2943,15.2946,15.2943,15.2951,15.2948,15.2946,15.2942,15.2937,15.2939,15.2936,15.2936,15.2932,15.2935,15.2931,15.2928,15.2921,15.2919,15.2935,15.2931,15.2931,15.2931,15.2937,
Fri Apr 17 2020 03:25:55 GMT-0400 (Eastern Daylight Time)
15.2929,15.2948,15.2953,15.2953,15.2941,15.2949,15.2949,15.2955,15.2958,15.2958,15.2958,15.2949,15.2953,15.2953,15.2953,15.2937,15.2918,15.2925,15.2925,15.2908,15.2912,15.2901,15.2901,15.2905,15.2899,15.2899,15.2902,15.2899,15.2905,15.2905,15.2903,15.2907,15.2913,15.2911,15.2892,15.2892,15.2898,15.2898,15.2896,15.2894,15.2896,15.2893,15.2886,15.2886,15.2881,15.2885,15.289,15.2899,15.2899,15.2899,15.2903,15.29,15.2898,15.2894,15.289,15.2884,15.288,15.2871,15.2857,15.2865,
Fri Apr 17 2020 03:26:56 GMT-0400 (Eastern Daylight Time)
15.2861,15.2857,15.2857,15.286,15.2863,15.287,15.287,15.287,15.2865,15.2865,15.2862,15.2862,15.285,15.2883,15.2883,15.2894,15.2894,15.2892,15.2895,15.2901,15.2899,15.2899,15.2896,15.2896,15.2896,15.29,15.2885,15.2879,15.2882,15.2876,15.288,15.2876,15.2869,15.2871,15.2873,15.2876,15.2873,15.2873,15.287,15.2865,15.2858,15.2863,15.2859,15.2859,15.2866,15.2862,15.2847,15.2849,15.2849,15.2847,15.285,15.285,15.2848,15.2855,15.2849,15.2852,15.285,15.2852,15.2841,15.2841,
Fri Apr 17 2020 03:27:56 GMT-0400 (Eastern Daylight Time)
15.2853,15.2859,15.2861,15.2861,15.2867,15.2864,15.286,15.286,15.2866,15.2866,15.2855,15.2855,15.2849,15.2842,15.2851,15.2848,15.2853,15.2844,15.2844,15.2841,15.2844,15.2849,15.2849,15.2846,15.2842,15.2845,15.2844,15.2847,15.2846,15.285,15.2852,15.2853,15.2853,15.2855,15.284,15.2845,15.2845,15.2845,15.2845,15.285,15.2844,15.2848,15.2848,15.2844,15.2835,15.2841,15.2841,15.2866,15.287,15.287,15.2875,15.2871,15.2874,15.2874,15.2876,15.2889,15.2889,15.2886,15.2886,15.289,
Fri Apr 17 2020 03:28:56 GMT-0400 (Eastern Daylight Time)
15.2893,15.2887,15.2887,15.2879,15.2875,15.2873,15.2862,15.2865,15.2856,15.2856,15.2874,15.2872,15.2845,15.2844,15.2846,15.2846,15.2843,15.2843,15.2843,15.2842,15.2844,15.2844,15.2844,15.2844,15.2855,15.286,15.2862,15.2866,15.2871,15.2874,15.2874,15.2874,15.2877,15.289,15.2897,15.2897,15.2897,15.2902,15.2895,15.2899,15.2909,15.2913,15.291,15.2912,15.291,15.2913,15.2915,15.2915,15.2907,15.2905,15.2905,15.2908,15.2907,15.2903,15.2895,15.2898,15.2894,15.2908,15.2914,15.2909,
Fri Apr 17 2020 03:29:56 GMT-0400 (Eastern Daylight Time)
15.2907,15.2904,15.2908,15.2907,15.2897,15.29,15.29,15.2897,15.29,15.2894,15.2894,15.2894,15.2894,15.2898,15.2901,15.2904,15.2907,15.2896,15.2909,15.2909,15.2908,15.2914,15.2917,15.2907,15.2896,15.2891,15.2888,15.2888,15.2891,15.2891,15.2893,15.2899,15.2901,15.2901,15.2893,15.2897,15.2885,15.2889,15.2892,15.2892,15.2882,15.2882,15.2882,15.2888,15.2891,15.2897,15.2897,15.2894,15.2898,15.2898,15.2898,15.2895,15.2897,15.2904,15.2901,15.29,15.2915,15.291,15.2913,15.2906,
Fri Apr 17 2020 03:30:55 GMT-0400 (Eastern Daylight Time)
15.2909,15.2906,15.2909,15.2897,15.2897,15.2894,15.2898,15.2902,15.29,15.29,15.2894,15.2892,15.289,15.2883,15.2887,15.2883,15.2883,15.2878,15.2878,15.288,15.2881,15.2881,15.2869,15.2872,15.288,15.2886,15.2871,15.2869,15.2857,15.2854,15.2854,15.2858,15.2862,15.2869,15.2869,15.2873,15.2878,15.2874,15.2871,15.2871,15.2871,15.2871,15.288,15.2884,15.2888,15.2888,15.2888,15.2883,15.2887,15.2886,15.2886,15.2877,15.2894,15.2899,15.2899,15.2895,15.2883,15.2885,15.2879,15.2879,
Fri Apr 17 2020 03:31:56 GMT-0400 (Eastern Daylight Time)
15.2877,15.2871,15.2874,15.2874,15.287,15.2879,15.2877,15.2877,15.2877,15.2879,15.2881,15.2881,15.2865,15.2869,15.2864,15.2866,15.2866,15.2866,15.2869,15.2869,15.2854,15.2857,15.2864,15.2857,15.2864,15.2867,15.2869,15.2869,15.2856,15.2856,15.2863,15.2869,15.2876,15.288,15.2875,15.2891,15.2891,15.2895,15.29,15.2895,15.2893,15.2895,15.2892,15.2892,15.2886,15.2886,15.2891,15.2889,15.2889,15.2883,15.2875,15.2875,15.2875,15.2883,15.2883,15.2887,15.2891,15.2887,15.2883,15.2883,
Fri Apr 17 2020 03:32:57 GMT-0400 (Eastern Daylight Time)
15.2888,15.2865,15.2868,15.287,15.2868,15.2871,15.2871,15.2871,15.287,15.2874,15.2886,15.2886,15.2886,15.2896,15.2896,15.2896,15.2895,15.2895,15.2898,15.29,15.29,15.29,15.2896,15.2896,15.2901,15.2903,15.2903,15.2916,15.2912,15.2917,15.2917,15.2921,15.2914,15.291,15.2907,15.2907,15.2902,15.2895,15.2895,15.2892,15.2882,15.2879,15.2884,15.2903,15.2903,15.2903,15.2903,15.29,15.2897,15.2894,15.2889,15.2893,15.2891,15.2891,15.2894,15.2889,15.2889,15.2891,15.2891,15.2898,
Fri Apr 17 2020 03:33:57 GMT-0400 (Eastern Daylight Time)
15.2901,15.2898,15.2898,15.2892,15.2892,15.2895,15.2895,15.2892,15.2892,15.2886,15.289,15.289,15.289,15.289,15.2888,15.2896,15.2893,15.2896,15.2893,15.2889,15.2889,15.2881,15.2885,15.2878,15.2874,15.2876,15.2876,15.2881,15.2878,15.2875,15.2878,15.2878,15.2875,15.2875,15.2882,15.2877,15.2879,15.2886,15.2871,15.2874,15.2874,15.2874,15.2874,15.2877,15.2886,15.288,15.288,15.2885,15.2885,15.2885,15.2882,15.2875,15.2872,15.2874,15.2874,15.2871,15.288,15.2883,15.2883,15.2893,
Fri Apr 17 2020 03:34:56 GMT-0400 (Eastern Daylight Time)
15.2914,15.2911,15.2919,15.2916,15.2918,15.292,15.2919,15.2913,15.2919,15.2923,15.2914,15.2914,15.2921,15.292,15.2925,15.2931,15.2916,15.2912,15.2915,15.2922,15.2925,15.293,15.2934,15.2941,15.2936,15.2934,15.2948,15.295,15.2947,15.2945,15.2967,15.2967,15.2963,15.2963,15.2963,15.2956,15.294,15.2945,15.2947,15.2951,15.2958,15.2953,15.2959,15.2963,15.2958,15.2955,15.2955,15.2955,15.2955,15.2952,15.2952,15.2948,15.2937,15.2945,15.2942,15.2942,15.2938,15.2936,15.2936,15.2933,
Fri Apr 17 2020 03:35:56 GMT-0400 (Eastern Daylight Time)
15.2941,15.2938,15.2941,15.2935,15.293,15.2934,15.2938,15.2942,15.2942,15.2945,15.2945,15.2945,15.2941,15.2948,15.2948,15.2944,15.2952,15.2961,15.2961,15.2961,15.2969,15.2963,15.2956,15.2972,15.2995,15.2995,15.2981,15.2981,15.2984,15.2978,15.2981,15.2991,15.2989,15.2989,15.2991,15.2991,15.2991,15.2986,15.2986,15.2986,15.2993,15.2993,15.2989,15.2993,15.2996,15.2998,15.3001,15.3007,15.3007,15.3011,15.3011,15.3015,15.3012,15.3005,15.3003,15.3003,15.3006,15.301,15.3013,15.3004,
Fri Apr 17 2020 03:36:55 GMT-0400 (Eastern Daylight Time)
15.3004,15.3002,15.3002,15.3004,15.3015,15.3018,15.3018,15.3018,15.3016,15.3012,15.3004,15.3004,15.3007,15.3011,15.3017,15.3006,15.3006,15.3006,15.3006,15.3003,15.3012,15.3012,15.302,15.3023,15.3031,15.3034,15.3034,15.3033,15.3033,15.3035,15.3021,15.3031,15.3031,15.3033,15.3036,15.3039,15.3039,15.3044,15.3044,15.304,15.3044,15.3041,15.3049,15.3054,15.3054,15.3047,15.3066,15.307,15.306,15.3063,15.3084,15.3084,15.3082,15.308,15.3085,15.3085,15.3077,15.3077,15.3085,15.3089,
Fri Apr 17 2020 03:37:55 GMT-0400 (Eastern Daylight Time)
15.3092,15.3099,15.3102,15.3103,15.3095,15.3099,15.3108,15.3116,15.3113,15.311,15.311,15.311,15.3113,15.3109,15.3105,15.3099,15.3099,15.3096,15.3094,15.3099,15.3096,15.3096,15.3102,15.3103,15.3105,15.3112,15.3099,15.3099,15.3105,15.3105,15.3102,15.3105,15.3109,15.3092,15.3097,15.3097,15.3094,15.3091,15.3091,15.3094,15.3098,15.3091,15.3091,15.3082,15.3078,15.3089,15.3089,15.31,15.31,15.3106,15.3112,15.3115,15.3105,15.3095,15.31,15.31,15.31,15.3103,15.3103,15.3106,
Fri Apr 17 2020 03:38:55 GMT-0400 (Eastern Daylight Time)
15.3115,15.3115,15.312,15.3123,15.3123,15.313,15.3124,15.3124,15.3124,15.3122,15.3117,15.3112,15.3112,15.3111,15.3107,15.3112,15.3115,15.3116,15.3119,15.3111,15.3117,15.3117,15.312,15.3095,15.3095,15.3098,15.3101,15.3101,15.3097,15.3105,15.3102,15.3112,15.3112,15.3116,15.3112,15.3112,15.3117,15.3128,15.3128,15.3128,15.3132,15.3126,15.3131,15.3131,15.3131,15.314,15.3144,15.3147,15.3153,15.3146,15.3171,15.3175,15.3171,15.3168,15.3154,15.3154,15.3145,15.3136,15.3131,15.3135,
Fri Apr 17 2020 03:39:56 GMT-0400 (Eastern Daylight Time)
15.3132,15.313,15.3117,15.3113,15.3113,15.3125,15.3124,15.3124,15.3128,15.3128,15.3128,15.3131,15.3134,15.3134,15.3137,15.314,15.3144,15.3138,15.3138,15.3155,15.3147,15.3145,15.3136,15.3136,15.316,15.3163,15.3162,15.3162,15.3167,15.3187,15.3187,15.3174,15.3171,15.3176,15.3173,15.3145,15.3145,15.3138,15.3135,15.3141,15.3135,15.3132,15.3146,15.3146,15.315,15.3158,15.3164,15.3161,15.3162,15.3162,15.3162,15.3162,15.3162,15.3168,15.3166,15.3169,15.3174,15.3169,15.3168,15.3169,
Fri Apr 17 2020 03:40:55 GMT-0400 (Eastern Daylight Time)
15.3169,15.3161,15.3161,15.3168,15.3168,15.3134,15.3134,15.3134,15.3136,15.3132,15.3132,15.3132,15.3129,15.3132,15.3119,15.3123,15.3123,15.3131,15.3128,15.313,15.3128,15.313,15.3135,15.3135,15.314,15.3139,15.3145,15.3145,15.3158,15.3146,15.3148,15.3148,15.3143,15.3149,15.3144,15.314,15.3137,15.313,15.313,15.3133,15.313,15.3141,15.3141,15.3136,15.3129,15.3148,15.3152,15.3161,15.3161,15.3165,15.3181,15.3175,15.3175,15.3164,15.3147,15.3147,15.3151,15.3151,15.3148,15.3156,
Fri Apr 17 2020 03:41:55 GMT-0400 (Eastern Daylight Time)
15.3159,15.3156,15.3159,15.3159,15.316,15.3164,15.3164,15.3164,15.3167,15.3172,15.3168,15.3165,15.3165,15.3163,15.3155,15.3161,15.3161,15.3158,15.3155,15.315,15.315,15.3152,15.3152,15.3152,15.3152,15.3151,15.3151,15.3153,15.3156,15.3161,15.3158,15.3158,15.3155,15.3169,15.3171,15.3168,15.3176,15.3168,15.3183,15.318,15.3183,15.3184,15.3184,15.3184,15.3184,15.3172,15.3153,15.3155,15.3155,15.3158,15.3152,15.3155,15.3142,15.3145,15.3149,15.3136,15.3141,15.3144,15.3166,15.3169,
Fri Apr 17 2020 03:42:55 GMT-0400 (Eastern Daylight Time)
15.3166,15.3189,15.3192,15.3192,15.3192,15.3191,15.3191,15.3191,15.3194,15.3189,15.3185,15.3182,15.3182,15.3182,15.3178,15.3179,15.3182,15.3174,15.3182,15.3184,15.3184,15.318,15.3152,15.3155,15.3155,15.3148,15.3148,15.3156,15.3156,15.317,15.3167,15.3167,15.3167,15.3164,15.3164,15.3145,15.3145,15.3151,15.3145,15.3147,15.3138,15.3132,15.3129,15.313,15.3134,15.3129,15.3119,15.3115,15.3111,15.3108,15.3103,15.3116,15.3112,15.3117,15.3115,15.3118,15.3118,15.3124,15.311,15.3102,
Fri Apr 17 2020 03:43:55 GMT-0400 (Eastern Daylight Time)
15.3099,15.3099,15.3093,15.3093,15.3093,15.3093,15.3101,15.3111,15.3114,15.3116,15.3116,15.3113,15.3116,15.3124,15.3128,15.3125,15.312,15.3112,15.311,15.3113,15.3113,15.3113,15.3107,15.3086,15.3088,15.3091,15.3094,15.3109,15.3109,15.3109,15.3106,15.3106,15.311,15.3108,15.3106,15.3109,15.309,15.3087,15.3081,15.3084,15.3078,15.3069,15.3068,15.3064,15.3064,15.3059,15.3058,15.3058,15.3065,15.3072,15.308,15.308,15.3089,15.3089,15.3103,15.3103,15.3103,15.3101,15.3093,15.3093,
Fri Apr 17 2020 03:44:56 GMT-0400 (Eastern Daylight Time)
15.309,15.3092,15.3092,15.3094,15.3097,15.3097,15.3092,15.309,15.3092,15.3104,15.3104,15.3109,15.311,15.3114,15.3089,15.3091,15.3091,15.3083,15.3096,15.3096,15.3096,15.3087,15.3093,15.31,15.3097,15.3112,15.3114,15.3125,15.3121,15.3111,15.3115,15.3112,15.3116,15.3107,15.311,15.3109,15.3109,15.3112,15.3131,15.3131,15.3131,15.3139,15.3135,15.3139,15.3139,15.3112,15.3108,15.31,15.31,15.3102,15.3105,15.3108,15.3093,15.3101,15.3104,15.3104,15.3115,15.3119,15.3121,15.3112,
Fri Apr 17 2020 03:45:55 GMT-0400 (Eastern Daylight Time)
15.3111,15.3103,15.3103,15.3089,15.3089,15.309,15.3093,15.3089,15.3094,15.3099,15.3099,15.3099,15.3099,15.3097,15.3102,15.3108,15.3108,15.3107,15.3107,15.3112,15.3112,15.3132,15.3128,15.3125,15.3137,15.3132,15.3134,15.3141,15.3138,15.314,15.314,15.3143,15.3149,15.3146,15.3151,15.3141,15.3141,15.3147,15.3147,15.315,15.315,15.3173,15.317,15.317,15.317,15.3163,15.3165,15.3169,15.3156,15.3153,15.3153,15.3148,15.3152,15.3152,15.3156,15.3151,15.314,15.3154,15.3161,15.3161,
Fri Apr 17 2020 03:46:55 GMT-0400 (Eastern Daylight Time)
15.3156,15.3152,15.3169,15.3169,15.3166,15.3185,15.319,15.3186,15.318,15.3187,15.3187,15.3176,15.3176,15.3177,15.318,15.3176,15.3176,15.3176,15.3174,15.3174,15.3178,15.3175,15.3173,15.3173,15.317,15.3168,15.3161,15.3161,15.3164,15.3167,15.3163,15.3166,15.3166,15.3184,15.3187,15.3187,15.3187,15.3188,15.3186,15.3186,15.32,15.3201,15.3206,15.321,15.3206,15.3198,15.319,15.319,15.3187,15.3187,15.3184,15.318,15.318,15.3175,15.3173,15.3181,15.3171,15.3171,15.3171,15.3167,
Fri Apr 17 2020 03:47:55 GMT-0400 (Eastern Daylight Time)
15.317,15.3172,15.3172,15.3172,15.3174,15.3175,15.3173,15.3184,15.3184,15.3174,15.3197,15.3197,15.3196,15.3198,15.319,15.3196,15.3201,15.3196,15.3199,15.3199,15.3193,15.3197,15.3202,15.3198,15.3198,15.3189,15.3185,15.3183,15.3179,15.3158,15.3167,15.3163,15.3171,15.3171,15.3173,15.3175,15.3164,15.3161,15.3158,15.3158,15.3158,15.3147,15.3144,15.3144,15.3147,15.314,15.314,15.3146,15.3146,15.3139,15.3141,15.3153,15.3153,15.3162,15.3156,15.3156,15.3158,15.3153,15.3159,15.3154,
Fri Apr 17 2020 03:48:55 GMT-0400 (Eastern Daylight Time)
15.3151,15.3155,15.3155,15.3151,15.3128,15.313,15.3124,15.3121,15.3121,15.3124,15.312,15.3117,15.3122,15.3119,15.3122,15.313,15.3108,15.3107,15.3109,15.3113,15.3118,15.312,15.3126,15.3126,15.3126,15.3132,15.3137,15.3137,15.3158,15.3158,15.3161,15.3164,15.3155,15.3157,15.3161,15.3161,15.3161,15.3168,15.3168,15.3174,15.3174,15.3159,15.3167,15.3172,15.3168,15.3164,15.3167,15.3173,15.3173,15.3181,15.3179,15.317,15.3176,15.3165,15.3167,15.3174,15.3177,15.3181,15.3178,15.3182,
Fri Apr 17 2020 03:49:55 GMT-0400 (Eastern Daylight Time)
15.3194,15.3191,15.3187,15.3185,15.3197,15.3197,15.3202,15.3207,15.321,15.3217,15.322,15.322,15.322,15.3217,15.3219,15.3216,15.3209,15.3213,15.3213,15.321,15.3213,15.3217,15.3214,15.3214,15.3207,15.3199,15.3195,15.3202,15.3199,15.3194,15.3198,15.3202,15.3202,15.3201,15.3201,15.3204,15.3201,15.3201,15.3201,15.3189,15.3202,15.3209,15.3209,15.3209,15.3209,15.3209,15.3224,15.3224,15.3217,15.3217,15.3216,15.3216,15.3203,15.3203,15.3194,15.32,15.3198,15.3195,15.3193,15.3205,
Fri Apr 17 2020 03:50:55 GMT-0400 (Eastern Daylight Time)
15.3205,15.3208,15.322,15.322,15.3216,15.3219,15.3229,15.3236,15.3242,15.3236,15.3244,15.3247,15.3247,15.3242,15.3252,15.3249,15.3247,15.3247,15.3228,15.3225,15.3225,15.3224,15.3224,15.322,15.322,15.3223,15.3215,15.3215,15.3215,15.3204,15.3198,15.3198,15.3198,15.32,15.3193,15.3196,15.3201,15.3199,15.3196,15.3197,15.3204,15.3204,15.3214,15.3206,15.321,15.321,15.3216,15.3208,15.3208,15.3215,15.3223,15.3218,15.3215,15.321,15.3219,15.3216,15.3217,15.3215,15.3217,15.3214,
Fri Apr 17 2020 03:51:55 GMT-0400 (Eastern Daylight Time)
15.3214,15.3214,15.3229,15.3235,15.3235,15.3227,15.3224,15.3228,15.3228,15.3228,15.3228,15.3223,15.3225,15.323,15.3224,15.3232,15.324,15.3235,15.3239,15.3254,15.3254,15.3256,15.3248,15.3251,15.3266,15.3266,15.328,15.3283,15.3288,15.3283,15.3292,15.3292,15.3289,15.3293,15.3294,15.3294,15.3299,15.328,15.3289,15.3292,15.3292,15.3296,15.3299,15.3294,15.3297,15.3293,15.3286,15.3289,15.3289,15.3289,15.3296,15.33,15.33,15.331,15.3311,15.3317,15.3317,15.3314,15.3309,15.3317,
Fri Apr 17 2020 03:52:55 GMT-0400 (Eastern Daylight Time)
15.3323,15.3321,15.3316,15.3335,15.3335,15.3348,15.3352,15.335,15.3358,15.3349,15.3349,15.3344,15.3344,15.334,15.3346,15.3344,15.3344,15.3354,15.335,15.3354,15.3356,15.3356,15.3362,15.3353,15.335,15.335,15.3352,15.3358,15.3353,15.3355,15.3352,15.3346,15.3346,15.3342,15.3329,15.3333,15.3326,15.3326,15.3323,15.3325,15.3324,15.3328,15.3332,15.3316,15.331,15.3303,15.33,15.3299,15.3303,15.33,15.3297,15.3301,15.3284,15.3276,15.3272,15.3272,15.3268,15.327,15.3277,15.3271,
Fri Apr 17 2020 03:54:56 GMT-0400 (Eastern Daylight Time)
15.3275,15.3275,15.3298,15.3304,15.3307,15.3249,15.3252,15.3252,15.3248,15.3248,15.3238,15.3238,15.3235,15.3237,15.324,15.3243,15.3243,15.3245,15.3239,15.3239,15.3239,15.3232,15.3228,15.3225,15.3225,15.3225,15.3219,15.3221,15.3237,15.3237,15.3242,15.3244,15.325,15.3257,15.3257,15.3257,15.3257,15.3257,15.3257,15.326,15.3271,15.3272,15.3278,15.3272,15.3268,15.3278,15.3273,15.3273,15.3282,15.3278,15.3287,15.3287,15.3284,15.3286,15.3295,15.3291,15.3288,15.3291,15.3275,15.3275,
Fri Apr 17 2020 03:55:55 GMT-0400 (Eastern Daylight Time)
15.3283,15.3277,15.3286,15.3286,15.328,15.3268,15.3258,15.3233,15.3233,15.3229,15.3229,15.3237,15.3233,15.3233,15.3227,15.3233,15.3229,15.322,15.3222,15.3227,15.3207,15.321,15.3216,15.3213,15.322,15.3227,15.3217,15.3238,15.3242,15.3244,15.3254,15.3254,15.3254,15.3272,15.3272,15.3267,15.3262,15.3259,15.3271,15.3267,15.3266,15.3276,15.3275,15.3272,15.3272,15.328,15.3273,15.3282,15.3282,15.3282,15.3281,15.3283,15.3283,15.328,15.3289,15.3283,15.3286,15.3284,15.3286,15.328,
Fri Apr 17 2020 03:56:55 GMT-0400 (Eastern Daylight Time)
15.3265,15.3262,15.325,15.3247,15.3247,15.3249,15.3252,15.3245,15.3245,15.3214,15.3208,15.32,15.32,15.32,15.3202,15.3202,15.3198,15.3194,15.3188,15.3191,15.3191,15.3197,15.3193,15.3189,15.3189,15.3197,15.3195,15.3191,15.3185,15.3167,15.3161,15.3172,15.3172,15.3172,15.3172,15.3172,15.3172,15.3172,15.3186,15.3182,15.3178,15.3186,15.3191,15.3188,15.3194,15.3194,15.319,15.3195,15.3195,15.319,15.3189,15.3189,15.3186,15.3183,15.3186,15.3184,15.3188,15.3188,15.3198,15.32,
Fri Apr 17 2020 03:57:56 GMT-0400 (Eastern Daylight Time)
15.32,15.3211,15.3216,15.3216,15.3216,15.3216,15.3215,15.3215,15.3218,15.3222,15.3215,15.3215,15.3218,15.3226,15.3226,15.3229,15.3234,15.323,15.3241,15.3241,15.3244,15.3235,15.3248,15.3256,15.3249,15.3249,15.3247,15.3236,15.323,15.3226,15.3226,15.3216,15.3218,15.3218,15.3209,15.3206,15.3206,15.3178,15.3167,15.3161,15.3166,15.3162,15.316,15.3153,15.3145,15.3145,15.3148,15.3153,15.3153,15.3127,15.3122,15.3111,15.3107,15.3107,15.3115,15.3117,15.3121,15.3121,15.3114,15.3123,
Fri Apr 17 2020 03:58:55 GMT-0400 (Eastern Daylight Time)
15.3123,15.3123,15.3121,15.3121,15.3121,15.313,15.3122,15.3122,15.3122,15.3128,15.3134,15.3141,15.3141,15.3141,15.3137,15.3132,15.3129,15.3133,15.3134,15.3139,15.314,15.3143,15.3135,15.3135,15.3138,15.3133,15.313,15.3127,15.3122,15.3119,15.3127,15.3127,15.3127,15.3122,15.3116,15.3116,15.3116,15.3115,15.3106,15.3106,15.3101,15.3098,15.3099,15.3099,15.3093,15.3099,15.3109,15.3109,15.3116,15.3118,15.3122,15.3117,15.3117,15.3114,15.3109,15.3109,15.3112,15.3117,15.311,15.311,
Fri Apr 17 2020 03:59:56 GMT-0400 (Eastern Daylight Time)
15.3135,15.3135,15.3135,15.3135,15.3135,15.3137,15.3138,15.3138,15.3135,15.3138,15.3139,15.3147,15.3152,15.3152,15.3165,15.3162,15.3165,15.3161,15.3172,15.3175,15.3175,15.3183,15.3196,15.32,15.3193,15.3179,15.3171,15.3178,15.3173,15.3177,15.3184,15.318,15.3183,15.3194,15.3195,15.3185,15.3185,15.3182,15.3182,15.3182,15.319,15.3196,15.3199,15.3183,15.3183,15.3178,15.3181,15.3175,15.3175,15.3175,15.3179,15.3184,15.3182,15.3177,15.3184,15.3187,15.319,15.3196,15.3182,15.3185,
Fri Apr 17 2020 04:00:56 GMT-0400 (Eastern Daylight Time)
15.3187,15.3187,15.3187,15.3178,15.3174,15.3172,15.3172,15.3172,15.3166,15.3171,15.3175,15.3169,15.3182,15.3188,15.3188,15.3186,15.3184,15.3201,15.3201,15.3204,15.3207,15.3213,15.3222,15.3219,15.3213,15.3213,15.3211,15.3212,15.32,15.3202,15.3201,15.3204,15.3198,15.3203,15.3203,15.3219,15.3219,15.3216,15.3216,15.3215,15.3211,15.3207,15.3207,15.3207,15.3193,15.3193,15.3196,15.3199,15.3202,15.3199,15.3197,15.3205,15.3205,15.3208,15.3209,15.32,15.3191,15.3195,15.3192,15.3182,
Fri Apr 17 2020 04:01:56 GMT-0400 (Eastern Daylight Time)
15.3179,15.3179,15.3168,15.3168,15.3178,15.3185,15.3179,15.3185,15.3182,15.3179,15.3182,15.3178,15.3176,15.3167,15.3167,15.3167,15.3163,15.3166,15.3166,15.3165,15.3169,15.3162,15.3162,15.3121,15.3113,15.3113,15.3113,15.3099,15.3102,15.3102,15.3087,15.3081,15.3081,15.3081,15.3085,15.3082,15.3087,15.3083,15.3079,15.3076,15.3082,15.3082,15.3095,15.3099,15.3099,15.3094,15.3091,15.3094,15.3096,15.3096,15.3088,15.307,15.3062,15.3062,15.3059,15.3062,15.306,15.3062,15.3052,15.3069,
Fri Apr 17 2020 04:02:55 GMT-0400 (Eastern Daylight Time)
15.3069,15.3069,15.3074,15.3066,15.3061,15.3063,15.3063,15.3065,15.3075,15.3072,15.3073,15.3073,15.3082,15.3088,15.3085,15.3082,15.3085,15.3088,15.3087,15.3084,15.3086,15.3073,15.307,15.3074,15.3077,15.3074,15.3077,15.3094,15.3085,15.3064,15.3064,15.3066,15.3069,15.3061,15.3066,15.3068,15.3068,15.3066,15.3066,15.3059,15.306,15.3065,15.3065,15.3059,15.3046,15.3051,15.3051,15.3059,15.3063,15.3063,15.3052,15.3071,15.3069,15.3069,15.3086,15.3083,15.3092,15.3092,15.3088,15.3089,
Fri Apr 17 2020 04:03:55 GMT-0400 (Eastern Daylight Time)
15.3092,15.3102,15.3106,15.3099,15.3104,15.31,15.3092,15.3084,15.308,15.308,15.308,15.3081,15.3084,15.3084,15.308,15.3064,15.3069,15.3069,15.3067,15.3069,15.3069,15.3071,15.3071,15.3067,15.3064,15.3076,15.307,15.3074,15.3081,15.3071,15.3069,15.3067,15.3067,15.3061,15.3061,15.3054,15.3054,15.3054,15.3057,15.3055,15.3048,15.3048,15.3047,15.304,15.304,15.3035,15.3027,15.3029,15.3029,15.3029,15.3032,15.3025,15.3029,15.3032,15.3028,15.3039,15.3049,15.3049,15.3048,15.3038,
Fri Apr 17 2020 04:04:56 GMT-0400 (Eastern Daylight Time)
15.3038,15.3042,15.3047,15.3052,15.3056,15.3055,15.3057,15.3058,15.3055,15.3052,15.3054,15.3064,15.3062,15.3069,15.3066,15.3056,15.3053,15.3048,15.3048,15.3044,15.3044,15.3044,15.3058,15.3064,15.3062,15.3064,15.3064,15.305,15.3054,15.3078,15.3077,15.3073,15.307,15.3061,15.3054,15.3053,15.3055,15.3057,15.3057,15.3057,15.3057,15.3062,15.306,15.3089,15.3087,15.3091,15.3102,15.31,15.31,15.3103,15.3097,15.3097,15.3105,15.3105,15.3103,15.3103,15.3098,15.3101,15.3101,15.3102,
Fri Apr 17 2020 04:05:56 GMT-0400 (Eastern Daylight Time)
15.3107,15.3117,15.3114,15.3114,15.3105,15.3105,15.3105,15.3105,15.3108,15.3103,15.3106,15.3127,15.312,15.3117,15.312,15.312,15.312,15.3113,15.3112,15.3096,15.3103,15.3132,15.3132,15.3118,15.3115,15.3118,15.3118,15.3143,15.3141,15.3138,15.314,15.3137,15.3134,15.3126,15.314,15.3143,15.3147,15.3147,15.3151,15.3149,15.3144,15.3141,15.3138,15.3139,15.3144,15.3144,15.3136,15.3136,15.3138,15.3132,15.3124,15.3124,15.3127,15.3122,15.3122,15.3116,15.3118,15.3124,15.3124,15.3124,
Fri Apr 17 2020 04:06:57 GMT-0400 (Eastern Daylight Time)
15.3118,15.3115,15.3115,15.3115,15.3128,15.3128,15.3132,15.3129,15.3125,15.3125,15.3131,15.3125,15.3127,15.312,15.312,15.3122,15.3122,15.3125,15.3121,15.3118,15.3118,15.3134,15.3137,15.3147,15.3151,15.3151,15.3151,15.3152,15.3149,15.3153,15.3143,15.315,15.3153,15.3148,15.3143,15.3144,15.3149,15.3149,15.3142,15.3142,15.3134,15.3136,15.3133,15.3131,15.3128,15.3124,15.3126,15.3127,15.3127,15.3135,15.3132,15.3132,15.3129,15.3127,15.3127,15.3135,15.3135,15.3142,15.3139,15.3139,
Fri Apr 17 2020 04:07:56 GMT-0400 (Eastern Daylight Time)
15.3137,15.3138,15.3138,15.3138,15.3138,15.3138,15.3138,15.316,15.3163,15.3163,15.3163,15.3153,15.3153,15.3149,15.3146,15.3143,15.3143,15.3143,15.3143,15.3145,15.3149,15.3149,15.3152,15.3147,15.3144,15.3141,15.3141,15.3139,15.3142,15.3142,15.314,15.3143,15.3143,15.3143,15.3143,15.3149,15.3152,15.314,15.314,15.3131,15.3131,15.3143,15.3144,15.3137,15.3133,15.3133,15.3133,15.3133,15.3125,15.3133,15.3137,15.3144,15.3144,15.3141,15.3133,15.3129,15.3129,15.3123,15.3113,15.3105,
Fri Apr 17 2020 04:08:56 GMT-0400 (Eastern Daylight Time)
15.3105,15.3102,15.3097,15.3099,15.3102,15.3108,15.3105,15.3107,15.3107,15.311,15.3104,15.3106,15.3109,15.3113,15.3113,15.3106,15.3106,15.3109,15.3103,15.3119,15.3122,15.311,15.31,15.3105,15.3103,15.3103,15.3101,15.3098,15.3098,15.3098,15.31,15.3094,15.309,15.3087,15.3113,15.3104,15.3103,15.3107,15.3104,15.3108,15.3115,15.3108,15.3108,15.311,15.3101,15.3097,15.3097,15.3097,15.3094,15.3094,15.3092,15.3078,15.3081,15.3085,15.3082,15.3072,15.3073,15.3077,15.3091,15.3086,
Fri Apr 17 2020 04:09:56 GMT-0400 (Eastern Daylight Time)
15.309,15.309,15.3089,15.3079,15.3079,15.3079,15.3079,15.3072,15.3068,15.3068,15.3066,15.3066,15.3079,15.3075,15.3075,15.3094,15.3091,15.3086,15.309,15.3088,15.3095,15.3098,15.3092,15.3102,15.3111,15.3117,15.3119,15.3124,15.3123,15.3119,15.3116,15.3116,15.3117,15.3116,15.3112,15.3115,15.314,15.3143,15.3137,15.3137,15.3139,15.3139,15.3139,15.3139,15.3142,15.315,15.315,15.3155,15.3149,15.3172,15.318,15.3188,15.3184,15.318,15.318,15.3189,15.3189,15.3194,15.3196,15.3196,
Fri Apr 17 2020 04:10:56 GMT-0400 (Eastern Daylight Time)
15.3198,15.3196,15.3196,15.319,15.3178,15.316,15.316,15.3172,15.3178,15.3175,15.3173,15.3165,15.3156,15.3152,15.3152,15.3148,15.3148,15.3164,15.3172,15.3149,15.3145,15.3149,15.3149,15.3149,15.3149,15.3147,15.3147,15.314,15.3136,15.3124,15.3127,15.3127,15.3119,15.3119,15.3119,15.3119,15.3107,15.3088,15.3093,15.3093,15.3097,15.3097,15.3097,15.3097,15.3097,15.3083,15.3083,15.3079,15.3073,15.3065,15.307,15.3066,15.3063,15.3059,15.3058,15.3056,15.3063,15.3065,15.3058,15.3067,
Fri Apr 17 2020 04:11:55 GMT-0400 (Eastern Daylight Time)
15.3077,15.3077,15.3081,15.3083,15.3066,15.3066,15.307,15.307,15.3077,15.3077,15.3054,15.3054,15.3047,15.3045,15.3049,15.3049,15.3042,15.3048,15.3051,15.3048,15.3045,15.3043,15.3043,15.3043,15.3034,15.304,15.304,15.304,15.3031,15.302,15.3018,15.3018,15.3018,15.3022,15.303,15.3028,15.3033,15.303,15.3033,15.3036,15.302,15.3008,15.2997,15.3,15.3001,15.2995,15.2995,15.2995,15.2989,15.2989,15.2989,15.2988,15.2991,15.2991,15.2983,15.2983,15.298,15.2993,15.299,15.2981,
Fri Apr 17 2020 04:12:56 GMT-0400 (Eastern Daylight Time)
15.298,15.2964,15.2964,15.2962,15.2959,15.2962,15.2959,15.2954,15.295,15.2953,15.2963,15.2966,15.2968,15.2963,15.2967,15.2972,15.2981,15.2986,15.2989,15.2989,15.2996,15.299,15.2985,15.2981,15.2978,15.2978,15.2973,15.2969,15.2972,15.2969,15.2964,15.2964,15.2972,15.2975,15.298,15.298,15.2983,15.2998,15.302,15.301,15.3011,15.3021,15.3032,15.304,15.3034,15.3025,15.3022,15.3025,15.3034,15.3027,15.303,15.3023,15.3024,15.3024,15.3026,15.3026,15.3019,15.3016,15.3016,15.3016,
Fri Apr 17 2020 04:13:56 GMT-0400 (Eastern Daylight Time)
15.3017,15.3017,15.3017,15.3028,15.3028,15.3022,15.3015,15.3008,15.3013,15.3009,15.3012,15.3014,15.3012,15.3003,15.2992,15.3001,15.3002,15.2997,15.301,15.3006,15.2994,15.299,15.2993,15.2999,15.2994,15.3,15.3,15.3,15.2994,15.2991,15.2989,15.2989,15.2989,15.2991,15.3001,15.2998,15.2971,15.2968,15.2968,15.2974,15.2969,15.2967,15.2968,15.2962,15.2949,15.2951,15.2959,15.2959,15.2967,15.2965,15.2961,15.2957,15.2962,15.2968,15.2968,15.2966,15.2963,15.2963,15.2979,15.2979,
Fri Apr 17 2020 04:14:56 GMT-0400 (Eastern Daylight Time)
15.2975,15.2975,15.2978,15.2982,15.2978,15.2981,15.299,15.299,15.2996,15.2996,15.2991,15.2994,15.2996,15.2993,15.2982,15.2987,15.2984,15.2986,15.2987,15.2977,15.2979,15.2968,15.2968,15.2971,15.2974,15.2974,15.2977,15.2969,15.2966,15.2963,15.2964,15.2961,15.2966,15.2966,15.2966,15.2966,15.2959,15.2957,15.2957,15.2959,15.2964,15.2965,15.2965,15.2969,15.2972,15.2969,15.2969,15.2964,15.2964,15.2942,15.295,15.2941,15.2951,15.2949,15.2953,15.2956,15.2981,15.2981,15.2987,15.2989,
Fri Apr 17 2020 04:15:56 GMT-0400 (Eastern Daylight Time)
15.301,15.3015,15.3024,15.3024,15.3011,15.3019,15.3022,15.3026,15.3013,15.3013,15.3013,15.2998,15.2992,15.2992,15.2992,15.3007,15.3,15.3,15.3003,15.3003,15.3013,15.3016,15.3016,15.301,15.3011,15.3005,15.3005,15.3016,15.3035,15.3039,15.3039,15.304,15.3051,15.3051,15.3046,15.3046,15.3061,15.3051,15.3049,15.3049,15.3047,15.3043,15.305,15.3046,15.3046,15.3049,15.3049,15.3055,15.3058,15.307,15.3072,15.3077,15.3101,15.3098,15.3098,15.3096,15.31,15.3103,15.312,15.312,
Fri Apr 17 2020 04:16:56 GMT-0400 (Eastern Daylight Time)
15.3115,15.3112,15.3114,15.3112,15.311,15.3114,15.3107,15.31,15.3097,15.309,15.309,15.3081,15.3083,15.3096,15.3093,15.3095,15.3098,15.3098,15.3104,15.3104,15.3106,15.3101,15.3107,15.3104,15.3104,15.3111,15.3111,15.3112,15.3112,15.3112,15.3114,15.3111,15.3105,15.3094,15.3095,15.3093,15.3093,15.31,15.3102,15.3102,15.3105,15.311,15.3107,15.3107,15.3117,15.3107,15.31,15.3104,15.3107,15.3105,15.3102,15.3096,15.309,15.3093,15.3093,15.3094,15.3094,15.3094,15.3094,15.3094,
Fri Apr 17 2020 04:17:56 GMT-0400 (Eastern Daylight Time)
15.3091,15.3088,15.3083,15.3083,15.3084,15.3084,15.3087,15.3087,15.3079,15.3083,15.3079,15.3086,15.3092,15.3092,15.309,15.3093,15.3093,15.3102,15.3097,15.3086,15.3086,15.3086,15.3083,15.3087,15.3087,15.3091,15.3093,15.3093,15.309,15.309,15.3093,15.3097,15.3097,15.3097,15.3095,15.3095,15.3089,15.3084,15.3069,15.3069,15.3067,15.3078,15.3078,15.3078,15.3057,15.3055,15.3066,15.3061,15.3065,15.3065,15.3071,15.3066,15.3062,15.3055,15.3055,15.3053,15.305,15.3045,15.3043,15.3036,
Fri Apr 17 2020 04:18:56 GMT-0400 (Eastern Daylight Time)
15.3033,15.3035,15.3035,15.3029,15.3029,15.3016,15.3016,15.3016,15.3025,15.3019,15.2985,15.298,15.298,15.298,15.2983,15.2986,15.299,15.2988,15.2986,15.2986,15.2995,15.3008,15.3008,15.3011,15.3009,15.3003,15.2995,15.2995,15.3,15.3001,15.3001,15.3004,15.3007,15.3002,15.3002,15.2998,15.2994,15.299,15.2992,15.2996,15.2998,15.2983,15.298,15.2992,15.299,15.2986,15.2986,15.2988,15.2988,15.2994,15.2992,15.299,15.299,15.299,15.2988,15.2988,15.2996,15.297,15.298,15.298,
Fri Apr 17 2020 04:19:57 GMT-0400 (Eastern Daylight Time)
15.2985,15.2986,15.2983,15.2991,15.2991,15.2988,15.2991,15.2994,15.2996,15.2985,15.2987,15.2987,15.2978,15.298,15.2987,15.2987,15.2984,15.2991,15.2988,15.2988,15.2995,15.2995,15.2995,15.2997,15.3,15.3017,15.302,15.3015,15.3015,15.3015,15.3015,15.3037,15.3039,15.3044,15.3047,15.3047,15.305,15.3048,15.3045,15.3044,15.3044,15.3054,15.3056,15.3056,15.3056,15.3061,15.3065,15.3065,15.3094,15.3096,15.3093,15.31,15.3095,15.3095,15.3098,15.3098,15.3106,15.3102,15.3107,15.3101,
Fri Apr 17 2020 04:20:56 GMT-0400 (Eastern Daylight Time)
15.3092,15.3092,15.3092,15.3092,15.3088,15.3088,15.3088,15.3079,15.3082,15.3082,15.3082,15.3082,15.3082,15.3081,15.3081,15.3081,15.3097,15.3097,15.3097,15.3103,15.3103,15.3137,15.3134,15.313,15.313,15.313,15.3119,15.3114,15.3105,15.3103,15.3103,15.3109,15.3085,15.308,15.308,15.3085,15.3085,15.3085,15.3085,15.308,15.308,15.3085,15.3092,15.3093,15.3093,15.31,15.3112,15.3113,15.3127,15.3127,15.3132,15.3132,15.313,15.3136,15.3136,15.3136,15.3137,15.3137,15.3138,15.3138,
Fri Apr 17 2020 04:21:56 GMT-0400 (Eastern Daylight Time)
15.3138,15.314,15.314,15.314,15.3145,15.3137,15.3129,15.3095,15.3095,15.3087,15.3079,15.3071,15.3071,15.3069,15.3069,15.3071,15.3071,15.3076,15.308,15.3085,15.3085,15.3073,15.3073,15.3084,15.309,15.3085,15.3085,15.3092,15.3089,15.308,15.308,15.3087,15.3083,15.3084,15.3081,15.3087,15.3087,15.308,15.3072,15.3072,15.3069,15.3074,15.3069,15.3071,15.3066,15.3064,15.3066,15.3066,15.3061,15.3056,15.3056,15.3056,15.305,15.305,15.3054,15.3054,15.3052,15.3047,15.3041,15.3052,
Fri Apr 17 2020 04:22:56 GMT-0400 (Eastern Daylight Time)
15.3052,15.3058,15.3058,15.3056,15.3059,15.3061,15.3061,15.3068,15.3063,15.3067,15.3062,15.3055,15.3055,15.3048,15.3048,15.3046,15.3046,15.3049,15.3049,15.3053,15.3053,15.3057,15.3053,15.3053,15.3062,15.3065,15.3065,15.3095,15.3095,15.3098,15.3098,15.31,15.31,15.31,15.31,15.3124,15.3118,15.3126,15.3133,15.3126,15.3123,15.3123,15.3097,15.3097,15.3094,15.3094,15.3094,15.3094,15.3096,15.3098,15.3094,15.3094,15.3089,15.3086,15.3089,15.3086,15.3086,15.3088,15.3091,15.3091,
Fri Apr 17 2020 04:23:56 GMT-0400 (Eastern Daylight Time)
15.3084,15.3089,15.309,15.3087,15.3093,15.3093,15.3082,15.3084,15.309,15.3092,15.3088,15.3088,15.3092,15.3099,15.3109,15.3098,15.3098,15.3064,15.3066,15.306,15.306,15.3048,15.3048,15.3048,15.3041,15.3041,15.3039,15.3038,15.3045,15.3048,15.3053,15.305,15.3046,15.3048,15.3043,15.3043,15.304,15.3034,15.3038,15.3038,15.3038,15.3033,15.3049,15.3032,15.3048,15.3064,15.3069,15.3069,15.3069,15.3071,15.3071,15.308,15.3077,15.3077,15.3083,15.3083,15.3083,15.3086,15.3086,15.3086,
Fri Apr 17 2020 04:24:56 GMT-0400 (Eastern Daylight Time)
15.3086,15.3088,15.3088,15.3088,15.3088,15.3088,15.3088,15.3087,15.3087,15.3087,15.3087,15.3087,15.3087,15.3087,15.3087,15.3087,15.3071,15.3066,15.3066,15.306,15.306,15.306,15.306,15.3056,15.3056,15.3049,15.3049,15.3052,15.3052,15.3052,15.3052,15.3052,15.3038,15.3032,15.3029,15.3027,15.3027,15.3023,15.3014,15.301,15.3032,15.303,15.3028,15.3028,15.303,15.3038,15.3041,15.3038,15.3042,15.3045,15.305,15.305,15.3056,15.3063,15.3059,15.3056,15.3056,15.3053,15.306,15.3057,
Fri Apr 17 2020 04:25:55 GMT-0400 (Eastern Daylight Time)
15.305,15.3057,15.3057,15.3045,15.3032,15.3038,15.303,15.303,15.303,15.303,15.3033,15.3035,15.3035,15.3038,15.3038,15.3038,15.305,15.3042,15.3045,15.3045,15.3048,15.3054,15.3081,15.3081,15.3084,15.3087,15.3084,15.3084,15.3081,15.3075,15.3064,15.3068,15.3068,15.3059,15.3052,15.304,15.304,15.3037,15.3034,15.3034,15.3041,15.3046,15.3046,15.3042,15.3042,15.3055,15.3059,15.3054,15.3054,15.3045,15.3048,15.3044,15.3049,15.3049,15.3052,15.3047,15.3046,15.3048,15.305,15.3057,
Fri Apr 17 2020 04:26:56 GMT-0400 (Eastern Daylight Time)
15.3057,15.3061,15.3059,15.3056,15.3056,15.3044,15.3042,15.3042,15.3057,15.301,15.301,15.3014,15.3017,15.3017,15.3013,15.302,15.3016,15.3013,15.3013,15.3015,15.3011,15.3014,15.3012,15.3012,15.3012,15.3023,15.3026,15.3024,15.3029,15.3029,15.3023,15.3023,15.3023,15.3021,15.3021,15.3021,15.3021,15.3024,15.3024,15.3024,15.3024,15.3043,15.3027,15.303,15.3054,15.3049,15.3049,15.3045,15.3048,15.3046,15.3042,15.3047,15.3044,15.3041,15.3041,15.3041,15.3045,15.3042,15.3047,15.3053,
Fri Apr 17 2020 04:27:56 GMT-0400 (Eastern Daylight Time)
15.3053,15.3053,15.3053,15.3043,15.3038,15.3031,15.3033,15.3037,15.3026,15.3038,15.3031,15.3033,15.3033,15.3039,15.3037,15.3036,15.3036,15.3033,15.3032,15.3028,15.3028,15.3031,15.3025,15.3031,15.3031,15.3034,15.3031,15.3031,15.3034,15.3037,15.3036,15.3042,15.3034,15.302,15.3026,15.3019,15.3016,15.3019,15.3016,15.3013,15.3023,15.3017,15.3011,15.3014,15.3014,15.3017,15.3027,15.3027,15.3054,15.3054,15.3054,15.3057,15.3061,15.3058,15.3069,15.3066,15.3066,15.3067,15.3067,15.3069,
Fri Apr 17 2020 04:28:55 GMT-0400 (Eastern Daylight Time)
15.3075,15.3071,15.3071,15.3071,15.3074,15.3077,15.3075,15.3075,15.3075,15.307,15.3073,15.308,15.3079,15.3079,15.3086,15.3089,15.3087,15.3081,15.3077,15.3074,15.3071,15.3079,15.3078,15.3074,15.3077,15.3085,15.3083,15.3081,15.3102,15.3102,15.3099,15.3091,15.3091,15.3091,15.3087,15.3092,15.3092,15.3096,15.3104,15.3104,15.3085,15.3076,15.3091,15.3062,15.3065,15.3069,15.3069,15.3072,15.3065,15.3065,15.3065,15.3065,15.3068,15.3075,15.3075,15.308,15.3084,15.3092,15.3092,15.3096,
Fri Apr 17 2020 04:29:56 GMT-0400 (Eastern Daylight Time)
15.3086,15.3086,15.3092,15.3098,15.3105,15.3101,15.3104,15.3104,15.3109,15.3113,15.3119,15.3114,15.3139,15.3145,15.3141,15.3134,15.3131,15.3134,15.3134,15.3101,15.3101,15.3101,15.3101,15.3116,15.3123,15.3125,15.3121,15.3121,15.3121,15.3124,15.3127,15.3125,15.3118,15.3122,15.3129,15.3115,15.3115,15.3112,15.31,15.31,15.3101,15.3103,15.3103,15.3102,15.3102,15.3102,15.3102,15.3094,15.3087,15.3089,15.3079,15.3082,15.3084,15.3079,15.3081,15.3081,15.3092,15.3092,15.3089,15.3089,
Fri Apr 17 2020 04:30:56 GMT-0400 (Eastern Daylight Time)
15.3089,15.3101,15.3101,15.3097,15.3097,15.31,15.3109,15.3108,15.3108,15.3107,15.311,15.3105,15.3105,15.3107,15.3104,15.3104,15.3109,15.3116,15.3121,15.3115,15.3112,15.3117,15.3112,15.3103,15.311,15.311,15.3109,15.3109,15.3107,15.3107,15.3098,15.3103,15.3103,15.3101,15.3107,15.3097,15.3097,15.3107,15.3113,15.3113,15.3105,15.3099,15.3102,15.31,15.3093,15.3086,15.3079,15.3091,15.3089,15.3084,15.3078,15.3078,15.3078,15.3073,15.3073,15.308,15.3075,15.3075,15.3074,15.3074,
Fri Apr 17 2020 04:31:56 GMT-0400 (Eastern Daylight Time)
15.3074,15.3082,15.3081,15.3078,15.3087,15.3102,15.3102,15.3102,15.3123,15.3128,15.3129,15.3139,15.3139,15.3135,15.3141,15.3135,15.313,15.3127,15.3133,15.3133,15.3136,15.3153,15.3168,15.3168,15.3168,15.3176,15.3179,15.3182,15.3175,15.3175,15.3175,15.3175,15.3173,15.3173,15.3183,15.3177,15.3179,15.3184,15.3196,15.3198,15.3198,15.3195,15.3188,15.3193,15.3193,15.3198,15.319,15.3198,15.3198,15.3198,15.3215,15.3229,15.3244,15.3239,15.3235,15.3232,15.3228,15.323,15.3261,15.3256,
Fri Apr 17 2020 04:32:55 GMT-0400 (Eastern Daylight Time)
15.3269,15.3269,15.3269,15.3269,15.326,15.326,15.326,15.3257,15.326,15.3271,15.3284,15.3284,15.3278,15.328,15.327,15.3266,15.3266,15.3254,15.3251,15.3227,15.3224,15.3227,15.3221,15.3224,15.3222,15.3217,15.3213,15.3207,15.3207,15.3205,15.3202,15.3202,15.3208,15.3208,15.3203,15.3196,15.3198,15.3198,15.3197,15.3197,15.3198,15.3189,15.3192,15.3187,15.3187,15.3181,15.3181,15.3181,15.3197,15.3201,15.3208,15.3208,15.3205,15.3205,15.32,15.3184,15.3188,15.3181,15.3187,15.3185,
Fri Apr 17 2020 04:33:55 GMT-0400 (Eastern Daylight Time)
15.3185,15.3185,15.3185,15.3183,15.319,15.319,15.319,15.3187,15.3187,15.3187,15.3192,15.3214,15.3214,15.322,15.3217,15.3217,15.3213,15.3215,15.3225,15.3225,15.3221,15.3217,15.3219,15.3222,15.3218,15.3222,15.3239,15.3242,15.3239,15.3217,15.3221,15.3219,15.3223,15.3223,15.3225,15.3232,15.3229,15.3219,15.3227,15.3229,15.3229,15.3229,15.323,15.323,15.3213,15.3226,15.3223,15.3214,15.3237,15.3241,15.3242,15.3232,15.3232,15.323,15.3219,15.3223,15.3228,15.3223,15.3221,15.3224,
Fri Apr 17 2020 04:34:56 GMT-0400 (Eastern Daylight Time)
15.3226,15.3223,15.3217,15.3217,15.3217,15.3217,15.3221,15.3227,15.3216,15.322,15.322,15.3223,15.3226,15.3224,15.3224,15.3224,15.3242,15.3232,15.324,15.324,15.324,15.3236,15.3205,15.3209,15.3206,15.3206,15.3206,15.3203,15.3203,15.3206,15.321,15.321,15.321,15.3202,15.3214,15.3214,15.3205,15.3205,15.3213,15.3213,15.3216,15.3216,15.3216,15.3212,15.3209,15.3209,15.3214,15.3214,15.3224,15.3221,15.3224,15.3222,15.3211,15.3222,15.323,15.3227,15.3231,15.3227,15.323,15.323,
Fri Apr 17 2020 04:35:56 GMT-0400 (Eastern Daylight Time)
15.3214,15.3214,15.3199,15.3199,15.3196,15.319,15.3195,15.3191,15.318,15.318,15.3174,15.3168,15.316,15.3164,15.3162,15.3157,15.3141,15.3141,15.3136,15.3124,15.3111,15.3111,15.3117,15.3113,15.3116,15.3117,15.3123,15.312,15.312,15.3118,15.3112,15.3107,15.3112,15.3118,15.3114,15.3117,15.3115,15.3128,15.3129,15.3129,15.3137,15.3141,15.3141,15.3137,15.3144,15.3145,15.3151,15.3151,15.3151,15.3149,15.3163,15.3158,15.3158,15.316,15.3154,15.317,15.317,15.317,15.317,15.3168,
Fri Apr 17 2020 04:36:56 GMT-0400 (Eastern Daylight Time)
15.3168,15.3173,15.3173,15.3173,15.3173,15.3173,15.3171,15.3171,15.3173,15.3173,15.3173,15.3171,15.3171,15.3171,15.3171,15.3171,15.3171,15.3174,15.3174,15.3174,15.3174,15.3173,15.3173,15.3171,15.3171,15.3171,15.3175,15.3172,15.317,15.3175,15.3175,15.3164,15.3144,15.3121,15.3116,15.3088,15.3076,15.3058,15.3058,15.3058,15.3052,15.3052,15.3055,15.3059,15.3049,15.304,15.304,15.3044,15.3042,15.3042,15.3042,15.3046,15.3043,15.306,15.3059,15.3053,15.3055,15.3066,15.3063,15.3047,
Fri Apr 17 2020 04:37:56 GMT-0400 (Eastern Daylight Time)
15.3053,15.3053,15.3049,15.3044,15.3027,15.3027,15.3031,15.3036,15.3036,15.3033,15.3029,15.3033,15.3029,15.3029,15.3034,15.3034,15.3036,15.3026,15.3029,15.3032,15.3036,15.3042,15.3053,15.3056,15.3056,15.3055,15.3058,15.3059,15.3063,15.3074,15.3074,15.3079,15.3079,15.3075,15.3075,15.3065,15.3057,15.3055,15.3059,15.3059,15.3056,15.306,15.306,15.3047,15.305,15.3047,15.3047,15.3039,15.3042,15.3066,15.3066,15.3066,15.307,15.307,15.3044,15.3046,15.3033,15.3039,15.3042,15.3045,
Fri Apr 17 2020 04:38:55 GMT-0400 (Eastern Daylight Time)
15.3034,15.3046,15.3035,15.3028,15.3019,15.3019,15.3019,15.3017,15.3015,15.3015,15.3015,15.3018,15.3009,15.3012,15.3012,15.3043,15.3046,15.3049,15.3045,15.3057,15.3057,15.3071,15.3071,15.3071,15.3074,15.3076,15.3076,15.3072,15.3072,15.3072,15.3068,15.3071,15.3071,15.3076,15.3076,15.3076,15.3067,15.3067,15.3062,15.3065,15.3062,15.3069,15.3069,15.3065,15.3057,15.3057,15.306,15.306,15.3063,15.3063,15.3063,15.3052,15.3051,15.3051,15.3047,15.3047,15.3047,15.3044,15.3046,15.3054,
Fri Apr 17 2020 04:39:56 GMT-0400 (Eastern Daylight Time)
15.3051,15.305,15.305,15.3048,15.3046,15.3046,15.3046,15.3055,15.305,15.3042,15.3047,15.3047,15.3058,15.3058,15.3047,15.3047,15.3047,15.3044,15.3044,15.3042,15.3037,15.3037,15.3036,15.3038,15.3035,15.3035,15.3038,15.3038,15.3041,15.3046,15.3038,15.3034,15.3031,15.3018,15.3021,15.3012,15.3018,15.3021,15.3027,15.3025,15.3029,15.3032,15.3039,15.3035,15.3032,15.3026,15.3026,15.3041,15.3041,15.3049,15.3049,15.3056,15.306,15.306,15.3057,15.3052,15.3052,15.305,15.3062,15.3062,
Fri Apr 17 2020 04:40:56 GMT-0400 (Eastern Daylight Time)
15.3055,15.3055,15.3055,15.3061,15.3061,15.3061,15.306,15.3072,15.3075,15.308,15.308,15.3079,15.3079,15.3079,15.3082,15.3101,15.3099,15.3099,15.3108,15.3111,15.3107,15.311,15.311,15.3129,15.3118,15.3118,15.3112,15.3112,15.3118,15.3121,15.3128,15.3125,15.3127,15.3122,15.3119,15.3125,15.3125,15.313,15.313,15.314,15.3136,15.3136,15.3136,15.3136,15.3143,15.3147,15.3147,15.3149,15.3143,15.3143,15.3143,15.315,15.3143,15.3143,15.3149,15.3151,15.3151,15.3149,15.3149,15.3149,
Fri Apr 17 2020 04:41:56 GMT-0400 (Eastern Daylight Time)
15.3144,15.313,15.3148,15.3144,15.3144,15.3146,15.3143,15.314,15.314,15.3144,15.3139,15.3139,15.3133,15.3133,15.3135,15.3117,15.3115,15.3122,15.3122,15.3126,15.3126,15.3126,15.3132,15.3139,15.3137,15.3139,15.3139,15.3143,15.3146,15.3146,15.3168,15.3164,15.317,15.3173,15.3178,15.3171,15.3164,15.3168,15.3168,15.3173,15.3169,15.3144,15.3144,15.3138,15.3138,15.3135,15.3135,15.3144,15.3138,15.3134,15.3134,15.3137,15.3139,15.3142,15.3148,15.3152,15.3148,15.3148,15.3148,15.3145,
Fri Apr 17 2020 04:42:56 GMT-0400 (Eastern Daylight Time)
15.3145,15.3143,15.3139,15.3151,15.3158,15.3158,15.3161,15.3161,15.3155,15.3152,15.3149,15.3149,15.3149,15.3151,15.3154,15.3151,15.3154,15.3151,15.3147,15.3143,15.3143,15.3143,15.3162,15.3139,15.3132,15.3142,15.3139,15.3132,15.3135,15.3135,15.3121,15.3125,15.3113,15.3113,15.3108,15.3083,15.3096,15.3099,15.3103,15.3108,15.3105,15.3111,15.3115,15.3115,15.3124,15.3112,15.3112,15.311,15.3105,15.3091,15.308,15.308,15.3079,15.3079,15.3079,15.3079,15.3075,15.3072,15.3067,15.3067,
Fri Apr 17 2020 04:43:55 GMT-0400 (Eastern Daylight Time)
15.3072,15.3074,15.3074,15.3079,15.3081,15.3064,15.3059,15.3065,15.3065,15.3067,15.3087,15.3083,15.3087,15.308,15.308,15.3077,15.3079,15.3079,15.3079,15.3076,15.3079,15.3079,15.3083,15.3075,15.3075,15.3077,15.3072,15.3072,15.3081,15.3086,15.3085,15.3108,15.3104,15.3104,15.3096,15.3088,15.3088,15.3082,15.3091,15.3094,15.3088,15.3093,15.3093,15.3083,15.308,15.308,15.3073,15.3067,15.3071,15.3075,15.3077,15.3081,15.3085,15.3079,15.3082,15.3072,15.3072,15.3063,15.3062,15.3061,
Fri Apr 17 2020 04:44:56 GMT-0400 (Eastern Daylight Time)
15.3064,15.3067,15.3067,15.308,15.3077,15.308,15.3086,15.3084,15.3078,15.3082,15.3073,15.3075,15.3077,15.3071,15.3071,15.3079,15.3079,15.3079,15.3079,15.3077,15.3071,15.3065,15.3061,15.3081,15.3071,15.3068,15.3063,15.3065,15.3065,15.3065,15.3066,15.3068,15.3064,15.3064,15.3069,15.3074,15.3071,15.3069,15.3069,15.3058,15.3038,15.3051,15.3055,15.3055,15.3058,15.3053,15.3053,15.3053,15.3056,15.3058,15.3049,15.3041,15.3033,15.3033,15.3036,15.3033,15.3033,15.3029,15.3033,15.3027,
Fri Apr 17 2020 04:45:56 GMT-0400 (Eastern Daylight Time)
15.303,15.303,15.303,15.3028,15.3028,15.3032,15.3032,15.3032,15.3054,15.3054,15.3043,15.305,15.3047,15.305,15.305,15.3074,15.3071,15.3068,15.3068,15.3068,15.3063,15.305,15.3053,15.3058,15.3056,15.3052,15.3052,15.3048,15.3051,15.3054,15.3027,15.3025,15.3028,15.3028,15.3031,15.3031,15.3028,15.3028,15.3024,15.3026,15.3019,15.3022,15.3027,15.3027,15.3024,15.3024,15.3014,15.3014,15.3014,15.3016,15.3012,15.3006,15.3034,15.3034,15.3046,15.3046,15.3046,15.3053,15.3046,15.3046,
Fri Apr 17 2020 04:46:55 GMT-0400 (Eastern Daylight Time)
15.3051,15.3054,15.3058,15.3056,15.3075,15.3072,15.3072,15.3075,15.309,15.3084,15.3096,15.3098,15.3107,15.3111,15.3111,15.3113,15.312,15.3117,15.3117,15.3119,15.3124,15.3121,15.3127,15.3132,15.3127,15.3127,15.3127,15.3117,15.3109,15.3109,15.3106,15.31,15.3099,15.3094,15.3099,15.309,15.3094,15.31,15.31,15.3102,15.3098,15.3098,15.3107,15.3102,15.3092,15.3099,15.3099,15.3099,15.3093,15.3093,15.3089,15.3089,15.3096,15.3112,15.3116,15.3113,15.3123,15.3123,15.3127,15.312,
Fri Apr 17 2020 04:47:56 GMT-0400 (Eastern Daylight Time)
15.312,15.3117,15.3114,15.3114,15.312,15.3123,15.3125,15.3125,15.3134,15.3134,15.313,15.313,15.3127,15.3127,15.3129,15.3123,15.3124,15.3128,15.3123,15.3126,15.312,15.312,15.3124,15.3133,15.3133,15.3131,15.3136,15.3151,15.315,15.3148,15.3152,15.3152,15.3153,15.3144,15.3147,15.315,15.3131,15.3139,15.3136,15.3136,15.3134,15.314,15.3141,15.3138,15.3141,15.3117,15.3119,15.3119,15.3121,15.3125,15.3125,15.3125,15.3127,15.3117,15.3117,15.3117,15.3122,15.312,15.3116,15.3113,
Fri Apr 17 2020 04:48:56 GMT-0400 (Eastern Daylight Time)
15.3111,15.3111,15.3115,15.3117,15.3111,15.3093,15.3089,15.3088,15.3096,15.309,15.3094,15.309,15.3088,15.3091,15.3092,15.3092,15.3098,15.3098,15.3119,15.3116,15.3129,15.3134,15.3138,15.3131,15.3133,15.3127,15.3116,15.3118,15.3124,15.3129,15.3131,15.3134,15.3134,15.314,15.3136,15.3129,15.3123,15.3121,15.3121,15.3129,15.3127,15.313,15.3143,15.314,15.3145,15.3136,15.3133,15.313,15.3129,15.3129,15.3129,15.3129,15.3124,15.3116,15.31,15.3097,15.3099,15.3087,15.3084,15.3095,
Fri Apr 17 2020 04:49:56 GMT-0400 (Eastern Daylight Time)
15.3097,15.3094,15.3094,15.3099,15.3102,15.3107,15.3103,15.3103,15.3103,15.3107,15.3104,15.3104,15.31,15.3097,15.3093,15.3088,15.3088,15.3088,15.3092,15.3094,15.3108,15.31,15.31,15.3086,15.3108,15.3112,15.3106,15.3109,15.3103,15.311,15.3115,15.3124,15.3122,15.3118,15.3118,15.3122,15.3122,15.312,15.312,15.3123,15.3117,15.3117,15.3124,15.3129,15.3129,15.3129,15.3133,15.313,15.3102,15.3104,15.3117,15.3123,15.3119,15.3119,15.3117,15.3126,15.3129,15.312,15.313,15.3132,
Fri Apr 17 2020 04:50:57 GMT-0400 (Eastern Daylight Time)
15.3136,15.3143,15.3142,15.3139,15.3128,15.3125,15.3116,15.311,15.3113,15.3113,15.311,15.3106,15.3099,15.3096,15.3096,15.3093,15.308,15.3077,15.3077,15.3087,15.3081,15.3078,15.3077,15.308,15.3067,15.3064,15.307,15.307,15.307,15.3075,15.3082,15.3092,15.309,15.3097,15.3089,15.3092,15.3092,15.3087,15.3097,15.3097,15.3102,15.3073,15.3077,15.308,15.3077,15.3074,15.3077,15.3072,15.3075,15.3095,15.3099,15.3101,15.3094,15.3101,15.3097,15.3094,15.3094,15.3097,15.3089,15.3089,
Fri Apr 17 2020 04:51:56 GMT-0400 (Eastern Daylight Time)
15.3084,15.3084,15.3084,15.3085,15.3085,15.3081,15.3081,15.3081,15.3086,15.3086,15.3095,15.3097,15.3101,15.3101,15.3103,15.3106,15.3104,15.3099,15.3099,15.3101,15.3102,15.3105,15.31,15.3092,15.3087,15.3084,15.3088,15.3083,15.3083,15.3086,15.3083,15.308,15.308,15.3081,15.3077,15.3089,15.3112,15.3109,15.3126,15.313,15.3124,15.3124,15.3122,15.3117,15.3117,15.311,15.3103,15.3103,15.3108,15.3108,15.3112,15.3106,15.3114,15.3099,15.3099,15.3099,15.3097,15.3092,15.3092,15.3093,
Fri Apr 17 2020 04:52:56 GMT-0400 (Eastern Daylight Time)
15.3092,15.3092,15.3092,15.3092,15.3091,15.3091,15.3091,15.3092,15.3092,15.3091,15.309,15.309,15.309,15.309,15.3092,15.3092,15.3092,15.3092,15.3092,15.3092,15.3087,15.3085,15.3085,15.3085,15.3093,15.3102,15.3102,15.3096,15.3121,15.3124,15.3109,15.3096,15.3096,15.3091,15.3089,15.3092,15.3085,15.3082,15.3087,15.3085,15.3085,15.3088,15.3097,15.3099,15.3097,15.3092,15.3095,15.31,15.3107,15.3103,15.3103,15.3107,15.3116,15.3116,15.3117,15.3117,15.3123,15.3125,15.3125,15.3121,
