Mon Apr 06 2020 03:32:53 GMT-0400 (Eastern Daylight Time)
14.2622,14.2617,14.2645,14.2642,14.265,14.2643,14.2634,14.2632,14.2632,14.2625,14.2625,14.2618,14.2621,14.2621,14.2625,14.2628,14.2628,14.2628,14.2628,14.2624,14.2629,14.2626,14.2626,14.2617,14.2614,14.2614,14.2614,14.262,14.2616,14.2608,14.2608,14.2614,14.2614,14.2614,14.2614,14.2617,14.2617,14.2622,14.2618,14.2618,14.2618,14.2614,14.2618,14.2623,14.263,14.2624,14.2625,14.2621,14.2621,14.2626,14.2626,14.2626,14.2623,14.2625,14.2627,14.2624,14.2624,14.2622,14.2622,14.262,
Mon Apr 06 2020 03:33:53 GMT-0400 (Eastern Daylight Time)
14.262,14.2647,14.2647,14.2646,14.2646,14.2646,14.2655,14.2655,14.2655,14.2662,14.2665,14.2665,14.2662,14.2662,14.2652,14.2652,14.2659,14.2659,14.2659,14.2655,14.2648,14.2652,14.2652,14.2651,14.2656,14.2656,14.2656,14.2651,14.2651,14.266,14.266,14.265,14.265,14.2646,14.2643,14.2623,14.2633,14.2633,14.2633,14.2633,14.2633,14.263,14.263,14.263,14.263,14.263,14.2623,14.262,14.2624,14.2627,14.2627,14.263,14.263,14.263,14.263,14.261,14.261,14.2607,14.2607,14.2598,
Mon Apr 06 2020 03:34:53 GMT-0400 (Eastern Daylight Time)
14.2595,14.2592,14.2592,14.26,14.26,14.2605,14.2607,14.2598,14.2601,14.2601,14.2605,14.2605,14.2605,14.2605,14.2605,14.2596,14.2593,14.2578,14.2578,14.2589,14.2591,14.2591,14.2591,14.258,14.258,14.258,14.2584,14.2586,14.259,14.259,14.259,14.2588,14.2585,14.2583,14.2583,14.2575,14.2575,14.2567,14.2589,14.2598,14.2598,14.2598,14.2608,14.2608,14.2608,14.2608,14.2608,14.2608,14.2602,14.2602,14.2602,14.2616,14.2616,14.2616,14.2613,14.2613,14.2621,14.2627,14.2627,14.263,
Mon Apr 06 2020 03:35:53 GMT-0400 (Eastern Daylight Time)
14.2632,14.2625,14.2631,14.2631,14.2627,14.2627,14.2627,14.263,14.2627,14.2627,14.2631,14.2631,14.2631,14.2631,14.2634,14.2634,14.2634,14.2627,14.263,14.2631,14.2638,14.2624,14.2624,14.2611,14.2611,14.2614,14.2614,14.2611,14.2606,14.2609,14.2607,14.2607,14.2607,14.261,14.261,14.262,14.2631,14.2631,14.2631,14.2634,14.2634,14.2637,14.2637,14.2628,14.2628,14.262,14.2632,14.2623,14.2613,14.2616,14.2616,14.2616,14.2614,14.2614,14.2612,14.2618,14.2618,14.2623,14.2621,14.2626,
Mon Apr 06 2020 03:36:54 GMT-0400 (Eastern Daylight Time)
14.2623,14.2619,14.2612,14.2612,14.2608,14.2608,14.2608,14.2605,14.2605,14.2605,14.2603,14.2608,14.2613,14.2608,14.2613,14.2616,14.2616,14.262,14.262,14.262,14.2615,14.2619,14.2619,14.2619,14.2623,14.2626,14.2629,14.2629,14.2632,14.263,14.263,14.262,14.2615,14.2612,14.2612,14.2609,14.2609,14.2609,14.2606,14.2602,14.2605,14.2602,14.2602,14.2607,14.2607,14.2607,14.2607,14.2594,14.2585,14.2585,14.2585,14.2589,14.2589,14.2589,14.2605,14.2607,14.2611,14.2614,14.2614,14.2621,
Mon Apr 06 2020 03:37:53 GMT-0400 (Eastern Daylight Time)
14.2621,14.2618,14.2626,14.2624,14.2624,14.2624,14.2652,14.2654,14.2654,14.2672,14.2672,14.2683,14.2683,14.2675,14.2672,14.2674,14.2674,14.2674,14.2671,14.2671,14.2671,14.2671,14.2671,14.2667,14.267,14.267,14.2673,14.2667,14.2655,14.2655,14.2653,14.2653,14.2653,14.2646,14.2641,14.2641,14.2639,14.2641,14.2641,14.2639,14.2639,14.2632,14.2632,14.2639,14.2639,14.2637,14.2642,14.2645,14.2649,14.2649,14.2658,14.2655,14.2652,14.2652,14.2657,14.2661,14.2661,14.2666,14.2662,14.2665,
Mon Apr 06 2020 03:38:53 GMT-0400 (Eastern Daylight Time)
14.2665,14.2665,14.2665,14.266,14.266,14.2649,14.2649,14.2652,14.2652,14.2655,14.2655,14.265,14.265,14.2646,14.2646,14.2646,14.2646,14.2642,14.264,14.2632,14.2629,14.2629,14.2629,14.2629,14.2625,14.2625,14.2626,14.2626,14.2631,14.2631,14.2629,14.2629,14.2618,14.2618,14.2618,14.2638,14.2643,14.2639,14.2639,14.2639,14.2636,14.2636,14.2638,14.2638,14.2638,14.2638,14.2633,14.2629,14.2629,14.2626,14.2629,14.2629,14.2633,14.2633,14.2627,14.2627,14.2626,14.2626,14.262,14.262,
Mon Apr 06 2020 03:39:53 GMT-0400 (Eastern Daylight Time)
14.2619,14.2623,14.2642,14.2638,14.2638,14.2638,14.2636,14.2631,14.2634,14.2638,14.2635,14.2631,14.2623,14.2623,14.2623,14.2623,14.2621,14.2621,14.2595,14.2601,14.2601,14.2604,14.2604,14.2596,14.2592,14.259,14.259,14.2594,14.2596,14.2596,14.2596,14.2599,14.26,14.26,14.26,14.26,14.2604,14.2607,14.2604,14.2604,14.2615,14.2609,14.2609,14.2609,14.2606,14.26,14.2606,14.2606,14.2592,14.2587,14.2587,14.2584,14.2587,14.2587,14.259,14.259,14.258,14.2578,14.2575,14.257,
Mon Apr 06 2020 03:40:53 GMT-0400 (Eastern Daylight Time)
14.2573,14.2575,14.2571,14.2571,14.2569,14.2569,14.2577,14.2572,14.2568,14.2568,14.2568,14.2568,14.2574,14.2568,14.2566,14.2561,14.2556,14.2556,14.2559,14.2554,14.2552,14.2552,14.2557,14.2557,14.256,14.256,14.256,14.256,14.256,14.256,14.256,14.256,14.2549,14.2549,14.2549,14.2544,14.2541,14.2543,14.254,14.254,14.2539,14.2539,14.2543,14.2543,14.2545,14.2545,14.2548,14.2548,14.2545,14.2545,14.2548,14.2551,14.2551,14.2551,14.2548,14.2548,14.2557,14.2566,14.2566,14.2561,
Mon Apr 06 2020 03:41:54 GMT-0400 (Eastern Daylight Time)
14.2556,14.2553,14.2541,14.2517,14.2517,14.2517,14.2514,14.2514,14.2487,14.2487,14.2487,14.2495,14.2495,14.2491,14.2491,14.2488,14.2499,14.2496,14.2496,14.249,14.2495,14.2488,14.2485,14.2487,14.2487,14.2491,14.2491,14.2491,14.2491,14.2491,14.2491,14.2491,14.2485,14.249,14.249,14.2495,14.2493,14.2514,14.2514,14.2514,14.2515,14.2512,14.2509,14.2511,14.2514,14.2512,14.2505,14.2498,14.2498,14.2498,14.249,14.2484,14.2487,14.2487,14.2485,14.2489,14.2492,14.2492,14.2492,14.2497,
Mon Apr 06 2020 03:42:54 GMT-0400 (Eastern Daylight Time)
14.2497,14.2492,14.2498,14.2504,14.2508,14.2508,14.2508,14.2511,14.2506,14.2506,14.2506,14.2506,14.251,14.251,14.2507,14.2504,14.25,14.25,14.2502,14.2502,14.25,14.25,14.2497,14.2497,14.2494,14.2494,14.2486,14.2486,14.2486,14.2486,14.2489,14.2489,14.2492,14.2492,14.2483,14.2486,14.2493,14.2493,14.2495,14.2497,14.2494,14.2491,14.2487,14.2484,14.2479,14.2479,14.2479,14.2479,14.2479,14.2479,14.2479,14.2479,14.2477,14.2477,14.248,14.248,14.248,14.248,14.2486,14.2483,
Mon Apr 06 2020 03:43:54 GMT-0400 (Eastern Daylight Time)
14.2483,14.2481,14.2497,14.2497,14.2501,14.2501,14.2501,14.2501,14.2502,14.2502,14.2505,14.2499,14.2505,14.2502,14.2502,14.2497,14.2497,14.2494,14.2494,14.2489,14.2495,14.2476,14.2476,14.2476,14.2473,14.247,14.247,14.2479,14.2475,14.2468,14.2465,14.2465,14.2468,14.2455,14.2455,14.2449,14.2469,14.2469,14.2474,14.2472,14.2475,14.2478,14.2478,14.2485,14.2479,14.2479,14.2475,14.2475,14.2479,14.2476,14.2449,14.2447,14.2444,14.2449,14.2449,14.2455,14.2448,14.2438,14.2438,14.2443,
Mon Apr 06 2020 03:44:54 GMT-0400 (Eastern Daylight Time)
14.2443,14.2438,14.2454,14.2454,14.2457,14.2453,14.2453,14.2453,14.2443,14.244,14.244,14.244,14.2424,14.2424,14.2424,14.2418,14.2415,14.2406,14.2406,14.2406,14.2409,14.2405,14.2405,14.2405,14.2405,14.2396,14.2401,14.2401,14.2401,14.2409,14.2409,14.2409,14.2409,14.2406,14.2406,14.2411,14.2416,14.2426,14.2396,14.2402,14.2402,14.2402,14.2402,14.2398,14.2418,14.2418,14.2418,14.2413,14.2426,14.2426,14.2426,14.2433,14.2427,14.2427,14.2427,14.2427,14.2427,14.2427,14.2427,14.2427,
Mon Apr 06 2020 03:45:53 GMT-0400 (Eastern Daylight Time)
14.2431,14.2431,14.2431,14.2431,14.2431,14.2431,14.2431,14.2431,14.2425,14.2414,14.2411,14.2408,14.2416,14.2416,14.2425,14.2425,14.2421,14.2425,14.2425,14.2425,14.2425,14.2415,14.2419,14.2422,14.2426,14.2429,14.2441,14.2441,14.2441,14.2433,14.2433,14.2431,14.2441,14.2441,14.2434,14.2437,14.2432,14.2429,14.2429,14.2427,14.2412,14.2412,14.2412,14.2412,14.2402,14.2402,14.2405,14.2405,14.2405,14.2405,14.2408,14.24,14.24,14.2395,14.2395,14.2397,14.2397,14.2397,14.2397,14.2394,
Mon Apr 06 2020 03:46:54 GMT-0400 (Eastern Daylight Time)
14.2394,14.2394,14.2394,14.2394,14.2395,14.2395,14.2396,14.2396,14.2397,14.2397,14.2396,14.2396,14.2396,14.2396,14.2396,14.2396,14.2396,14.2393,14.2393,14.239,14.239,14.2388,14.2388,14.2388,14.2388,14.2388,14.2388,14.2411,14.2429,14.2447,14.2447,14.2447,14.2447,14.2443,14.2443,14.2443,14.2446,14.2446,14.2457,14.2457,14.2457,14.2457,14.2457,14.2453,14.246,14.2457,14.2455,14.2449,14.2449,14.2452,14.2452,14.2456,14.2454,14.2454,14.2454,14.2454,14.2446,14.245,14.245,14.2448,
Mon Apr 06 2020 03:47:54 GMT-0400 (Eastern Daylight Time)
14.2448,14.2448,14.2444,14.2444,14.2444,14.2456,14.2456,14.2456,14.2456,14.2452,14.2454,14.2458,14.2445,14.2449,14.2449,14.2448,14.2443,14.2443,14.2437,14.2437,14.2441,14.2441,14.2441,14.2441,14.245,14.2459,14.2459,14.2459,14.2463,14.2466,14.2468,14.2468,14.2479,14.2474,14.2478,14.2481,14.2496,14.2504,14.2504,14.2504,14.2504,14.2482,14.2482,14.2484,14.2492,14.2492,14.2489,14.2489,14.2481,14.2478,14.2474,14.2477,14.2477,14.2482,14.2482,14.2482,14.2482,14.2476,14.2483,14.2488,
Mon Apr 06 2020 03:48:53 GMT-0400 (Eastern Daylight Time)
14.2495,14.2498,14.2498,14.2494,14.2494,14.2504,14.2498,14.2493,14.2493,14.2495,14.2495,14.2495,14.2492,14.2489,14.2489,14.2489,14.2493,14.25,14.2503,14.2507,14.2511,14.2508,14.2508,14.2508,14.2508,14.2514,14.2511,14.2502,14.2505,14.2505,14.2497,14.2489,14.2495,14.2492,14.2492,14.2495,14.2486,14.2482,14.2482,14.2473,14.2469,14.2456,14.2456,14.2453,14.2448,14.2437,14.2432,14.2439,14.2444,14.2453,14.245,14.245,14.2446,14.2452,14.2446,14.244,14.244,14.2445,14.2445,14.2445,
Mon Apr 06 2020 03:49:53 GMT-0400 (Eastern Daylight Time)
14.2445,14.246,14.2457,14.2457,14.246,14.2465,14.2475,14.2475,14.2467,14.246,14.2455,14.2453,14.2453,14.244,14.2437,14.2437,14.2441,14.2449,14.2449,14.2449,14.2452,14.244,14.244,14.245,14.2449,14.2447,14.2447,14.2444,14.2447,14.245,14.245,14.245,14.245,14.2451,14.2454,14.246,14.2463,14.2463,14.2455,14.2467,14.2463,14.2463,14.2455,14.2455,14.2452,14.2452,14.2448,14.2448,14.2448,14.2442,14.2438,14.2449,14.2443,14.2447,14.2447,14.2445,14.2445,14.2439,14.2445,14.2445,
Mon Apr 06 2020 03:50:53 GMT-0400 (Eastern Daylight Time)
14.2445,14.2443,14.244,14.244,14.2437,14.2438,14.2438,14.2438,14.2441,14.2441,14.2443,14.2433,14.2433,14.2437,14.2443,14.2448,14.2448,14.2449,14.2449,14.2449,14.2449,14.2448,14.2445,14.2442,14.2442,14.2439,14.2465,14.2458,14.2455,14.2458,14.2458,14.2458,14.2452,14.2454,14.2447,14.2447,14.2447,14.2446,14.2446,14.2443,14.2443,14.2443,14.2445,14.2447,14.245,14.2458,14.2458,14.2468,14.2468,14.2461,14.2461,14.2463,14.2446,14.2443,14.2437,14.2437,14.2437,14.2435,14.2437,14.2433,
Mon Apr 06 2020 03:51:53 GMT-0400 (Eastern Daylight Time)
14.2433,14.244,14.244,14.2442,14.2427,14.243,14.243,14.2435,14.244,14.244,14.244,14.244,14.2437,14.2431,14.2435,14.2435,14.2435,14.2432,14.2429,14.2409,14.2426,14.2426,14.2423,14.2426,14.2426,14.2409,14.2412,14.2412,14.2416,14.2419,14.2419,14.2415,14.2412,14.2409,14.2411,14.2415,14.2415,14.2415,14.2418,14.2418,14.2418,14.2407,14.2407,14.241,14.2407,14.2403,14.2408,14.2402,14.2402,14.2395,14.24,14.2397,14.2397,14.2393,14.2393,14.2395,14.2395,14.2395,14.2399,14.2394,
Mon Apr 06 2020 03:52:53 GMT-0400 (Eastern Daylight Time)
14.2396,14.2401,14.2395,14.2392,14.2392,14.2384,14.2382,14.2394,14.2397,14.2394,14.2391,14.2391,14.2388,14.2387,14.2387,14.2387,14.2383,14.2412,14.2415,14.2411,14.2408,14.2405,14.2407,14.2403,14.2403,14.2411,14.2411,14.2409,14.2405,14.2383,14.2383,14.2383,14.2386,14.2385,14.2388,14.2384,14.2384,14.2382,14.2382,14.2375,14.2378,14.2374,14.2371,14.2376,14.2379,14.2383,14.239,14.2384,14.2384,14.2386,14.2381,14.2378,14.2378,14.2366,14.2366,14.2369,14.2369,14.2372,14.2396,14.2394,
Mon Apr 06 2020 03:53:53 GMT-0400 (Eastern Daylight Time)
14.2397,14.241,14.241,14.2402,14.2412,14.2424,14.2415,14.2412,14.2405,14.2405,14.242,14.242,14.242,14.2424,14.2412,14.2402,14.2406,14.2401,14.2404,14.2398,14.24,14.24,14.2408,14.2408,14.2414,14.2417,14.2417,14.2422,14.2422,14.2435,14.2439,14.2439,14.2436,14.244,14.2437,14.2434,14.2443,14.2457,14.2457,14.2457,14.247,14.247,14.2463,14.2463,14.2454,14.2465,14.2465,14.2462,14.246,14.2467,14.2474,14.2466,14.2466,14.2464,14.2464,14.2464,14.2485,14.2489,14.2487,14.2482,
Mon Apr 06 2020 03:54:54 GMT-0400 (Eastern Daylight Time)
14.2477,14.2487,14.2487,14.2485,14.249,14.25,14.25,14.2504,14.2508,14.251,14.2512,14.2514,14.2516,14.2513,14.2517,14.2513,14.2518,14.2525,14.253,14.2537,14.2543,14.2539,14.2543,14.2539,14.2535,14.2524,14.252,14.2517,14.253,14.2527,14.2527,14.2527,14.2525,14.2515,14.2509,14.2509,14.2512,14.2507,14.2507,14.2507,14.2512,14.2515,14.2515,14.2512,14.2509,14.2477,14.2475,14.2479,14.2469,14.2469,14.2465,14.2465,14.2463,14.2465,14.2465,14.247,14.246,14.2458,14.2463,14.2463,
Mon Apr 06 2020 03:55:53 GMT-0400 (Eastern Daylight Time)
14.2461,14.2469,14.2469,14.2466,14.2466,14.2469,14.2472,14.2477,14.2489,14.2488,14.2488,14.2463,14.2465,14.2469,14.2466,14.2479,14.2481,14.2481,14.247,14.247,14.2465,14.2462,14.2465,14.2465,14.2462,14.2461,14.2466,14.2466,14.2469,14.2469,14.2469,14.2469,14.2467,14.2473,14.2482,14.2482,14.247,14.247,14.247,14.2473,14.2471,14.2466,14.2475,14.2471,14.2475,14.2475,14.2463,14.2466,14.2466,14.2469,14.2467,14.2467,14.2483,14.2481,14.2479,14.2479,14.2479,14.2484,14.2484,14.2481,
Mon Apr 06 2020 03:56:53 GMT-0400 (Eastern Daylight Time)
14.2485,14.2488,14.2488,14.2489,14.2492,14.2484,14.2484,14.2484,14.247,14.2465,14.2472,14.2465,14.2465,14.2461,14.2461,14.247,14.2467,14.2473,14.2476,14.2485,14.2492,14.2499,14.2496,14.2497,14.2503,14.2515,14.252,14.252,14.2525,14.252,14.2525,14.2514,14.2516,14.2519,14.2516,14.2516,14.2516,14.2514,14.2518,14.2518,14.2518,14.2515,14.2518,14.2525,14.2521,14.2521,14.2516,14.2513,14.2513,14.2516,14.2504,14.2504,14.2506,14.251,14.251,14.2496,14.2497,14.2497,14.2487,14.2483,
Mon Apr 06 2020 03:57:53 GMT-0400 (Eastern Daylight Time)
14.2483,14.2483,14.248,14.2483,14.248,14.2483,14.2483,14.2479,14.2473,14.2467,14.2459,14.2461,14.2461,14.2472,14.2466,14.2466,14.2463,14.246,14.2464,14.2462,14.2464,14.245,14.2454,14.2446,14.2456,14.2448,14.2439,14.2443,14.2443,14.2435,14.2449,14.2449,14.2449,14.2449,14.2449,14.2449,14.2441,14.2437,14.2434,14.2436,14.2436,14.2441,14.2441,14.2444,14.2444,14.2441,14.2448,14.2452,14.247,14.247,14.247,14.2463,14.2463,14.2463,14.2463,14.2463,14.2473,14.2473,14.2466,14.2466,
Mon Apr 06 2020 03:58:53 GMT-0400 (Eastern Daylight Time)
14.2469,14.2465,14.2465,14.2457,14.2457,14.2451,14.2451,14.2451,14.2456,14.2456,14.2456,14.2456,14.245,14.2453,14.2453,14.2461,14.2443,14.2443,14.2443,14.2443,14.2439,14.2439,14.2436,14.2434,14.2434,14.2428,14.2428,14.2428,14.2428,14.2428,14.2431,14.2431,14.2434,14.2429,14.2429,14.2431,14.2429,14.2429,14.2435,14.2438,14.2435,14.2435,14.2425,14.2414,14.2414,14.2418,14.2424,14.2422,14.2422,14.2422,14.2418,14.2414,14.2414,14.242,14.2417,14.2413,14.2416,14.2411,14.2411,14.2407,
Mon Apr 06 2020 03:59:53 GMT-0400 (Eastern Daylight Time)
14.2407,14.2404,14.2401,14.2401,14.2401,14.2405,14.2405,14.2409,14.2409,14.2401,14.2401,14.2401,14.2398,14.2391,14.2387,14.2379,14.2382,14.2385,14.2387,14.239,14.2381,14.2378,14.2381,14.2392,14.2392,14.2392,14.2392,14.2395,14.2421,14.2423,14.2423,14.2423,14.2419,14.2424,14.2433,14.2421,14.2418,14.2418,14.2411,14.2401,14.2409,14.2403,14.2403,14.2398,14.2414,14.241,14.2408,14.241,14.2407,14.2406,14.241,14.2423,14.243,14.243,14.2433,14.2421,14.2421,14.2424,14.2427,14.2427,
Mon Apr 06 2020 04:00:53 GMT-0400 (Eastern Daylight Time)
14.2415,14.2415,14.2423,14.2411,14.2408,14.2412,14.2412,14.2407,14.2407,14.242,14.242,14.242,14.2417,14.2415,14.2413,14.2413,14.2413,14.2422,14.2425,14.2435,14.2435,14.2433,14.2434,14.2438,14.244,14.2443,14.2453,14.2453,14.2451,14.2451,14.2463,14.2463,14.246,14.2465,14.2465,14.2465,14.2471,14.2471,14.247,14.2473,14.2473,14.2477,14.2477,14.2473,14.2473,14.247,14.2464,14.2459,14.2456,14.2456,14.2456,14.2453,14.2453,14.245,14.2454,14.2454,14.245,14.246,14.246,14.246,
Mon Apr 06 2020 04:01:53 GMT-0400 (Eastern Daylight Time)
14.2456,14.2456,14.2458,14.2466,14.2466,14.2456,14.2453,14.2453,14.2453,14.2464,14.2461,14.2458,14.2458,14.2463,14.2466,14.2466,14.2462,14.2467,14.2463,14.2463,14.2466,14.2466,14.2458,14.2458,14.2467,14.2467,14.2471,14.2471,14.2473,14.2473,14.2473,14.2476,14.2479,14.2477,14.2474,14.2474,14.2474,14.2476,14.2479,14.2475,14.2473,14.2476,14.2471,14.2471,14.2471,14.2468,14.2475,14.2475,14.2478,14.2481,14.2485,14.2487,14.2489,14.2486,14.2486,14.2501,14.2497,14.2491,14.248,14.2484,
Mon Apr 06 2020 04:02:53 GMT-0400 (Eastern Daylight Time)
14.2482,14.2482,14.2487,14.2493,14.2486,14.2486,14.2484,14.2486,14.2499,14.2504,14.2504,14.2492,14.2492,14.2488,14.2489,14.2495,14.249,14.249,14.2484,14.2478,14.2492,14.2494,14.2481,14.2486,14.2489,14.249,14.2493,14.2493,14.25,14.2491,14.2497,14.2492,14.2502,14.2497,14.2492,14.2489,14.2492,14.2488,14.25,14.2503,14.2513,14.2505,14.2507,14.2511,14.2497,14.2492,14.2488,14.2472,14.2462,14.2465,14.2461,14.2461,14.2461,14.2463,14.2459,14.2451,14.2456,14.2456,14.2452,14.2457,
Mon Apr 06 2020 04:03:53 GMT-0400 (Eastern Daylight Time)
14.2459,14.2441,14.2433,14.243,14.2425,14.2431,14.2427,14.2431,14.2427,14.2427,14.2408,14.2406,14.2388,14.2385,14.2377,14.2391,14.2386,14.2377,14.2377,14.2377,14.2372,14.237,14.237,14.237,14.2374,14.2371,14.2367,14.2367,14.2368,14.2372,14.2378,14.2374,14.2374,14.2372,14.2375,14.2361,14.2364,14.2366,14.2357,14.2357,14.2357,14.2357,14.2357,14.2355,14.2352,14.2352,14.2354,14.2357,14.2362,14.2365,14.2362,14.2359,14.2363,14.2363,14.2353,14.2353,14.2359,14.2359,14.2358,14.2358,
Mon Apr 06 2020 04:04:53 GMT-0400 (Eastern Daylight Time)
14.2349,14.2366,14.2357,14.2357,14.2351,14.2355,14.2344,14.2349,14.2357,14.2367,14.238,14.2383,14.2386,14.2386,14.239,14.2394,14.2408,14.241,14.2407,14.2407,14.2411,14.2417,14.2422,14.2424,14.2418,14.2421,14.2416,14.2418,14.2418,14.2414,14.2434,14.2441,14.2441,14.2441,14.2455,14.2449,14.2439,14.2448,14.2446,14.2446,14.2443,14.2453,14.246,14.2441,14.2451,14.2451,14.2447,14.2446,14.2441,14.2444,14.2449,14.2449,14.2447,14.2442,14.2439,14.2452,14.2452,14.2446,14.2438,14.2451,
Mon Apr 06 2020 04:05:54 GMT-0400 (Eastern Daylight Time)
14.2448,14.2451,14.2448,14.2442,14.245,14.245,14.2447,14.2449,14.2446,14.2442,14.2445,14.2442,14.2457,14.2461,14.2464,14.2464,14.2464,14.2459,14.2453,14.2453,14.2449,14.2445,14.2443,14.2443,14.2443,14.244,14.244,14.244,14.2427,14.2422,14.2429,14.2432,14.2432,14.2441,14.2437,14.2439,14.2441,14.2438,14.2446,14.2451,14.2451,14.2451,14.2451,14.2455,14.2455,14.2452,14.2449,14.2453,14.2455,14.2457,14.2455,14.2455,14.2459,14.2464,14.2466,14.2475,14.2482,14.2484,14.248,14.2484,
Mon Apr 06 2020 04:06:53 GMT-0400 (Eastern Daylight Time)
14.2491,14.2515,14.2512,14.2507,14.2507,14.2507,14.2507,14.2507,14.2507,14.2504,14.2509,14.2517,14.252,14.252,14.2518,14.2518,14.2521,14.2526,14.2523,14.2517,14.2517,14.2517,14.2534,14.2524,14.2524,14.2524,14.2524,14.2524,14.2521,14.2521,14.2516,14.2516,14.2516,14.2518,14.2523,14.2526,14.2526,14.2526,14.2534,14.2541,14.2541,14.255,14.2567,14.2563,14.2547,14.2536,14.2536,14.2533,14.2533,14.2533,14.253,14.253,14.2527,14.2524,14.252,14.252,14.252,14.252,14.2518,14.2515,
Mon Apr 06 2020 04:07:53 GMT-0400 (Eastern Daylight Time)
14.2511,14.2511,14.2515,14.2506,14.2503,14.2503,14.2508,14.2507,14.2507,14.2507,14.2504,14.25,14.2505,14.25,14.25,14.2502,14.2499,14.2499,14.2505,14.2503,14.2495,14.2497,14.2495,14.2504,14.2504,14.2504,14.2501,14.2505,14.2505,14.2505,14.2507,14.2507,14.2507,14.2496,14.2496,14.2498,14.2501,14.2507,14.2499,14.2502,14.25,14.2505,14.2516,14.2523,14.2518,14.2505,14.2514,14.2511,14.2516,14.2516,14.2528,14.2528,14.2523,14.2522,14.2514,14.2516,14.252,14.2516,14.2503,14.2532,
Mon Apr 06 2020 04:08:53 GMT-0400 (Eastern Daylight Time)
14.2529,14.2529,14.2531,14.2533,14.2527,14.2531,14.2524,14.2527,14.2527,14.2524,14.2527,14.253,14.253,14.2527,14.2527,14.2527,14.2517,14.2517,14.2517,14.2514,14.2514,14.2518,14.2507,14.2504,14.2497,14.2501,14.2493,14.2493,14.2493,14.2513,14.2515,14.2515,14.2519,14.2537,14.2537,14.2537,14.254,14.2545,14.2542,14.2539,14.2531,14.2531,14.2531,14.2531,14.2531,14.252,14.252,14.2525,14.2515,14.2515,14.251,14.2509,14.2506,14.2506,14.2502,14.2502,14.2496,14.2498,14.2495,14.25,
Mon Apr 06 2020 04:09:53 GMT-0400 (Eastern Daylight Time)
14.2477,14.2474,14.247,14.2467,14.2467,14.2467,14.2463,14.2467,14.2467,14.2472,14.2478,14.2478,14.248,14.248,14.2485,14.2485,14.2485,14.249,14.2494,14.2497,14.2494,14.2494,14.2487,14.2487,14.2487,14.2487,14.249,14.2495,14.2498,14.2488,14.2486,14.2494,14.2483,14.248,14.2486,14.2493,14.2502,14.2502,14.2505,14.2505,14.2502,14.2502,14.2499,14.2496,14.2497,14.2497,14.2493,14.249,14.249,14.2487,14.2492,14.2496,14.2493,14.2493,14.2493,14.2505,14.2505,14.2512,14.2512,14.2503,
Mon Apr 06 2020 04:10:54 GMT-0400 (Eastern Daylight Time)
14.2488,14.2488,14.2483,14.2479,14.2479,14.2475,14.2475,14.2471,14.2474,14.2498,14.2501,14.2501,14.2506,14.2503,14.2505,14.2505,14.2509,14.2509,14.2506,14.2509,14.2509,14.2509,14.2509,14.2512,14.2512,14.2512,14.2505,14.2502,14.2502,14.2517,14.2523,14.2531,14.2535,14.2538,14.2551,14.2555,14.2555,14.2555,14.2549,14.2549,14.2549,14.2541,14.2541,14.2541,14.2541,14.2551,14.2551,14.256,14.256,14.256,14.256,14.256,14.2558,14.2558,14.2555,14.2553,14.2553,14.2553,14.2557,14.2557,
Mon Apr 06 2020 04:11:53 GMT-0400 (Eastern Daylight Time)
14.2566,14.2566,14.257,14.2572,14.2572,14.2572,14.2572,14.2569,14.2567,14.2572,14.2575,14.2567,14.2571,14.257,14.257,14.2576,14.258,14.258,14.2586,14.2595,14.2589,14.2589,14.2603,14.2603,14.2603,14.2595,14.2595,14.2592,14.2592,14.2592,14.2592,14.2588,14.2588,14.2582,14.2582,14.258,14.2577,14.2581,14.2581,14.2581,14.2581,14.2581,14.2585,14.2582,14.2591,14.2585,14.2588,14.2588,14.259,14.259,14.2607,14.2613,14.2612,14.2614,14.2614,14.2614,14.2614,14.2614,14.2614,14.2614,
Mon Apr 06 2020 04:12:53 GMT-0400 (Eastern Daylight Time)
14.2614,14.2614,14.2611,14.2604,14.2601,14.2607,14.2602,14.2602,14.2599,14.2599,14.2596,14.2597,14.2597,14.2597,14.2597,14.2591,14.2591,14.2591,14.2591,14.2591,14.2591,14.2591,14.2591,14.2591,14.2591,14.2591,14.2591,14.2591,14.2591,14.2591,14.2591,14.2593,14.2593,14.2609,14.2612,14.2626,14.2626,14.2629,14.2633,14.2627,14.2624,14.2621,14.2624,14.2624,14.2624,14.2624,14.2636,14.263,14.2623,14.2621,14.2621,14.2623,14.262,14.262,14.262,14.2616,14.2614,14.2619,14.2619,14.2614,
Mon Apr 06 2020 04:13:53 GMT-0400 (Eastern Daylight Time)
14.2614,14.2611,14.2609,14.2609,14.2613,14.2616,14.2623,14.2623,14.2625,14.2625,14.262,14.262,14.2617,14.2621,14.2624,14.2627,14.2633,14.2636,14.2636,14.2637,14.264,14.264,14.2637,14.2637,14.2637,14.2637,14.2637,14.2631,14.2631,14.2629,14.2629,14.2627,14.2627,14.2627,14.2624,14.2634,14.2643,14.2646,14.2646,14.2656,14.2662,14.2668,14.2666,14.2669,14.2669,14.2679,14.2679,14.2681,14.2699,14.2699,14.2699,14.2684,14.2675,14.2675,14.2675,14.2671,14.2668,14.2668,14.2668,14.2672,
Mon Apr 06 2020 04:14:53 GMT-0400 (Eastern Daylight Time)
14.2674,14.2674,14.268,14.2684,14.2682,14.2682,14.2679,14.2678,14.2681,14.2676,14.2669,14.2661,14.2661,14.2666,14.2663,14.2684,14.2684,14.2693,14.2701,14.2696,14.2696,14.2703,14.2709,14.2712,14.2702,14.2702,14.2702,14.27,14.27,14.27,14.2705,14.2698,14.2696,14.2699,14.2697,14.2697,14.2697,14.2691,14.2687,14.269,14.269,14.2687,14.268,14.2677,14.2673,14.2677,14.2663,14.2669,14.2675,14.2677,14.2673,14.268,14.2676,14.2679,14.2676,14.2696,14.2699,14.2699,14.2699,14.2702,
Mon Apr 06 2020 04:15:53 GMT-0400 (Eastern Daylight Time)
14.2697,14.2693,14.269,14.2686,14.2674,14.2684,14.2684,14.268,14.268,14.2675,14.2675,14.2663,14.2671,14.2674,14.2679,14.2686,14.268,14.2678,14.2678,14.2675,14.268,14.268,14.268,14.268,14.268,14.2676,14.2676,14.2676,14.2676,14.2676,14.2663,14.2663,14.2663,14.2677,14.2671,14.2673,14.2669,14.2669,14.2663,14.2663,14.2663,14.2663,14.2663,14.2658,14.2667,14.2667,14.2669,14.2672,14.2672,14.2672,14.2672,14.2659,14.2654,14.2657,14.2657,14.2653,14.2653,14.2653,14.2642,14.2636,
Mon Apr 06 2020 04:16:53 GMT-0400 (Eastern Daylight Time)
14.2636,14.2636,14.2644,14.2648,14.2657,14.2657,14.2662,14.2658,14.2654,14.2638,14.2635,14.2637,14.2635,14.2635,14.2635,14.2632,14.2636,14.2636,14.2639,14.2641,14.2641,14.2641,14.2651,14.2641,14.2638,14.2633,14.2633,14.2635,14.2639,14.2639,14.2643,14.2651,14.2659,14.2652,14.2654,14.2659,14.2659,14.2656,14.2658,14.2658,14.2658,14.2653,14.2648,14.2664,14.2664,14.2664,14.2664,14.2671,14.2671,14.2677,14.2677,14.2677,14.2677,14.2677,14.2677,14.2677,14.2673,14.2673,14.2677,14.2677,
Mon Apr 06 2020 04:17:53 GMT-0400 (Eastern Daylight Time)
14.2677,14.2682,14.2682,14.2681,14.2677,14.2677,14.2681,14.2681,14.2681,14.2679,14.2682,14.2681,14.2681,14.2684,14.2684,14.2679,14.2672,14.2672,14.2672,14.2667,14.2667,14.267,14.267,14.2665,14.2665,14.2665,14.2665,14.2669,14.2674,14.2666,14.2659,14.2663,14.2651,14.2651,14.2637,14.2631,14.2626,14.2626,14.2621,14.2612,14.2607,14.2607,14.2605,14.2612,14.2615,14.2623,14.2623,14.262,14.2615,14.2615,14.2615,14.2615,14.2615,14.2613,14.2613,14.2611,14.2611,14.2608,14.2608,14.2606,
Mon Apr 06 2020 04:18:54 GMT-0400 (Eastern Daylight Time)
14.2606,14.2601,14.2594,14.2599,14.2597,14.2602,14.2602,14.2602,14.2607,14.2607,14.2607,14.2595,14.2595,14.2595,14.259,14.259,14.259,14.2585,14.2587,14.2587,14.2584,14.2584,14.2584,14.2587,14.2589,14.2587,14.2587,14.259,14.259,14.259,14.2593,14.2576,14.2578,14.2578,14.2578,14.2578,14.2565,14.2565,14.2565,14.2559,14.2559,14.2563,14.2566,14.2566,14.2583,14.2583,14.2589,14.2577,14.2577,14.2572,14.2577,14.258,14.2587,14.2587,14.2598,14.2603,14.2599,14.2589,14.2589,14.2579,
Mon Apr 06 2020 04:19:54 GMT-0400 (Eastern Daylight Time)
14.2582,14.2582,14.2582,14.2585,14.2585,14.2585,14.2582,14.2583,14.2583,14.2581,14.259,14.2595,14.2595,14.2595,14.259,14.2593,14.2603,14.2603,14.2612,14.2612,14.2614,14.2614,14.2614,14.2611,14.2611,14.2611,14.2611,14.2608,14.2605,14.261,14.2607,14.2596,14.2596,14.2593,14.2595,14.2596,14.26,14.26,14.26,14.26,14.259,14.259,14.259,14.258,14.258,14.2576,14.2576,14.2585,14.2582,14.2582,14.258,14.2574,14.2578,14.2584,14.2584,14.259,14.259,14.2587,14.2587,14.2589,
Mon Apr 06 2020 04:20:54 GMT-0400 (Eastern Daylight Time)
14.2589,14.26,14.2629,14.265,14.265,14.2654,14.2657,14.2657,14.266,14.266,14.266,14.266,14.266,14.266,14.2655,14.2653,14.2655,14.2659,14.2659,14.2659,14.2655,14.2655,14.2659,14.2667,14.2665,14.2667,14.2678,14.2685,14.2692,14.2692,14.2692,14.2695,14.2699,14.2699,14.2699,14.2702,14.2706,14.2709,14.2714,14.2709,14.2712,14.2701,14.2701,14.2701,14.2697,14.2697,14.2704,14.2707,14.27,14.27,14.2696,14.2696,14.27,14.2706,14.2698,14.2703,14.2709,14.2713,14.271,14.271,
Mon Apr 06 2020 04:21:53 GMT-0400 (Eastern Daylight Time)
14.2714,14.2711,14.2706,14.2703,14.2703,14.2703,14.2709,14.2713,14.2709,14.2709,14.2718,14.2721,14.2724,14.2724,14.2724,14.2726,14.2726,14.2726,14.2721,14.2725,14.2722,14.2722,14.2728,14.2728,14.2728,14.2726,14.2729,14.2725,14.2725,14.2728,14.2731,14.2732,14.2741,14.2738,14.2734,14.2702,14.2705,14.2701,14.2701,14.2701,14.2701,14.2701,14.2701,14.27,14.2697,14.2701,14.2701,14.2701,14.2701,14.2701,14.2701,14.2698,14.2695,14.269,14.2694,14.2693,14.2693,14.2694,14.2694,14.2694,
Mon Apr 06 2020 04:22:54 GMT-0400 (Eastern Daylight Time)
14.2668,14.2668,14.2671,14.2671,14.2671,14.2667,14.2671,14.2671,14.2675,14.2675,14.2679,14.2679,14.2679,14.2673,14.2676,14.2666,14.2664,14.2664,14.2666,14.2668,14.2665,14.266,14.2664,14.2667,14.2663,14.2666,14.2666,14.2683,14.2683,14.2683,14.2675,14.267,14.2672,14.2672,14.267,14.267,14.267,14.2667,14.2667,14.2659,14.2662,14.2662,14.267,14.267,14.2666,14.2679,14.2676,14.268,14.2685,14.2685,14.2693,14.2701,14.2698,14.2724,14.2722,14.2724,14.2724,14.2719,14.2719,14.2719,
Mon Apr 06 2020 04:23:54 GMT-0400 (Eastern Daylight Time)
14.2722,14.2725,14.2725,14.2734,14.2748,14.2748,14.2744,14.2744,14.2744,14.2744,14.2744,14.2747,14.2752,14.2752,14.2755,14.2755,14.2758,14.2762,14.2759,14.2756,14.2756,14.2756,14.2756,14.2757,14.2757,14.2757,14.2762,14.2758,14.2761,14.2761,14.2761,14.2761,14.2761,14.2761,14.2761,14.2761,14.2761,14.2761,14.2761,14.2763,14.2763,14.2766,14.2769,14.2776,14.2776,14.2772,14.2772,14.2772,14.2772,14.2772,14.2778,14.2773,14.2773,14.2768,14.2765,14.2769,14.2769,14.2769,14.2769,14.2769,
Mon Apr 06 2020 04:24:53 GMT-0400 (Eastern Daylight Time)
14.2769,14.2772,14.2772,14.2768,14.2765,14.2765,14.2759,14.2755,14.2755,14.2755,14.2755,14.2758,14.2755,14.2755,14.2755,14.2755,14.2752,14.2757,14.2754,14.2754,14.277,14.277,14.2778,14.2778,14.2788,14.2791,14.2791,14.2793,14.279,14.2787,14.2787,14.2783,14.2781,14.2777,14.2777,14.2771,14.2771,14.2767,14.2767,14.2767,14.2764,14.2764,14.2766,14.2766,14.2769,14.276,14.2763,14.2766,14.2763,14.2757,14.2759,14.2765,14.277,14.2767,14.2767,14.2761,14.2757,14.2763,14.2763,14.2762,
Mon Apr 06 2020 04:25:54 GMT-0400 (Eastern Daylight Time)
14.2765,14.2761,14.2764,14.2766,14.2766,14.2763,14.2763,14.2763,14.2767,14.2767,14.2767,14.2765,14.277,14.2776,14.2773,14.2751,14.2755,14.2755,14.2755,14.2755,14.2755,14.2757,14.2754,14.2749,14.2754,14.2749,14.2742,14.2742,14.2736,14.274,14.274,14.2743,14.274,14.2743,14.2743,14.2739,14.2764,14.2755,14.2759,14.2756,14.2752,14.2755,14.275,14.275,14.2743,14.2748,14.2746,14.2754,14.2751,14.2751,14.2753,14.2773,14.2771,14.2765,14.2769,14.2769,14.276,14.2767,14.2741,14.2741,
Mon Apr 06 2020 04:26:54 GMT-0400 (Eastern Daylight Time)
14.2744,14.2744,14.2744,14.274,14.273,14.2732,14.2704,14.2698,14.2694,14.2669,14.2669,14.2675,14.2675,14.2679,14.2682,14.2682,14.2679,14.2676,14.2679,14.2687,14.2694,14.2689,14.2689,14.2687,14.2684,14.2684,14.2686,14.2686,14.2693,14.2693,14.2693,14.2697,14.2695,14.2697,14.2697,14.2697,14.2699,14.2699,14.2699,14.2699,14.2689,14.268,14.268,14.268,14.2685,14.2688,14.2688,14.2688,14.269,14.2693,14.2693,14.269,14.2685,14.2685,14.2689,14.2693,14.269,14.269,14.269,14.2701,
Mon Apr 06 2020 04:27:53 GMT-0400 (Eastern Daylight Time)
14.2701,14.2701,14.2706,14.2701,14.2696,14.2696,14.2696,14.2696,14.2685,14.2685,14.2685,14.2688,14.2688,14.2691,14.2691,14.2697,14.2698,14.2698,14.2698,14.2698,14.2698,14.2702,14.2702,14.2702,14.2695,14.2695,14.2698,14.2694,14.2686,14.2691,14.2691,14.2691,14.2691,14.2687,14.2687,14.2685,14.2682,14.2688,14.2683,14.2683,14.2688,14.2684,14.2687,14.2687,14.2688,14.2688,14.2683,14.2683,14.2687,14.2687,14.2684,14.2684,14.2684,14.2711,14.2711,14.2706,14.2703,14.2706,14.2706,14.2706,
Mon Apr 06 2020 04:28:53 GMT-0400 (Eastern Daylight Time)
14.2708,14.2708,14.2709,14.2709,14.2712,14.2708,14.2705,14.2705,14.2703,14.2703,14.2703,14.2703,14.269,14.269,14.269,14.2687,14.2687,14.2687,14.2687,14.2687,14.2687,14.2687,14.2691,14.2691,14.2691,14.2688,14.2688,14.2691,14.2691,14.2691,14.2691,14.2691,14.2691,14.2691,14.2691,14.2691,14.2691,14.2691,14.2694,14.2694,14.2692,14.269,14.269,14.2684,14.2682,14.2686,14.2689,14.2692,14.2693,14.2696,14.269,14.269,14.2707,14.2707,14.2707,14.271,14.2721,14.2721,14.2721,14.2728,
Mon Apr 06 2020 04:29:54 GMT-0400 (Eastern Daylight Time)
14.2731,14.2736,14.274,14.2758,14.2762,14.2776,14.2778,14.2778,14.2775,14.2775,14.2775,14.2772,14.2769,14.278,14.2778,14.279,14.2781,14.2781,14.2781,14.2779,14.2779,14.2779,14.2787,14.2791,14.2787,14.2783,14.2783,14.2783,14.2783,14.2781,14.2781,14.2781,14.2781,14.2784,14.2784,14.2784,14.2783,14.2787,14.2792,14.2788,14.279,14.2787,14.279,14.2788,14.2779,14.2779,14.2779,14.2776,14.2778,14.2782,14.2787,14.2787,14.2784,14.2778,14.2775,14.2775,14.2767,14.2767,14.2763,14.2766,
Mon Apr 06 2020 04:30:54 GMT-0400 (Eastern Daylight Time)
14.2777,14.2777,14.2783,14.2794,14.2794,14.2796,14.2796,14.2796,14.2796,14.2796,14.2802,14.2802,14.2802,14.2802,14.2804,14.2804,14.2804,14.2808,14.2808,14.2808,14.2823,14.2823,14.2823,14.2823,14.2823,14.2828,14.2828,14.2828,14.2831,14.284,14.2844,14.2842,14.2835,14.2835,14.2832,14.2832,14.2844,14.2849,14.2849,14.2855,14.2855,14.2853,14.2853,14.2858,14.2855,14.2855,14.2852,14.2852,14.285,14.285,14.285,14.2853,14.2853,14.2848,14.2848,14.2843,14.2848,14.2848,14.2863,14.2866,
Mon Apr 06 2020 04:31:54 GMT-0400 (Eastern Daylight Time)
14.2875,14.2878,14.2881,14.2881,14.2881,14.2886,14.2882,14.2882,14.2865,14.2862,14.2862,14.286,14.2854,14.2854,14.286,14.286,14.2857,14.2857,14.2857,14.2861,14.2864,14.2859,14.2859,14.2859,14.2855,14.286,14.286,14.2868,14.2868,14.2862,14.2855,14.2853,14.2844,14.2847,14.2847,14.2847,14.2847,14.2847,14.2855,14.2869,14.2874,14.2874,14.287,14.287,14.2875,14.2875,14.2875,14.2875,14.2883,14.2883,14.2883,14.2883,14.2888,14.2888,14.2888,14.2888,14.2883,14.2883,14.2883,14.2883,
