Sat Apr 11 2020 07:13:01 GMT-0400 (Eastern Daylight Time)
15.5141,15.5134,15.5134,15.5134,15.5148,15.5148,15.5143,15.5143,15.5149,15.5145,15.5145,15.5147,15.5155,15.515,15.5152,15.515,15.515,15.515,15.515,15.5146,15.5136,15.5133,15.5133,15.513,15.5126,15.515,15.5153,15.515,15.5142,15.5134,15.5136,15.5139,15.5141,15.5135,15.5137,15.5141,15.5136,15.5124,15.512,15.512,15.512,15.5119,15.5116,15.5129,15.5129,15.5125,15.5129,15.5123,15.5121,15.5115,15.5107,15.5107,15.5107,15.5113,15.5113,15.5113,15.5109,15.5116,15.5116,15.5113,
Sat Apr 11 2020 07:14:01 GMT-0400 (Eastern Daylight Time)
15.5118,15.5115,15.5118,15.5113,15.5113,15.5114,15.5114,15.5114,15.5125,15.5131,15.5127,15.5117,15.5117,15.5117,15.5108,15.51,15.5102,15.5102,15.5105,15.5102,15.5099,15.5093,15.5093,15.5111,15.5111,15.5106,15.5106,15.5106,15.5106,15.5106,15.5106,15.5106,15.5106,15.5106,15.5106,15.5106,15.5106,15.5103,15.5107,15.5109,15.5109,15.5104,15.5097,15.5097,15.5099,15.5096,15.5093,15.5098,15.5094,15.5089,15.5089,15.5098,15.5099,15.5103,15.5097,15.5099,15.5099,15.5101,15.5099,15.5099,
Sat Apr 11 2020 07:15:01 GMT-0400 (Eastern Daylight Time)
15.5099,15.5099,15.5106,15.5113,15.5115,15.5109,15.5109,15.5107,15.5107,15.5117,15.5113,15.5113,15.511,15.511,15.5119,15.5108,15.5108,15.5103,15.5105,15.5113,15.5113,15.5119,15.5117,15.5117,15.5112,15.5112,15.5112,15.5112,15.5112,15.5112,15.5115,15.5111,15.5108,15.5118,15.5118,15.5118,15.5118,15.5118,15.5118,15.5113,15.5113,15.5116,15.5113,15.5118,15.5118,15.5124,15.5124,15.5127,15.5127,15.5123,15.5118,15.5114,15.5106,15.5106,15.51,15.5096,15.5099,15.5096,15.5101,15.5101,
Sat Apr 11 2020 07:16:01 GMT-0400 (Eastern Daylight Time)
15.5094,15.508,15.508,15.508,15.508,15.508,15.508,15.5066,15.5066,15.5053,15.5053,15.5057,15.5055,15.5057,15.5062,15.5062,15.5062,15.5062,15.5062,15.5062,15.5062,15.5059,15.5059,15.5059,15.5061,15.5059,15.5059,15.5053,15.5053,15.5053,15.5049,15.5053,15.5056,15.5051,15.5048,15.5042,15.5029,15.5037,15.5037,15.5042,15.5053,15.5051,15.5051,15.5041,15.5038,15.5037,15.5044,15.5044,15.5044,15.5048,15.5048,15.5045,15.5063,15.5065,15.5065,15.5065,15.5078,15.5108,15.5105,15.5102,
Sat Apr 11 2020 07:17:01 GMT-0400 (Eastern Daylight Time)
15.5107,15.5096,15.5092,15.5086,15.5083,15.5083,15.509,15.509,15.509,15.5087,15.5087,15.5087,15.5087,15.5087,15.5081,15.5081,15.5076,15.507,15.5075,15.5075,15.5075,15.5078,15.5078,15.5074,15.5074,15.5074,15.5074,15.5067,15.5067,15.5067,15.507,15.5076,15.508,15.508,15.508,15.5088,15.5067,15.5067,15.5067,15.5074,15.5072,15.5072,15.5077,15.5077,15.5077,15.5082,15.5082,15.5082,15.5082,15.5078,15.5075,15.5077,15.5077,15.5072,15.5072,15.5072,15.5072,15.5075,15.5075,15.5085,
Sat Apr 11 2020 07:18:01 GMT-0400 (Eastern Daylight Time)
15.5095,15.5095,15.5097,15.5097,15.5094,15.5097,15.5073,15.5073,15.5075,15.5081,15.5081,15.5081,15.5077,15.51,15.51,15.51,15.507,15.5073,15.5073,15.5073,15.5076,15.5077,15.5083,15.5081,15.5085,15.5082,15.5082,15.5083,15.5083,15.5085,15.5081,15.5079,15.5084,15.5081,15.5084,15.5079,15.5083,15.5081,15.5084,15.5084,15.5081,15.5081,15.5091,15.5085,15.5085,15.5085,15.5085,15.5081,15.5081,15.5095,15.5095,15.5095,15.5105,15.5105,15.5105,15.5105,15.5105,15.5112,15.5112,15.5105,
Sat Apr 11 2020 07:19:01 GMT-0400 (Eastern Daylight Time)
15.5105,15.5105,15.5105,15.5103,15.5103,15.5104,15.5104,15.5104,15.5104,15.5107,15.5107,15.5107,15.5107,15.5107,15.5107,15.5107,15.5104,15.5104,15.5111,15.5111,15.5116,15.5125,15.5125,15.5125,15.5125,15.5135,15.5135,15.5135,15.5135,15.5137,15.5155,15.5155,15.5152,15.5162,15.5162,15.5169,15.5181,15.5176,15.5176,15.5176,15.5173,15.5177,15.5177,15.518,15.5183,15.517,15.517,15.517,15.5173,15.5155,15.5155,15.5155,15.5152,15.5152,15.515,15.5146,15.5146,15.5151,15.5156,15.5156,
Sat Apr 11 2020 07:20:01 GMT-0400 (Eastern Daylight Time)
15.516,15.5164,15.5161,15.5157,15.5161,15.5157,15.5153,15.5153,15.5153,15.5161,15.5158,15.5158,15.5165,15.5165,15.5165,15.5162,15.5162,15.5162,15.5162,15.5166,15.5162,15.5158,15.5157,15.5154,15.5156,15.5156,15.5154,15.5154,15.5157,15.5157,15.514,15.514,15.5127,15.5119,15.5122,15.5126,15.5129,15.5129,15.5129,15.5137,15.5133,15.5136,15.5142,15.5142,15.5142,15.5142,15.5149,15.5159,15.5155,15.5152,15.515,15.5158,15.5162,15.5162,15.5168,15.5171,15.5171,15.5168,15.5163,15.5163,
Sat Apr 11 2020 07:21:01 GMT-0400 (Eastern Daylight Time)
15.5168,15.5168,15.5168,15.5165,15.5165,15.5168,15.5171,15.5171,15.5172,15.5172,15.5184,15.5179,15.5183,15.5188,15.519,15.519,15.5187,15.5189,15.5189,15.52,15.5202,15.52,15.52,15.52,15.5197,15.5202,15.5203,15.5203,15.5205,15.5205,15.5205,15.5205,15.5205,15.5202,15.5204,15.5194,15.5194,15.5194,15.5187,15.5187,15.5187,15.5187,15.5182,15.5182,15.5182,15.5178,15.5173,15.5173,15.5177,15.5177,15.5168,15.5168,15.517,15.517,15.5163,15.5163,15.5163,15.5163,15.5163,15.5163,
Sat Apr 11 2020 07:22:01 GMT-0400 (Eastern Daylight Time)
15.5163,15.5164,15.5164,15.5169,15.5169,15.5162,15.5162,15.5162,15.5162,15.5162,15.5162,15.5162,15.5162,15.5162,15.5162,15.5162,15.5163,15.5163,15.5163,15.5163,15.5168,15.5168,15.5164,15.5173,15.5173,15.5173,15.5182,15.5183,15.5186,15.5186,15.5189,15.5189,15.5189,15.5189,15.5201,15.5199,15.5199,15.5182,15.5174,15.5174,15.5174,15.5174,15.5174,15.5164,15.5164,15.5164,15.5164,15.5168,15.5168,15.5168,15.5175,15.5165,15.5169,15.5162,15.516,15.516,15.516,15.516,15.5157,15.5156,
Sat Apr 11 2020 07:23:01 GMT-0400 (Eastern Daylight Time)
15.5156,15.5156,15.5156,15.5159,15.5159,15.5159,15.516,15.516,15.5156,15.5156,15.5158,15.5158,15.5158,15.5158,15.5175,15.5183,15.5183,15.5193,15.5193,15.5193,15.519,15.5193,15.5199,15.5205,15.5205,15.5202,15.5209,15.5205,15.5211,15.5217,15.5217,15.5213,15.5196,15.5217,15.5233,15.5233,15.5226,15.5226,15.5229,15.5257,15.526,15.526,15.5256,15.5256,15.5263,15.526,15.5264,15.5264,15.5264,15.5261,15.5267,15.5267,15.5267,15.5262,15.5257,15.5256,15.5253,15.525,15.5233,15.5233,
Sat Apr 11 2020 07:24:01 GMT-0400 (Eastern Daylight Time)
15.5232,15.5232,15.5215,15.5221,15.5226,15.5226,15.5216,15.5211,15.5222,15.5225,15.5232,15.5232,15.5235,15.5232,15.5241,15.5241,15.5238,15.523,15.5226,15.523,15.5233,15.5233,15.5233,15.5237,15.524,15.524,15.5237,15.5235,15.524,15.524,15.5217,15.522,15.5211,15.5214,15.5223,15.522,15.5211,15.5211,15.5211,15.5211,15.5214,15.522,15.522,15.5216,15.5218,15.5216,15.5209,15.5209,15.5238,15.5234,15.5232,15.5232,15.5236,15.5236,15.525,15.525,15.525,15.5251,15.5251,15.5243,
Sat Apr 11 2020 07:25:01 GMT-0400 (Eastern Daylight Time)
15.5243,15.5243,15.5243,15.5251,15.5251,15.5237,15.5227,15.522,15.5228,15.5225,15.5225,15.5221,15.5221,15.52,15.5202,15.5202,15.5202,15.5202,15.5202,15.5216,15.5219,15.5219,15.5219,15.5219,15.5219,15.5222,15.5218,15.5215,15.5215,15.5215,15.5213,15.521,15.521,15.5207,15.5213,15.5216,15.5216,15.5219,15.5226,15.5226,15.5226,15.5226,15.5227,15.5231,15.5234,15.5229,15.5237,15.5237,15.5237,15.5237,15.5247,15.5236,15.5236,15.5233,15.5238,15.5236,15.5232,15.5235,15.5239,15.5239,
Sat Apr 11 2020 07:26:01 GMT-0400 (Eastern Daylight Time)
15.5238,15.5238,15.5235,15.5231,15.5233,15.5233,15.5237,15.525,15.5255,15.5258,15.5251,15.5255,15.5255,15.5251,15.5242,15.5242,15.5246,15.5242,15.5237,15.5238,15.5238,15.5241,15.5237,15.5237,15.523,15.5228,15.5228,15.5221,15.5226,15.5226,15.5224,15.522,15.522,15.5215,15.521,15.522,15.5218,15.5218,15.5218,15.5215,15.5215,15.5212,15.5212,15.5216,15.5219,15.5216,15.522,15.5217,15.5214,15.5214,15.5217,15.5213,15.5213,15.5204,15.5201,15.5203,15.5213,15.5213,15.5213,15.5225,
Sat Apr 11 2020 07:27:01 GMT-0400 (Eastern Daylight Time)
15.5232,15.524,15.524,15.524,15.524,15.5237,15.5244,15.5244,15.5244,15.5244,15.5241,15.5246,15.5249,15.5249,15.5249,15.5256,15.5256,15.5252,15.5252,15.5255,15.5255,15.5258,15.5258,15.5258,15.5258,15.5263,15.5263,15.5252,15.5252,15.5252,15.5252,15.5246,15.5246,15.5246,15.524,15.524,15.5265,15.5265,15.5265,15.5272,15.5272,15.5272,15.5272,15.5295,15.5299,15.5303,15.5303,15.5308,15.5303,15.5302,15.53,15.5303,15.5299,15.5299,15.5299,15.5305,15.5297,15.5297,15.5294,15.5299,
Sat Apr 11 2020 07:28:01 GMT-0400 (Eastern Daylight Time)
15.5305,15.5305,15.5305,15.5308,15.5308,15.5308,15.5308,15.532,15.532,15.5316,15.5316,15.5308,15.5321,15.5328,15.5333,15.5345,15.5341,15.5333,15.5333,15.5347,15.5353,15.5353,15.5354,15.5352,15.5352,15.5376,15.538,15.5384,15.5386,15.5386,15.5386,15.5387,15.5387,15.539,15.539,15.539,15.5392,15.5395,15.5397,15.5392,15.5392,15.5389,15.5398,15.5398,15.5393,15.5378,15.5376,15.5363,15.5358,15.5358,15.5358,15.5364,15.5361,15.5375,15.5375,15.5376,15.5379,15.5384,15.5364,15.5364,
Sat Apr 11 2020 07:29:01 GMT-0400 (Eastern Daylight Time)
15.5364,15.5359,15.5365,15.5359,15.5359,15.5359,15.5354,15.5351,15.5351,15.5351,15.5356,15.5346,15.5342,15.534,15.534,15.5331,15.5331,15.5331,15.5337,15.5337,15.5334,15.5339,15.5339,15.5339,15.5339,15.5348,15.5348,15.5345,15.5343,15.5343,15.5347,15.5349,15.5352,15.5347,15.535,15.5356,15.5351,15.5354,15.5354,15.5354,15.5354,15.5357,15.5357,15.5363,15.5374,15.5374,15.5384,15.5391,15.5386,15.5386,15.5383,15.5377,15.5377,15.5377,15.5377,15.5387,15.5387,15.5387,15.5387,15.5389,
Sat Apr 11 2020 07:30:01 GMT-0400 (Eastern Daylight Time)
15.5386,15.54,15.54,15.5406,15.5396,15.5396,15.5398,15.5398,15.5398,15.5402,15.54,15.5404,15.5404,15.5404,15.5399,15.5402,15.5402,15.5404,15.541,15.5411,15.5411,15.5407,15.5397,15.539,15.5394,15.5394,15.5394,15.5394,15.5384,15.5395,15.5392,15.5389,15.5389,15.5389,15.5389,15.5389,15.5389,15.5389,15.5393,15.5393,15.5393,15.5393,15.5396,15.5409,15.5406,15.5406,15.5409,15.5403,15.5403,15.5403,15.5403,15.5408,15.5411,15.5411,15.5411,15.5425,15.5425,15.5425,15.5429,15.5429,
Sat Apr 11 2020 07:31:01 GMT-0400 (Eastern Daylight Time)
15.5429,15.5429,15.5431,15.5438,15.544,15.5433,15.5441,15.5438,15.5438,15.5436,15.5441,15.5432,15.5427,15.5427,15.5427,15.5427,15.5427,15.5424,15.5426,15.5433,15.5433,15.5433,15.5429,15.5427,15.5431,15.5433,15.5433,15.5433,15.5433,15.543,15.543,15.543,15.543,15.5433,15.5433,15.5442,15.5442,15.5439,15.5444,15.5441,15.5441,15.5441,15.5447,15.545,15.545,15.5453,15.545,15.5452,15.5448,15.5448,15.5434,15.5434,15.5434,15.5434,15.5435,15.543,15.543,15.543,15.543,15.543,
Sat Apr 11 2020 07:32:01 GMT-0400 (Eastern Daylight Time)
15.543,15.543,15.543,15.543,15.543,15.543,15.543,15.543,15.543,15.543,15.543,15.5438,15.5438,15.5438,15.5446,15.5446,15.5446,15.5446,15.5446,15.5442,15.5442,15.5442,15.5469,15.5469,15.5465,15.5465,15.5462,15.546,15.546,15.546,15.546,15.5447,15.5447,15.5449,15.5451,15.5449,15.5449,15.544,15.5438,15.5446,15.5446,15.5446,15.544,15.5445,15.5445,15.5439,15.5439,15.5455,15.5455,15.5455,15.5451,15.5454,15.5454,15.5454,15.5457,15.5464,15.5485,15.5489,15.5489,15.5477,
Sat Apr 11 2020 07:33:02 GMT-0400 (Eastern Daylight Time)
15.5474,15.5474,15.5476,15.5472,15.547,15.5468,15.5465,15.5452,15.544,15.544,15.5444,15.5441,15.5438,15.5438,15.5435,15.5435,15.5407,15.5407,15.5407,15.5398,15.539,15.5394,15.5402,15.5402,15.541,15.5413,15.5413,15.5435,15.5438,15.544,15.544,15.544,15.544,15.544,15.544,15.5443,15.5443,15.5443,15.5448,15.5448,15.5448,15.5448,15.5451,15.5451,15.5457,15.5464,15.5459,15.5459,15.5459,15.5457,15.5457,15.5451,15.5448,15.5451,15.5442,15.5446,15.5444,15.5444,15.5439,15.544,
Sat Apr 11 2020 07:34:02 GMT-0400 (Eastern Daylight Time)
15.5454,15.5454,15.5452,15.5452,15.5449,15.5447,15.5447,15.5447,15.5447,15.5424,15.5424,15.5424,15.5418,15.5418,15.5427,15.5432,15.5428,15.5428,15.5428,15.5428,15.5423,15.5423,15.5423,15.5438,15.5434,15.5434,15.5437,15.5435,15.5445,15.5443,15.544,15.544,15.5437,15.5428,15.5428,15.5425,15.5422,15.5427,15.5422,15.5422,15.5425,15.5429,15.5429,15.5429,15.5429,15.5433,15.5428,15.5428,15.5423,15.5426,15.5429,15.5429,15.5436,15.5436,15.5436,15.5445,15.5452,15.5476,15.5476,15.5468,
Sat Apr 11 2020 07:35:02 GMT-0400 (Eastern Daylight Time)
15.5468,15.5472,15.5477,15.5475,15.5471,15.5471,15.5471,15.5471,15.5468,15.5468,15.5464,15.5464,15.5462,15.5462,15.5467,15.5475,15.549,15.5476,15.5476,15.5483,15.5483,15.5466,15.5466,15.5456,15.5452,15.5439,15.5435,15.5435,15.5429,15.5432,15.5432,15.5424,15.5429,15.5429,15.5429,15.5429,15.5426,15.5404,15.5404,15.5399,15.5408,15.5418,15.5418,15.5418,15.5414,15.5414,15.5417,15.5417,15.5427,15.5424,15.5424,15.5413,15.5428,15.5428,15.5428,15.5432,15.5431,15.5431,15.5431,15.5431,
Sat Apr 11 2020 07:36:01 GMT-0400 (Eastern Daylight Time)
15.5431,15.5431,15.5431,15.5427,15.5434,15.5434,15.5434,15.5434,15.5434,15.5434,15.5434,15.5432,15.5432,15.5432,15.5432,15.5434,15.5434,15.5434,15.5433,15.5433,15.5433,15.5433,15.5433,15.5435,15.5406,15.5382,15.5341,15.5332,15.5323,15.5315,15.5315,15.5315,15.5315,15.532,15.532,15.5318,15.533,15.5334,15.5334,15.5334,15.5342,15.5339,15.5339,15.5339,15.5341,15.5341,15.5341,15.5341,15.5338,15.5338,15.5338,15.5335,15.5335,15.5335,15.5335,15.5331,15.5336,15.5333,15.5336,15.5334,
Sat Apr 11 2020 07:37:02 GMT-0400 (Eastern Daylight Time)
15.5342,15.5345,15.5345,15.535,15.5346,15.5348,15.5348,15.5348,15.534,15.5337,15.5338,15.5343,15.5343,15.5343,15.5332,15.5338,15.5335,15.5337,15.5332,15.5334,15.533,15.5337,15.5337,15.534,15.534,15.534,15.534,15.5317,15.5312,15.531,15.5315,15.531,15.5307,15.5312,15.5317,15.532,15.5308,15.531,15.531,15.531,15.5314,15.5307,15.5314,15.5314,15.5317,15.5346,15.535,15.534,15.5336,15.5336,15.5332,15.533,15.533,15.5327,15.532,15.532,15.532,15.5313,15.5313,15.5313,
Sat Apr 11 2020 07:38:01 GMT-0400 (Eastern Daylight Time)
15.5315,15.5308,15.5315,15.5311,15.5311,15.5308,15.5308,15.5308,15.5312,15.5318,15.531,15.5312,15.5318,15.5311,15.5314,15.5314,15.5314,15.5314,15.5314,15.5314,15.5317,15.5326,15.5326,15.5326,15.5327,15.533,15.533,15.533,15.5327,15.5327,15.5315,15.5315,15.5317,15.5317,15.5312,15.5312,15.5312,15.5302,15.5302,15.5305,15.5308,15.5308,15.5289,15.5284,15.5284,15.5286,15.5286,15.5286,15.5287,15.5289,15.5292,15.5292,15.5296,15.5296,15.5296,15.529,15.5279,15.5284,15.529,15.5282,
Sat Apr 11 2020 07:39:02 GMT-0400 (Eastern Daylight Time)
15.5278,15.5281,15.5284,15.5284,15.5283,15.5292,15.5292,15.529,15.5291,15.5296,15.5278,15.5278,15.5274,15.5281,15.5284,15.5284,15.5278,15.5281,15.5281,15.5277,15.5275,15.5268,15.5268,15.5264,15.5272,15.527,15.5262,15.5264,15.5264,15.5264,15.5264,15.5272,15.5283,15.5283,15.5287,15.5287,15.5292,15.5292,15.5292,15.5288,15.5279,15.5295,15.5302,15.5302,15.5302,15.53,15.5296,15.53,15.5296,15.5289,15.5286,15.5286,15.5275,15.5266,15.5275,15.5272,15.5262,15.5265,15.5272,15.5277,
Sat Apr 11 2020 07:40:01 GMT-0400 (Eastern Daylight Time)
15.5291,15.5295,15.5295,15.5295,15.5305,15.5307,15.5307,15.5307,15.5309,15.5305,15.5303,15.5281,15.5298,15.5303,15.5297,15.5302,15.5297,15.5297,15.5294,15.5294,15.5298,15.5298,15.5303,15.5306,15.5296,15.5296,15.5307,15.5303,15.5309,15.5309,15.5319,15.5313,15.5302,15.5292,15.5289,15.5289,15.5289,15.5285,15.5285,15.5284,15.5284,15.5288,15.5288,15.5288,15.5292,15.5296,15.5299,15.5296,15.5291,15.5287,15.5287,15.5284,15.5284,15.5293,15.529,15.529,15.5286,15.5292,15.5292,15.5292,
Sat Apr 11 2020 07:41:01 GMT-0400 (Eastern Daylight Time)
15.5285,15.5282,15.5276,15.5276,15.5276,15.5276,15.5276,15.5276,15.5276,15.528,15.5278,15.5267,15.5267,15.5273,15.5269,15.5269,15.5269,15.5266,15.5277,15.528,15.528,15.528,15.528,15.5283,15.5286,15.5287,15.5295,15.5295,15.5309,15.5309,15.5315,15.5315,15.5315,15.5312,15.5305,15.5302,15.5302,15.5306,15.5309,15.5313,15.5303,15.5291,15.5291,15.5291,15.5289,15.5297,15.5277,15.5273,15.5265,15.5265,15.5265,15.527,15.5274,15.5278,15.5281,15.5277,15.5281,15.528,15.5293,15.5293,
Sat Apr 11 2020 07:42:01 GMT-0400 (Eastern Daylight Time)
15.5293,15.5276,15.5276,15.5276,15.5271,15.5264,15.5268,15.5268,15.5268,15.5271,15.5268,15.5271,15.5271,15.5272,15.5281,15.5278,15.528,15.5277,15.5288,15.5288,15.5285,15.5291,15.5295,15.5295,15.5295,15.5298,15.5303,15.5303,15.5301,15.5312,15.5315,15.5315,15.5315,15.5312,15.5312,15.5312,15.5312,15.531,15.5303,15.5311,15.5311,15.5318,15.5322,15.5316,15.5328,15.5333,15.5333,15.5333,15.5335,15.5347,15.5347,15.5347,15.5353,15.5376,15.5373,15.5373,15.5368,15.5364,15.5364,15.5371,
Sat Apr 11 2020 07:43:02 GMT-0400 (Eastern Daylight Time)
15.5371,15.5371,15.5371,15.5371,15.5371,15.5371,15.5371,15.5365,15.5365,15.5365,15.5365,15.5367,15.5367,15.5368,15.5368,15.5377,15.5377,15.5377,15.5382,15.538,15.5384,15.5384,15.5382,15.5382,15.5382,15.5382,15.5382,15.5385,15.5385,15.5388,15.5388,15.538,15.5371,15.5366,15.5366,15.5366,15.5366,15.5368,15.5371,15.5371,15.5371,15.5366,15.5366,15.5373,15.5379,15.5355,15.5362,15.5367,15.5367,15.5368,15.5368,15.5368,15.5374,15.5376,15.5376,15.5379,15.5379,15.5381,15.5377,15.5381,
Sat Apr 11 2020 07:44:01 GMT-0400 (Eastern Daylight Time)
15.5378,15.5377,15.5373,15.5379,15.5379,15.5374,15.5374,15.537,15.5366,15.5366,15.5366,15.5366,15.5368,15.5369,15.5369,15.5374,15.537,15.537,15.534,15.5344,15.5344,15.5335,15.5328,15.5336,15.5341,15.5339,15.5336,15.5339,15.5339,15.5339,15.5339,15.5343,15.5343,15.5347,15.5352,15.5348,15.5344,15.5341,15.5335,15.5335,15.5343,15.5334,15.5329,15.5336,15.5332,15.5332,15.5337,15.5331,15.5338,15.5338,15.5338,15.5338,15.5338,15.5334,15.5338,15.5334,15.5336,15.5316,15.5316,15.5309,
Sat Apr 11 2020 07:45:01 GMT-0400 (Eastern Daylight Time)
15.5315,15.532,15.5326,15.5329,15.5329,15.5325,15.5325,15.5325,15.5325,15.5325,15.5325,15.5331,15.5319,15.5314,15.5312,15.5326,15.5326,15.5313,15.5313,15.5311,15.5311,15.5316,15.5319,15.5314,15.5312,15.5312,15.5308,15.5293,15.5293,15.5289,15.5292,15.5292,15.5292,15.5292,15.5292,15.5285,15.5282,15.5282,15.5282,15.5282,15.5282,15.5282,15.5282,15.5282,15.5282,15.5279,15.5279,15.5282,15.5282,15.5265,15.5257,15.5257,15.5254,15.5249,15.5251,15.5261,15.5258,15.5253,15.5249,15.5264,
Sat Apr 11 2020 07:46:01 GMT-0400 (Eastern Daylight Time)
15.526,15.5258,15.5263,15.5268,15.5268,15.5263,15.5263,15.5272,15.5272,15.5275,15.5271,15.5274,15.5274,15.5283,15.5283,15.5269,15.5271,15.5268,15.5268,15.5265,15.5268,15.527,15.5277,15.5277,15.5274,15.5269,15.5269,15.5263,15.5259,15.5276,15.5291,15.5291,15.5285,15.5277,15.528,15.5283,15.5287,15.5283,15.5283,15.5286,15.5291,15.5293,15.5296,15.5285,15.5285,15.5294,15.5291,15.5291,15.5291,15.5291,15.5288,15.5288,15.5284,15.5279,15.5276,15.5276,15.5287,15.5289,15.5294,15.5294,
Sat Apr 11 2020 07:47:01 GMT-0400 (Eastern Daylight Time)
15.5294,15.5286,15.5289,15.5284,15.5284,15.5287,15.5287,15.5308,15.5304,15.5304,15.5304,15.53,15.53,15.5301,15.5301,15.5301,15.5305,15.5302,15.5296,15.53,15.5303,15.5301,15.5318,15.5318,15.5318,15.5321,15.5321,15.5318,15.5318,15.5318,15.5322,15.5322,15.5322,15.5319,15.5317,15.5317,15.5311,15.5314,15.5317,15.5322,15.5319,15.5319,15.5319,15.5312,15.5317,15.5317,15.5309,15.5306,15.5306,15.5311,15.5316,15.5316,15.532,15.5312,15.5315,15.5327,15.5323,15.5324,15.5321,15.5314,
Sat Apr 11 2020 07:48:01 GMT-0400 (Eastern Daylight Time)
15.5303,15.5303,15.5304,15.5301,15.5304,15.5304,15.5299,15.5299,15.5299,15.5299,15.5301,15.5309,15.5309,15.5309,15.5309,15.5312,15.5312,15.5316,15.5313,15.5317,15.5317,15.5317,15.5326,15.5328,15.5324,15.5321,15.5318,15.5318,15.5313,15.5313,15.5311,15.5311,15.5321,15.5321,15.5312,15.5325,15.5318,15.5315,15.5312,15.531,15.531,15.531,15.531,15.531,15.5319,15.5319,15.5321,15.5321,15.5313,15.5313,15.5308,15.5308,15.53,15.5298,15.5291,15.5295,15.5298,15.5298,15.5291,15.5291,
Sat Apr 11 2020 07:49:01 GMT-0400 (Eastern Daylight Time)
15.5288,15.5288,15.5294,15.5294,15.5294,15.5299,15.5306,15.5306,15.5304,15.5301,15.5299,15.5293,15.5293,15.5301,15.5306,15.5306,15.5304,15.5304,15.5301,15.5295,15.5295,15.5299,15.53,15.5303,15.5303,15.5306,15.5312,15.5299,15.531,15.5308,15.5291,15.5286,15.5286,15.5286,15.528,15.5284,15.5282,15.5282,15.5291,15.5291,15.5291,15.5287,15.5284,15.5284,15.5284,15.5284,15.5287,15.5289,15.5285,15.528,15.5277,15.5268,15.5271,15.5275,15.5276,15.5276,15.5279,15.5277,15.5277,15.5277,
Sat Apr 11 2020 07:50:01 GMT-0400 (Eastern Daylight Time)
15.528,15.528,15.528,15.528,15.528,15.528,15.528,15.5277,15.5274,15.5274,15.5284,15.5284,15.5284,15.5284,15.5284,15.528,15.528,15.528,15.5277,15.526,15.5257,15.5257,15.5258,15.5258,15.5258,15.5264,15.5257,15.5257,15.5257,15.526,15.5264,15.5268,15.5271,15.5265,15.5267,15.5264,15.5264,15.5266,15.5266,15.5268,15.5268,15.5268,15.5255,15.5268,15.5271,15.5275,15.5275,15.527,15.5265,15.5265,15.5267,15.5263,15.5261,15.5261,15.5262,15.5262,15.5259,15.5259,15.5265,15.5269,
Sat Apr 11 2020 07:51:01 GMT-0400 (Eastern Daylight Time)
15.5269,15.5269,15.5272,15.5272,15.5275,15.5275,15.5279,15.5276,15.5279,15.5279,15.5279,15.5279,15.5264,15.5264,15.5266,15.526,15.5256,15.5265,15.5273,15.5263,15.5265,15.5265,15.5263,15.5271,15.5277,15.5284,15.5286,15.5283,15.5283,15.5283,15.5271,15.5271,15.5271,15.5271,15.5268,15.5268,15.5263,15.5261,15.5261,15.5264,15.5264,15.5269,15.5255,15.5261,15.5258,15.5258,15.523,15.523,15.5227,15.523,15.5234,15.5234,15.5237,15.5237,15.5229,15.5229,15.5233,15.5233,15.5227,15.5224,
Sat Apr 11 2020 07:52:01 GMT-0400 (Eastern Daylight Time)
15.5224,15.523,15.5226,15.5226,15.5223,15.5223,15.5223,15.5222,15.5222,15.5197,15.5218,15.5216,15.5218,15.5218,15.5223,15.5232,15.5235,15.5232,15.5232,15.5226,15.5223,15.5209,15.5209,15.5209,15.5201,15.5192,15.5192,15.5192,15.5192,15.5211,15.5211,15.5211,15.5215,15.5217,15.522,15.5223,15.5226,15.5226,15.5226,15.5226,15.5229,15.5229,15.5245,15.525,15.5253,15.5253,15.525,15.5247,15.5244,15.5244,15.5246,15.5246,15.5246,15.5246,15.5241,15.5241,15.5239,15.5239,15.5239,15.5243,
Sat Apr 11 2020 07:53:02 GMT-0400 (Eastern Daylight Time)
15.5243,15.5237,15.524,15.5241,15.5238,15.5241,15.5241,15.525,15.5253,15.5253,15.5256,15.5234,15.5242,15.5239,15.524,15.5238,15.5251,15.5251,15.5251,15.5236,15.5232,15.5234,15.5234,15.5234,15.5231,15.5231,15.5235,15.5235,15.5222,15.5218,15.5218,15.5218,15.5221,15.5217,15.5222,15.5233,15.5224,15.5226,15.5226,15.5226,15.5226,15.5226,15.522,15.5216,15.5212,15.5212,15.5214,15.5211,15.5209,15.5212,15.5209,15.521,15.5215,15.5212,15.5212,15.5215,15.5215,15.5224,15.5218,15.5221,
Sat Apr 11 2020 07:54:01 GMT-0400 (Eastern Daylight Time)
15.522,15.5223,15.5226,15.5221,15.5221,15.5224,15.5224,15.5221,15.5224,15.5224,15.5224,15.5224,15.523,15.5228,15.5226,15.5226,15.5226,15.5229,15.5225,15.5217,15.5224,15.522,15.522,15.5235,15.5238,15.5235,15.523,15.5244,15.5248,15.5252,15.5259,15.5259,15.5259,15.526,15.5263,15.5268,15.5274,15.5274,15.5264,15.526,15.5286,15.5291,15.5291,15.5295,15.5295,15.5295,15.53,15.5301,15.5307,15.5307,15.5307,15.5301,15.5301,15.5298,15.5295,15.53,15.53,15.5302,15.5302,15.529,
Sat Apr 11 2020 07:55:01 GMT-0400 (Eastern Daylight Time)
15.529,15.529,15.529,15.5285,15.5291,15.5291,15.5295,15.5295,15.529,15.529,15.529,15.5282,15.5282,15.5282,15.5285,15.5272,15.5272,15.5272,15.5272,15.5275,15.5274,15.5281,15.5283,15.528,15.528,15.5288,15.5288,15.5288,15.5283,15.5286,15.5283,15.5279,15.5271,15.5269,15.5265,15.5243,15.5243,15.5243,15.5272,15.5266,15.5259,15.5264,15.5266,15.5266,15.5264,15.525,15.525,15.5257,15.5257,15.5257,15.5253,15.525,15.5248,15.5251,15.5251,15.5238,15.5238,15.5236,15.5236,15.5244,
Sat Apr 11 2020 07:56:02 GMT-0400 (Eastern Daylight Time)
15.5244,15.5244,15.5241,15.5239,15.5233,15.5233,15.5233,15.5233,15.5232,15.5229,15.5229,15.5231,15.5227,15.5227,15.5227,15.5227,15.5217,15.5214,15.5218,15.5214,15.5218,15.5218,15.5218,15.5215,15.5218,15.5218,15.522,15.5223,15.5221,15.5224,15.5224,15.5224,15.5224,15.5228,15.522,15.5222,15.5226,15.5223,15.5223,15.5236,15.5236,15.5233,15.5233,15.5226,15.5226,15.5231,15.5231,15.5228,15.5224,15.5224,15.5224,15.5237,15.5243,15.5243,15.5243,15.5245,15.5245,15.5258,15.5261,15.5259,
Sat Apr 11 2020 07:57:01 GMT-0400 (Eastern Daylight Time)
15.5259,15.5255,15.5255,15.5255,15.5255,15.5252,15.5252,15.5254,15.5252,15.5256,15.5256,15.5253,15.5249,15.5226,15.5226,15.5229,15.5233,15.5251,15.5255,15.526,15.5258,15.5258,15.5266,15.5271,15.5268,15.5268,15.5268,15.5268,15.5268,15.5268,15.5268,15.5279,15.5279,15.5279,15.5279,15.527,15.527,15.527,15.5274,15.5266,15.5266,15.5266,15.5266,15.5261,15.5261,15.5264,15.5259,15.5264,15.5264,15.526,15.5248,15.5241,15.5244,15.5246,15.5274,15.527,15.5272,15.527,15.527,15.5254,
Sat Apr 11 2020 07:58:02 GMT-0400 (Eastern Daylight Time)
15.5254,15.5254,15.5246,15.5249,15.5249,15.5256,15.5253,15.5253,15.525,15.5247,15.525,15.5243,15.524,15.524,15.5238,15.5236,15.5224,15.5222,15.5219,15.5219,15.5219,15.521,15.5213,15.5217,15.5214,15.5214,15.5214,15.5198,15.5184,15.5184,15.5186,15.5192,15.5192,15.5195,15.5203,15.5206,15.5209,15.5206,15.5203,15.5203,15.5203,15.5203,15.5201,15.5201,15.5196,15.5198,15.5198,15.5202,15.5204,15.52,15.52,15.5189,15.52,15.5196,15.5193,15.52,15.5204,15.52,15.5206,15.5206,
Sat Apr 11 2020 07:59:02 GMT-0400 (Eastern Daylight Time)
15.5213,15.5209,15.5207,15.5207,15.5207,15.5212,15.521,15.5217,15.521,15.521,15.521,15.521,15.5207,15.5207,15.521,15.5212,15.5208,15.5205,15.5201,15.5201,15.5198,15.5198,15.5201,15.5201,15.5201,15.5205,15.5201,15.5208,15.5211,15.5206,15.5196,15.5191,15.52,15.5216,15.5245,15.5249,15.5243,15.5247,15.5235,15.5238,15.5236,15.5233,15.5233,15.5236,15.523,15.5228,15.5228,15.5225,15.5214,15.5214,15.5217,15.5221,15.5222,15.5222,15.5222,15.5226,15.5224,15.5224,15.5228,15.5225,
Sat Apr 11 2020 08:00:01 GMT-0400 (Eastern Daylight Time)
15.5212,15.5212,15.5212,15.5212,15.5212,15.5212,15.5231,15.5235,15.5225,15.5225,15.5225,15.5228,15.5235,15.5232,15.5228,15.5231,15.5251,15.5251,15.5251,15.5245,15.525,15.525,15.5254,15.5254,15.5266,15.5266,15.5262,15.5271,15.5281,15.5272,15.5268,15.5268,15.5274,15.5272,15.5269,15.5268,15.528,15.5277,15.5282,15.5285,15.5288,15.5288,15.5285,15.5285,15.5279,15.5275,15.5245,15.5253,15.525,15.525,15.5254,15.5254,15.525,15.5253,15.5253,15.525,15.525,15.5245,15.5247,15.5247,
