Wed Apr 15 2020 15:55:53 GMT-0400 (Eastern Daylight Time)
15.0623,15.0627,15.0627,15.0641,15.0641,15.0653,15.065,15.0646,15.0646,15.0643,15.0637,15.0634,15.0605,15.0634,15.064,15.0634,15.0632,15.0632,15.0636,15.0646,15.065,15.0646,15.0646,15.0684,15.0682,15.0687,15.0687,15.0698,15.0698,15.0693,15.0696,15.0698,15.0699,15.0702,15.0699,15.0693,15.0695,15.0695,15.0693,15.0702,15.0702,15.0706,15.0698,15.0698,15.0698,15.0698,15.0698,15.07,15.07,15.072,15.072,15.0723,15.072,15.0723,15.0715,15.0721,15.0723,15.0723,15.0749,15.0748,
Wed Apr 15 2020 15:56:53 GMT-0400 (Eastern Daylight Time)
15.0747,15.0747,15.0759,15.0762,15.0755,15.0763,15.0771,15.0773,15.0773,15.0773,15.0771,15.0778,15.0778,15.0778,15.0781,15.0791,15.0791,15.0796,15.0799,15.0805,15.0817,15.0806,15.0806,15.0804,15.0801,15.0812,15.0812,15.081,15.0816,15.081,15.0814,15.0817,15.0815,15.081,15.081,15.0816,15.0819,15.0824,15.0826,15.0829,15.0826,15.0826,15.0826,15.0827,15.0827,15.0827,15.0822,15.0825,15.0825,15.0829,15.0832,15.0848,15.0854,15.0854,15.0854,15.0884,15.0884,15.0884,15.0889,15.0887,
Wed Apr 15 2020 15:57:53 GMT-0400 (Eastern Daylight Time)
15.0875,15.0872,15.0872,15.0882,15.0885,15.0882,15.0886,15.0918,15.0913,15.0913,15.0904,15.0907,15.0908,15.0915,15.0905,15.092,15.0929,15.0929,15.0918,15.0924,15.0922,15.0922,15.093,15.0934,15.0926,15.0926,15.0935,15.0923,15.0923,15.0927,15.0931,15.0931,15.0928,15.0932,15.0926,15.093,15.0934,15.0932,15.0932,15.0932,15.0932,15.0937,15.0937,15.0937,15.0929,15.0935,15.0935,15.0948,15.0929,15.0929,15.0917,15.0913,15.0915,15.0917,15.0916,15.091,15.0904,15.092,15.0918,15.0919,
Wed Apr 15 2020 15:58:53 GMT-0400 (Eastern Daylight Time)
15.0915,15.0911,15.0911,15.0911,15.0909,15.0912,15.0918,15.0918,15.0914,15.0912,15.0908,15.0918,15.0924,15.0925,15.0929,15.094,15.0946,15.0964,15.0964,15.0962,15.0962,15.0965,15.0967,15.0969,15.0965,15.0957,15.0959,15.0963,15.0957,15.0958,15.0958,15.0967,15.0969,15.0969,15.0965,15.0957,15.0957,15.0952,15.0949,15.094,15.094,15.0936,15.0936,15.0936,15.0932,15.0929,15.0933,15.0933,15.0936,15.094,15.0948,15.0948,15.0945,15.0949,15.0949,15.0938,15.0938,15.0933,15.0933,15.0935,
Wed Apr 15 2020 15:59:53 GMT-0400 (Eastern Daylight Time)
15.0935,15.0936,15.0936,15.0937,15.0938,15.0912,15.0889,15.0886,15.0868,15.0871,15.0863,15.0859,15.0864,15.0869,15.0869,15.0865,15.0865,15.0861,15.0858,15.0858,15.0865,15.0865,15.0862,15.0867,15.0861,15.0861,15.0858,15.0859,15.0848,15.0853,15.0856,15.0865,15.0869,15.0862,15.0865,15.0865,15.0862,15.0858,15.0849,15.0843,15.0845,15.0845,15.084,15.084,15.0839,15.0839,15.0835,15.0847,15.084,15.0843,15.0843,15.0854,15.0848,15.0855,15.0846,15.0844,15.0852,15.0852,15.0857,15.0861,
Wed Apr 15 2020 16:00:53 GMT-0400 (Eastern Daylight Time)
15.0864,15.0862,15.0867,15.0866,15.0868,15.0868,15.0868,15.0862,15.0862,15.0862,15.0867,15.086,15.0863,15.0855,15.0845,15.0861,15.0847,15.0847,15.085,15.0868,15.0872,15.0869,15.0875,15.0865,15.0862,15.0868,15.0864,15.0868,15.0872,15.0869,15.0861,15.0868,15.0868,15.0868,15.0866,15.0856,15.0856,15.0858,15.0858,15.0863,15.0858,15.0858,15.0866,15.0868,15.0865,15.0857,15.0857,15.0856,15.0863,15.0868,15.0872,15.0872,15.0869,15.0865,15.087,15.0863,15.086,15.086,15.086,15.0848,
Wed Apr 15 2020 16:01:53 GMT-0400 (Eastern Daylight Time)
15.0851,15.0851,15.0842,15.0829,15.0821,15.0821,15.0807,15.0818,15.0825,15.0819,15.0819,15.0824,15.0834,15.0834,15.0834,15.0837,15.0837,15.0832,15.0835,15.083,15.0835,15.0838,15.0841,15.0843,15.0838,15.084,15.0844,15.0858,15.0863,15.0863,15.0863,15.0872,15.0872,15.0888,15.0888,15.0897,15.0901,15.0924,15.0924,15.0925,15.0928,15.0925,15.0925,15.092,15.0908,15.0908,15.0905,15.0909,15.0911,15.0911,15.0908,15.09,15.0895,15.0904,15.0904,15.09,15.0905,15.0905,15.0911,15.0911,
Wed Apr 15 2020 16:02:53 GMT-0400 (Eastern Daylight Time)
15.0917,15.0923,15.0928,15.0929,15.0931,15.0943,15.0943,15.094,15.0937,15.0945,15.0942,15.0938,15.0938,15.0938,15.0942,15.094,15.0939,15.0939,15.0949,15.0953,15.0961,15.0961,15.0957,15.0967,15.0967,15.0953,15.0951,15.0961,15.0965,15.0965,15.0957,15.0931,15.0931,15.0938,15.0943,15.0935,15.0927,15.093,15.093,15.0928,15.0923,15.0923,15.0926,15.0924,15.0922,15.0921,15.0924,15.0936,15.0936,15.0932,15.0927,15.0884,15.0884,15.0892,15.0892,15.089,15.09,15.0897,15.0894,15.0896,
Wed Apr 15 2020 16:03:53 GMT-0400 (Eastern Daylight Time)
15.0896,15.0902,15.0881,15.0881,15.0881,15.0885,15.0892,15.0889,15.0886,15.0889,15.0886,15.0886,15.0886,15.0891,15.0895,15.0898,15.0889,15.0886,15.0886,15.0889,15.0882,15.0882,15.0874,15.0871,15.0873,15.0873,15.0869,15.0864,15.0873,15.0873,15.0874,15.0885,15.0877,15.0889,15.0893,15.0889,15.0892,15.0895,15.0892,15.0888,15.0891,15.0891,15.0889,15.0884,15.0889,15.0887,15.0887,15.0881,15.0881,15.0882,15.0882,15.0878,15.0874,15.0874,15.0874,15.0871,15.0876,15.087,15.0868,15.0883,
Wed Apr 15 2020 16:04:53 GMT-0400 (Eastern Daylight Time)
15.0881,15.0885,15.0888,15.0883,15.0887,15.0887,15.089,15.088,15.088,15.0882,15.0882,15.0882,15.0885,15.0879,15.0879,15.0883,15.0884,15.0888,15.0891,15.0888,15.0891,15.0881,15.0881,15.0883,15.0895,15.0888,15.0886,15.0889,15.0889,15.0884,15.0878,15.0878,15.0861,15.0864,15.0852,15.0852,15.0852,15.0852,15.0847,15.0845,15.0837,15.0837,15.0837,15.084,15.0843,15.0839,15.0841,15.0837,15.0867,15.087,15.0874,15.0879,15.0885,15.0889,15.0884,15.0883,15.0891,15.0894,15.0894,15.0915,
Wed Apr 15 2020 16:05:53 GMT-0400 (Eastern Daylight Time)
15.0915,15.0915,15.0897,15.0906,15.0903,15.0898,15.0894,15.089,15.0894,15.0891,15.0891,15.0891,15.0893,15.0893,15.0898,15.0898,15.09,15.0903,15.0897,15.0907,15.092,15.092,15.0917,15.0914,15.0914,15.0923,15.092,15.0915,15.0921,15.0925,15.0922,15.0936,15.0939,15.0939,15.0941,15.0945,15.0948,15.0943,15.0946,15.0948,15.0955,15.0945,15.0961,15.0964,15.096,15.0957,15.0945,15.0931,15.0939,15.093,15.0933,15.0935,15.0925,15.093,15.0916,15.0922,15.0917,15.0914,15.0912,15.0913,
Wed Apr 15 2020 16:06:53 GMT-0400 (Eastern Daylight Time)
15.0913,15.0913,15.0913,15.0913,15.0918,15.0921,15.0927,15.0948,15.0943,15.0928,15.0932,15.0929,15.0933,15.093,15.0927,15.0929,15.0932,15.0926,15.0933,15.0929,15.0933,15.0915,15.0911,15.0909,15.0909,15.0904,15.0906,15.0906,15.0918,15.0918,15.0918,15.0918,15.0928,15.0926,15.093,15.0929,15.0938,15.0933,15.0939,15.0945,15.0948,15.0946,15.0948,15.0939,15.0939,15.0914,15.0914,15.0916,15.0913,15.0913,15.0913,15.0913,15.0919,15.0922,15.0924,15.0921,15.0922,15.0927,15.0924,15.0936,
Wed Apr 15 2020 16:07:53 GMT-0400 (Eastern Daylight Time)
15.0936,15.0933,15.0937,15.0937,15.0941,15.0941,15.0944,15.094,15.0937,15.094,15.0946,15.095,15.0942,15.0937,15.0937,15.0937,15.094,15.094,15.0934,15.0931,15.0934,15.0939,15.0938,15.0935,15.0943,15.0947,15.0951,15.0948,15.0963,15.0966,15.0966,15.0974,15.0983,15.0985,15.0992,15.0985,15.0993,15.0998,15.0998,15.0998,15.0995,15.0993,15.0988,15.0986,15.0981,15.0979,15.0983,15.099,15.0993,15.0995,15.102,15.1017,15.1024,15.1024,15.1024,15.1022,15.1028,15.1031,15.1037,15.1051,
Wed Apr 15 2020 16:08:53 GMT-0400 (Eastern Daylight Time)
15.1035,15.1035,15.1033,15.1038,15.1039,15.1042,15.1036,15.1039,15.1033,15.1049,15.1049,15.106,15.1062,15.1067,15.1074,15.1072,15.1072,15.1076,15.1084,15.1081,15.1081,15.1089,15.1095,15.1101,15.1104,15.1089,15.1082,15.1079,15.1066,15.1069,15.1071,15.1068,15.1059,15.1059,15.1056,15.1056,15.1058,15.1056,15.105,15.105,15.1042,15.1042,15.1036,15.1039,15.1052,15.1046,15.1052,15.1045,15.1046,15.104,15.104,15.104,15.1045,15.1049,15.1053,15.1057,15.1067,15.1067,15.106,15.106,
Wed Apr 15 2020 16:09:53 GMT-0400 (Eastern Daylight Time)
15.1067,15.107,15.1074,15.1074,15.1071,15.1073,15.1069,15.1069,15.1071,15.1074,15.1069,15.1065,15.107,15.1065,15.1059,15.1056,15.1053,15.1057,15.1054,15.1051,15.1042,15.1038,15.1035,15.1032,15.1032,15.1034,15.1037,15.1028,15.1025,15.1028,15.1028,15.1018,15.1022,15.1011,15.1022,15.1022,15.1026,15.1015,15.1021,15.1021,15.1024,15.1024,15.1022,15.102,15.1027,15.1027,15.1033,15.1033,15.1035,15.1032,15.1032,15.1036,15.1031,15.1027,15.1032,15.1035,15.1028,15.1031,15.101,15.1008,
Wed Apr 15 2020 16:10:53 GMT-0400 (Eastern Daylight Time)
15.1006,15.1006,15.1006,15.1006,15.1006,15.1003,15.0995,15.1001,15.0995,15.1004,15.1009,15.1011,15.1008,15.1008,15.1,15.1,15.0977,15.096,15.0955,15.0957,15.0962,15.0957,15.0954,15.0954,15.0954,15.0968,15.0963,15.0967,15.0975,15.0979,15.0988,15.0976,15.0973,15.0969,15.0977,15.0977,15.0986,15.0981,15.0981,15.0977,15.0983,15.0983,15.0997,15.0997,15.1014,15.102,15.102,15.1015,15.1014,15.102,15.1029,15.1029,15.1035,15.1043,15.1043,15.1046,15.1056,15.1056,15.106,15.106,
Wed Apr 15 2020 16:11:53 GMT-0400 (Eastern Daylight Time)
15.1061,15.1069,15.1068,15.1064,15.1072,15.1073,15.108,15.1085,15.1084,15.1091,15.1094,15.1088,15.1101,15.1105,15.1103,15.11,15.1109,15.1115,15.1106,15.1116,15.1113,15.11,15.1102,15.1102,15.1102,15.1111,15.1109,15.1109,15.1115,15.1121,15.1119,15.1122,15.1129,15.1124,15.1134,15.1126,15.1123,15.1125,15.1121,15.1121,15.1114,15.1114,15.1119,15.1106,15.11,15.1096,15.11,15.11,15.11,15.1111,15.1108,15.1108,15.1092,15.1087,15.1084,15.1084,15.1083,15.1088,15.1098,15.1109,
Wed Apr 15 2020 16:12:53 GMT-0400 (Eastern Daylight Time)
15.1106,15.1104,15.1085,15.1085,15.1085,15.1077,15.1075,15.1075,15.1086,15.109,15.109,15.1083,15.1078,15.1075,15.1075,15.1072,15.1078,15.1076,15.1069,15.1066,15.1067,15.1067,15.1077,15.1073,15.108,15.1084,15.1084,15.1076,15.107,15.107,15.1075,15.1069,15.106,15.106,15.1059,15.1059,15.1055,15.1058,15.1058,15.1066,15.1061,15.1059,15.1062,15.1048,15.1047,15.1044,15.1025,15.1028,15.1026,15.1029,15.1023,15.1023,15.102,15.1025,15.1028,15.1028,15.1031,15.1031,15.1036,15.1031,
Wed Apr 15 2020 16:13:53 GMT-0400 (Eastern Daylight Time)
15.1039,15.1039,15.1039,15.1032,15.1027,15.1027,15.1027,15.102,15.1025,15.1025,15.1032,15.1032,15.1034,15.1034,15.1036,15.1036,15.1046,15.1044,15.1038,15.1036,15.1032,15.1029,15.1032,15.1037,15.1029,15.1032,15.1036,15.1036,15.1031,15.1028,15.1023,15.1027,15.1021,15.1026,15.1035,15.1035,15.1037,15.1037,15.1035,15.1035,15.104,15.104,15.1035,15.104,15.1035,15.1058,15.1058,15.1058,15.1064,15.1071,15.1071,15.1073,15.1084,15.1087,15.1088,15.1092,15.1097,15.1103,15.1103,15.1101,
Wed Apr 15 2020 16:14:53 GMT-0400 (Eastern Daylight Time)
15.1111,15.1111,15.1107,15.11,15.1096,15.1115,15.1125,15.1141,15.1142,15.1146,15.1146,15.1146,15.1159,15.1159,15.1153,15.116,15.1165,15.1162,15.1162,15.1177,15.1177,15.1164,15.1161,15.1164,15.116,15.116,15.116,15.1168,15.1164,15.116,15.1159,15.1159,15.1156,15.1153,15.1149,15.115,15.1147,15.1149,15.1153,15.1149,15.1155,15.1151,15.1157,15.1153,15.1165,15.116,15.116,15.116,15.1148,15.1143,15.1154,15.1157,15.1157,15.1154,15.1157,15.1162,15.1186,15.1186,15.1186,15.1186,
Wed Apr 15 2020 16:15:53 GMT-0400 (Eastern Daylight Time)
15.1181,15.1181,15.1184,15.1182,15.1182,15.1185,15.1185,15.1185,15.1182,15.1175,15.1167,15.1161,15.1166,15.1171,15.1171,15.1164,15.1164,15.1166,15.117,15.1173,15.1177,15.1177,15.116,15.116,15.116,15.1157,15.1154,15.1147,15.1147,15.1145,15.1142,15.1139,15.1137,15.1132,15.1134,15.1134,15.1125,15.1121,15.1122,15.1118,15.1116,15.1116,15.112,15.1124,15.1124,15.1126,15.1126,15.1126,15.1121,15.1126,15.1099,15.1094,15.1094,15.109,15.109,15.109,15.1118,15.1117,15.112,15.112,
Wed Apr 15 2020 16:16:53 GMT-0400 (Eastern Daylight Time)
15.112,15.1125,15.1127,15.1127,15.113,15.1136,15.1129,15.1131,15.1131,15.1131,15.1134,15.113,15.113,15.1148,15.1151,15.1156,15.116,15.1146,15.1142,15.1143,15.1143,15.1145,15.1145,15.1142,15.1142,15.1125,15.1134,15.113,15.1134,15.1138,15.1134,15.1138,15.1144,15.114,15.1135,15.1144,15.1144,15.1142,15.1135,15.1129,15.1129,15.1129,15.1133,15.1133,15.1128,15.1133,15.1133,15.1133,15.1133,15.1138,15.1126,15.1129,15.1125,15.1118,15.1121,15.1121,15.1118,15.1115,15.1135,15.1129,
Wed Apr 15 2020 16:17:53 GMT-0400 (Eastern Daylight Time)
15.1134,15.1141,15.1138,15.1141,15.1145,15.1149,15.1149,15.1145,15.1148,15.1154,15.1154,15.1151,15.1142,15.1149,15.1144,15.1148,15.1153,15.115,15.1147,15.1137,15.1135,15.1136,15.1136,15.1145,15.115,15.1153,15.1151,15.1148,15.1148,15.1154,15.1157,15.1148,15.1152,15.1152,15.1161,15.1165,15.1168,15.1174,15.1174,15.1176,15.1178,15.1178,15.1178,15.1184,15.118,15.119,15.1188,15.1183,15.1183,15.1184,15.1189,15.1185,15.1178,15.1181,15.1181,15.1178,15.1176,15.117,15.117,15.117,
Wed Apr 15 2020 16:18:53 GMT-0400 (Eastern Daylight Time)
15.1173,15.1177,15.1177,15.1177,15.1177,15.1166,15.1162,15.1166,15.1159,15.1169,15.1169,15.1162,15.1171,15.1173,15.1173,15.1179,15.1175,15.1175,15.1178,15.1175,15.1173,15.1163,15.1159,15.1165,15.1165,15.1161,15.1167,15.117,15.117,15.1173,15.1175,15.1183,15.1183,15.117,15.1165,15.117,15.117,15.1178,15.1175,15.1171,15.1164,15.1157,15.1157,15.1154,15.1168,15.1158,15.1161,15.1158,15.1162,15.1162,15.1165,15.116,15.1165,15.1165,15.1172,15.1172,15.1176,15.1174,15.1171,15.1175,
Wed Apr 15 2020 16:19:53 GMT-0400 (Eastern Daylight Time)
15.1175,15.1189,15.1186,15.1179,15.1179,15.1184,15.1188,15.1191,15.1191,15.1198,15.1193,15.1191,15.1188,15.1192,15.1186,15.1215,15.1218,15.1226,15.1226,15.1226,15.1223,15.1227,15.1233,15.1238,15.1242,15.1237,15.1242,15.1249,15.1255,15.125,15.1251,15.1254,15.1256,15.1247,15.1233,15.124,15.1236,15.1232,15.1232,15.1229,15.1258,15.1261,15.1261,15.1261,15.1261,15.1269,15.1284,15.1284,15.1284,15.1279,15.1282,15.1277,15.1274,15.1266,15.1266,15.1259,15.1259,15.1251,15.1254,15.1251,
Wed Apr 15 2020 16:20:53 GMT-0400 (Eastern Daylight Time)
15.1253,15.126,15.1257,15.1262,15.1262,15.1262,15.126,15.1263,15.125,15.1239,15.1239,15.1236,15.1236,15.1246,15.1242,15.124,15.124,15.1238,15.1238,15.1244,15.1244,15.1237,15.1231,15.1236,15.1236,15.1223,15.1223,15.1229,15.1232,15.1236,15.1236,15.1236,15.1248,15.1229,15.1232,15.1229,15.1231,15.1234,15.1234,15.1213,15.1207,15.1211,15.1211,15.1211,15.1216,15.1225,15.1225,15.123,15.124,15.1237,15.1231,15.1236,15.124,15.1242,15.1242,15.1242,15.1238,15.1238,15.1244,15.1244,
Wed Apr 15 2020 16:21:53 GMT-0400 (Eastern Daylight Time)
15.124,15.1263,15.1268,15.1273,15.1301,15.1301,15.1294,15.1294,15.1305,15.1309,15.1311,15.1308,15.1313,15.1299,15.1299,15.1288,15.129,15.1295,15.1299,15.128,15.128,15.1275,15.1277,15.1277,15.1284,15.1288,15.1288,15.1285,15.1291,15.1286,15.1278,15.1289,15.1293,15.1297,15.1297,15.1294,15.13,15.1302,15.1298,15.1305,15.1305,15.1315,15.1318,15.1321,15.1323,15.1328,15.1331,15.1333,15.1333,15.1324,15.1313,15.1313,15.1305,15.1298,15.129,15.129,15.1303,15.1309,15.1298,15.1298,
Wed Apr 15 2020 16:22:53 GMT-0400 (Eastern Daylight Time)
15.1305,15.1308,15.1297,15.1284,15.1282,15.1285,15.1288,15.129,15.1293,15.1293,15.1291,15.1285,15.1278,15.1287,15.1287,15.1293,15.1294,15.1302,15.1299,15.1301,15.1301,15.1292,15.1297,15.1294,15.1295,15.1285,15.1289,15.1292,15.1292,15.1279,15.1279,15.1282,15.1279,15.1291,15.1288,15.13,15.1297,15.13,15.1306,15.1303,15.1303,15.1302,15.1302,15.1312,15.1312,15.1319,15.1315,15.132,15.132,15.1314,15.131,15.1298,15.1298,15.1299,15.1299,15.1303,15.1309,15.1313,15.1313,15.131,
Wed Apr 15 2020 16:23:53 GMT-0400 (Eastern Daylight Time)
15.1303,15.1303,15.1304,15.1314,15.1319,15.1321,15.1328,15.1331,15.1331,15.136,15.136,15.136,15.1359,15.1365,15.1365,15.1366,15.1366,15.1357,15.1357,15.1351,15.1348,15.1354,15.1356,15.136,15.1363,15.136,15.136,15.1353,15.1358,15.135,15.1339,15.1352,15.1352,15.1343,15.1343,15.133,15.1326,15.1328,15.1332,15.1335,15.1342,15.134,15.1344,15.134,15.1345,15.1342,15.1339,15.1339,15.1334,15.1328,15.1332,15.1335,15.1327,15.1328,15.1331,15.1327,15.133,15.1342,15.1342,15.1345,
Wed Apr 15 2020 16:24:53 GMT-0400 (Eastern Daylight Time)
15.1345,15.1353,15.1356,15.1361,15.1367,15.1362,15.1336,15.1336,15.1341,15.1341,15.134,15.1338,15.1338,15.1338,15.1338,15.1338,15.1347,15.1362,15.1365,15.1357,15.1361,15.1369,15.1353,15.1356,15.1362,15.1362,15.1388,15.1384,15.1387,15.1389,15.1393,15.14,15.1405,15.1408,15.1414,15.142,15.1412,15.141,15.1413,15.141,15.1412,15.1396,15.1392,15.1385,15.1382,15.1376,15.1383,15.1383,15.138,15.138,15.1392,15.1382,15.1382,15.1378,15.1381,15.1383,15.136,15.1353,15.1354,15.1354,
Wed Apr 15 2020 16:25:53 GMT-0400 (Eastern Daylight Time)
15.1357,15.1335,15.1335,15.1333,15.1337,15.1336,15.1341,15.1341,15.1338,15.1338,15.1334,15.133,15.1332,15.1332,15.1305,15.1308,15.1311,15.1309,15.1305,15.1315,15.1315,15.1319,15.1322,15.1322,15.1332,15.1339,15.1339,15.1358,15.1358,15.1356,15.1361,15.1353,15.1352,15.1352,15.1351,15.136,15.1348,15.1339,15.1344,15.1344,15.1347,15.1347,15.1355,15.1351,15.1351,15.1362,15.1365,15.136,15.1363,15.1366,15.1343,15.1343,15.1345,15.1345,15.1352,15.1359,15.1359,15.1363,15.1372,15.1375,
Wed Apr 15 2020 16:26:53 GMT-0400 (Eastern Daylight Time)
15.1375,15.1379,15.1385,15.1385,15.1379,15.1375,15.1377,15.1365,15.1367,15.1386,15.1393,15.1397,15.1397,15.1398,15.1398,15.1395,15.1389,15.1389,15.1407,15.1398,15.1398,15.1406,15.1403,15.1403,15.141,15.141,15.1418,15.1414,15.1414,15.1419,15.1413,15.1409,15.1403,15.1415,15.1415,15.1411,15.1411,15.1414,15.1411,15.1411,15.1404,15.141,15.1394,15.1396,15.1408,15.1408,15.1411,15.1393,15.1389,15.1393,15.1393,15.1397,15.139,15.1392,15.1387,15.1387,15.1391,15.1394,15.1391,15.1391,
Wed Apr 15 2020 16:27:53 GMT-0400 (Eastern Daylight Time)
15.1388,15.1394,15.138,15.1382,15.1379,15.1376,15.1373,15.1373,15.1382,15.1384,15.1379,15.1382,15.1379,15.1379,15.1378,15.1378,15.137,15.1376,15.1376,15.138,15.1382,15.1379,15.1382,15.1385,15.1381,15.1381,15.1386,15.1386,15.1382,15.1392,15.1392,15.1395,15.1391,15.1391,15.1397,15.1397,15.1395,15.1388,15.1375,15.1378,15.1383,15.1389,15.1386,15.1375,15.1375,15.1376,15.1371,15.1371,15.1371,15.1358,15.1362,15.136,15.1357,15.1378,15.1377,15.1377,15.1386,15.1386,15.1389,15.1392,
Wed Apr 15 2020 16:28:53 GMT-0400 (Eastern Daylight Time)
15.1403,15.141,15.1414,15.1418,15.142,15.1413,15.1419,15.1426,15.1426,15.1423,15.1428,15.1428,15.1424,15.1424,15.1431,15.1427,15.1427,15.1424,15.1427,15.1406,15.1408,15.1405,15.1396,15.1394,15.1391,15.1391,15.1391,15.1391,15.1394,15.1389,15.1398,15.1398,15.1397,15.1385,15.1392,15.1407,15.1408,15.1408,15.1413,15.1411,15.1409,15.1409,15.1409,15.1424,15.1424,15.1424,15.1418,15.1423,15.1428,15.1428,15.1395,15.1387,15.1387,15.1389,15.1381,15.1396,15.1394,15.1388,15.1381,15.1381,
Wed Apr 15 2020 16:29:53 GMT-0400 (Eastern Daylight Time)
15.1387,15.1398,15.1391,15.1394,15.1394,15.1397,15.1394,15.1391,15.1388,15.1385,15.1381,15.1381,15.1383,15.1384,15.1392,15.1383,15.1383,15.1386,15.1376,15.138,15.1368,15.1368,15.1371,15.1373,15.1379,15.1379,15.1387,15.1392,15.1401,15.1403,15.141,15.141,15.1382,15.1378,15.1363,15.1363,15.1365,15.1349,15.1351,15.1354,15.1355,15.1355,15.1345,15.1348,15.1353,15.1347,15.1344,15.134,15.1338,15.1338,15.1334,15.1338,15.1338,15.1338,15.1343,15.1343,15.1339,15.1329,15.1332,15.1313,
Wed Apr 15 2020 16:30:53 GMT-0400 (Eastern Daylight Time)
15.1304,15.1295,15.1291,15.1294,15.1301,15.1299,15.1302,15.1304,15.1304,15.1304,15.1304,15.1306,15.1313,15.1321,15.1333,15.1337,15.1337,15.1337,15.1331,15.1331,15.1331,15.1327,15.1333,15.1333,15.1336,15.1334,15.133,15.1335,15.1341,15.1346,15.1346,15.1343,15.1343,15.1346,15.1343,15.1333,15.134,15.134,15.1337,15.1341,15.1341,15.1336,15.1339,15.1345,15.1348,15.1348,15.135,15.135,15.1353,15.1349,15.1352,15.1349,15.1349,15.1349,15.1349,15.1356,15.1368,15.1359,15.1347,15.1347,
Wed Apr 15 2020 16:31:53 GMT-0400 (Eastern Daylight Time)
15.1349,15.1349,15.1342,15.134,15.1336,15.1342,15.1342,15.1337,15.1328,15.1325,15.1322,15.1322,15.1326,15.1318,15.1313,15.1313,15.1313,15.1305,15.1306,15.1286,15.1283,15.1306,15.1306,15.1296,15.1291,15.1292,15.1281,15.1281,15.1278,15.1278,15.1281,15.1267,15.1258,15.1261,15.1271,15.1271,15.1266,15.1263,15.1256,15.1256,15.1259,15.1259,15.1265,15.1263,15.124,15.124,15.1243,15.1236,15.1236,15.1239,15.1232,15.1227,15.123,15.1208,15.1203,15.1203,15.1205,15.1205,15.1201,15.1198,
Wed Apr 15 2020 16:33:53 GMT-0400 (Eastern Daylight Time)
15.1198,15.1218,15.1221,15.1221,15.1216,15.1211,15.1215,15.1219,15.1216,15.1216,15.1207,15.1204,15.12,15.1204,15.1229,15.1232,15.1225,15.1234,15.1233,15.1229,15.1245,15.1249,15.1235,15.1238,15.1243,15.1243,15.1235,15.1226,15.1219,15.1221,15.1218,15.1217,15.1212,15.1222,15.1226,15.1228,15.1232,15.1232,15.1229,15.122,15.122,15.122,15.1239,15.1228,15.1232,15.1227,15.1228,15.1228,15.1227,15.1227,15.122,15.122,15.1209,15.1212,15.1218,15.1204,15.1197,15.1194,15.1185,15.119,
Wed Apr 15 2020 16:34:53 GMT-0400 (Eastern Daylight Time)
15.1202,15.1202,15.1202,15.1206,15.1209,15.1205,15.1208,15.1208,15.1213,15.1213,15.1216,15.1214,15.1216,15.1213,15.1214,15.1214,15.1213,15.1199,15.1201,15.1201,15.1209,15.1209,15.1217,15.1223,15.1228,15.1228,15.1225,15.1221,15.1228,15.1222,15.1217,15.1217,15.1217,15.1202,15.1215,15.1215,15.1211,15.1208,15.1221,15.1219,15.1221,15.1221,15.1221,15.1208,15.1199,15.1201,15.1195,15.1194,15.1191,15.1212,15.1225,15.1225,15.1236,15.1236,15.1229,15.1235,15.1242,15.1246,15.1258,15.125,
Wed Apr 15 2020 16:35:53 GMT-0400 (Eastern Daylight Time)
15.126,15.1266,15.1266,15.1266,15.1266,15.1266,15.1267,15.127,15.1266,15.1285,15.1292,15.1304,15.1308,15.1297,15.1292,15.1292,15.1296,15.1294,15.1285,15.1283,15.1286,15.1286,15.1271,15.1271,15.1271,15.1269,15.128,15.1277,15.1277,15.1266,15.1265,15.1261,15.1261,15.1261,15.1247,15.1247,15.1248,15.1245,15.1248,15.1248,15.1241,15.1235,15.123,15.123,15.1237,15.1237,15.1236,15.1236,15.1239,15.1243,15.1226,15.123,15.1222,15.1225,15.1223,15.1223,15.1217,15.1217,15.1213,15.1211,
Wed Apr 15 2020 16:36:53 GMT-0400 (Eastern Daylight Time)
15.1213,15.1223,15.122,15.122,15.122,15.122,15.1237,15.1243,15.1238,15.1238,15.1224,15.1224,15.1211,15.1215,15.1213,15.1213,15.1218,15.1233,15.1233,15.122,15.122,15.1224,15.1222,15.1219,15.1211,15.1211,15.1211,15.1208,15.1214,15.122,15.1222,15.1207,15.1197,15.1193,15.119,15.1187,15.118,15.118,15.1181,15.1184,15.1192,15.1192,15.1198,15.1192,15.1192,15.1198,15.1213,15.1205,15.1205,15.1203,15.1203,15.1196,15.1196,15.1196,15.1189,15.1191,15.1196,15.1199,15.1199,15.1209,
Wed Apr 15 2020 16:37:53 GMT-0400 (Eastern Daylight Time)
15.1202,15.1198,15.1201,15.1204,15.1197,15.121,15.121,15.121,15.1208,15.1183,15.1183,15.1191,15.1197,15.1197,15.1205,15.1208,15.1205,15.1207,15.1207,15.1193,15.1196,15.1193,15.119,15.1193,15.1196,15.1201,15.1214,15.1216,15.1216,15.1216,15.1223,15.123,15.1225,15.1221,15.1207,15.121,15.122,15.122,15.1229,15.1235,15.1228,15.123,15.1237,15.1245,15.1249,15.1247,15.1252,15.1261,15.1264,15.1261,15.1266,15.1262,15.1262,15.1255,15.1255,15.1254,15.1257,15.126,15.1252,15.1251,
Wed Apr 15 2020 16:38:53 GMT-0400 (Eastern Daylight Time)
15.1247,15.1247,15.125,15.1246,15.124,15.124,15.1238,15.1242,15.1245,15.1245,15.1256,15.1256,15.1253,15.125,15.1259,15.1254,15.1253,15.125,15.125,15.1262,15.1262,15.1254,15.1257,15.1255,15.1259,15.1261,15.1261,15.1255,15.1262,15.126,15.1257,15.1248,15.1248,15.1246,15.1249,15.1237,15.1234,15.1234,15.1227,15.1219,15.1219,15.1219,15.1231,15.1232,15.1232,15.1233,15.1238,15.1238,15.1224,15.1224,15.1232,15.1239,15.1239,15.1239,15.1239,15.1232,15.1243,15.1245,15.126,15.1261,
Wed Apr 15 2020 16:39:53 GMT-0400 (Eastern Daylight Time)
15.1261,15.1266,15.126,15.1263,15.1255,15.1258,15.127,15.1278,15.1275,15.1275,15.1272,15.1264,15.1256,15.1256,15.1256,15.1252,15.1248,15.1245,15.1251,15.1249,15.1275,15.1287,15.1287,15.1288,15.1292,15.1284,15.1288,15.1296,15.1301,15.1302,15.1302,15.1284,15.1283,15.1292,15.1292,15.1283,15.1272,15.1276,15.1279,15.1288,15.1285,15.1306,15.1314,15.1326,15.1306,15.1303,15.1307,15.1301,15.1298,15.1298,15.1296,15.1295,15.1295,15.1297,15.1297,15.1302,15.1302,15.1306,15.1316,15.1303,
Wed Apr 15 2020 16:40:53 GMT-0400 (Eastern Daylight Time)
15.1303,15.1309,15.1309,15.1315,15.1318,15.132,15.1326,15.1322,15.1335,15.1325,15.1329,15.1324,15.1322,15.1298,15.1301,15.1301,15.1298,15.1294,15.1294,15.1295,15.1295,15.1304,15.131,15.1315,15.1308,15.1305,15.1311,15.1317,15.1321,15.1318,15.1297,15.1297,15.1296,15.1296,15.1296,15.1293,15.1293,15.1289,15.1286,15.1282,15.1276,15.1268,15.1268,15.1265,15.1273,15.1285,15.1285,15.1282,15.1287,15.1289,15.1289,15.1297,15.1297,15.1291,15.1298,15.13,15.1302,15.1302,15.1306,15.1304,
Wed Apr 15 2020 16:41:53 GMT-0400 (Eastern Daylight Time)
15.1295,15.13,15.1303,15.1302,15.1291,15.1294,15.1284,15.1269,15.1266,15.1261,15.1261,15.1244,15.1249,15.1245,15.1242,15.1238,15.1238,15.1238,15.1247,15.1249,15.1249,15.1255,15.1249,15.126,15.1265,15.1265,15.1261,15.1261,15.1261,15.1258,15.1261,15.125,15.1244,15.1237,15.1235,15.1245,15.1254,15.1256,15.1256,15.1255,15.1258,15.1262,15.1262,15.1279,15.1279,15.1279,15.1279,15.1279,15.1279,15.1275,15.1275,15.1272,15.1276,15.1244,15.1247,15.1264,15.1268,15.127,15.1251,15.1232,
Wed Apr 15 2020 16:42:53 GMT-0400 (Eastern Daylight Time)
15.1223,15.1229,15.1231,15.125,15.1255,15.1259,15.1263,15.1269,15.1264,15.1258,15.1251,15.1257,15.1256,15.1256,15.1256,15.1243,15.1246,15.1241,15.1229,15.1222,15.1219,15.1219,15.1222,15.1232,15.1207,15.121,15.1222,15.1222,15.1218,15.1222,15.1226,15.1222,15.1219,15.1219,15.1216,15.1224,15.1221,15.1234,15.1234,15.1241,15.1232,15.1232,15.1237,15.1233,15.1223,15.1226,15.1226,15.1212,15.121,15.1207,15.1215,15.1223,15.1232,15.1235,15.1235,15.1238,15.126,15.1257,15.1257,15.1256,
Wed Apr 15 2020 16:43:53 GMT-0400 (Eastern Daylight Time)
15.1256,15.125,15.1254,15.1261,15.1261,15.1268,15.1265,15.1264,15.1271,15.1268,15.1268,15.1268,15.1268,15.1258,15.1261,15.1253,15.1256,15.1259,15.1261,15.1262,15.1256,15.125,15.1248,15.1233,15.1228,15.1246,15.125,15.1241,15.1243,15.1243,15.1243,15.1245,15.1247,15.1255,15.1255,15.1267,15.1267,15.1267,15.1257,15.1254,15.1254,15.1254,15.1262,15.1269,15.1269,15.1251,15.1247,15.125,15.1254,15.1246,15.1246,15.1249,15.1232,15.1218,15.1223,15.1219,15.1219,15.1209,15.1205,15.1192,
Wed Apr 15 2020 16:44:53 GMT-0400 (Eastern Daylight Time)
15.1195,15.1195,15.1202,15.1199,15.1199,15.1202,15.1202,15.1205,15.1203,15.1203,15.1201,15.1187,15.1178,15.1178,15.1178,15.1169,15.1173,15.116,15.1162,15.1162,15.1159,15.117,15.1167,15.1169,15.1164,15.1164,15.1164,15.1149,15.1147,15.1125,15.113,15.1104,15.1099,15.1092,15.1092,15.1096,15.1099,15.1095,15.1103,15.1102,15.111,15.111,15.1111,15.1111,15.1126,15.1126,15.1128,15.1128,15.1128,15.1128,15.1128,15.1134,15.1135,15.1151,15.1151,15.1144,15.1144,15.1142,15.1142,15.1141,
Wed Apr 15 2020 16:45:53 GMT-0400 (Eastern Daylight Time)
15.1145,15.1155,15.1155,15.1161,15.1158,15.1135,15.1132,15.1132,15.1132,15.1135,15.1135,15.1136,15.1139,15.1137,15.1133,15.1139,15.1142,15.1148,15.1146,15.1154,15.1154,15.1154,15.1154,15.1151,15.1142,15.1139,15.113,15.1119,15.1116,15.1111,15.1113,15.1101,15.1098,15.1095,15.1104,15.1116,15.1115,15.1118,15.1118,15.1112,15.1101,15.1104,15.1101,15.1095,15.1095,15.1092,15.1088,15.1108,15.1112,15.1109,15.1117,15.1123,15.1126,15.1135,15.1133,15.1132,15.113,15.1131,15.1131,15.1124,
Wed Apr 15 2020 16:46:53 GMT-0400 (Eastern Daylight Time)
15.1124,15.1124,15.1133,15.1135,15.1135,15.1137,15.113,15.1132,15.1125,15.1122,15.1125,15.1122,15.1118,15.1121,15.1125,15.1129,15.1129,15.1129,15.1137,15.1143,15.1145,15.1145,15.1146,15.1138,15.1137,15.1137,15.1137,15.1139,15.1141,15.1134,15.1134,15.1134,15.113,15.113,15.113,15.1122,15.1117,15.1124,15.1126,15.1126,15.1124,15.1117,15.1115,15.1104,15.1106,15.1103,15.1108,15.1105,15.1112,15.1122,15.112,15.1124,15.1126,15.1123,15.1116,15.1105,15.1108,15.1116,15.112,15.1119,
Wed Apr 15 2020 16:47:53 GMT-0400 (Eastern Daylight Time)
15.1119,15.1126,15.1126,15.1123,15.1123,15.1123,15.1112,15.112,15.112,15.1138,15.1134,15.1126,15.1129,15.1132,15.1128,15.1135,15.1125,15.1125,15.1129,15.1128,15.1133,15.1137,15.1131,15.1131,15.1134,15.1136,15.1125,15.112,15.1111,15.1111,15.1101,15.1101,15.1101,15.1098,15.1098,15.1091,15.1083,15.1068,15.107,15.1066,15.1063,15.1056,15.1061,15.1064,15.1075,15.1075,15.1073,15.1063,15.106,15.1057,15.1057,15.1057,15.1051,15.1057,15.1053,15.1059,15.1067,15.1069,15.1069,15.1066,
Wed Apr 15 2020 16:48:53 GMT-0400 (Eastern Daylight Time)
15.1066,15.1081,15.1071,15.1071,15.1065,15.1065,15.1065,15.1062,15.105,15.1043,15.1041,15.1055,15.1058,15.1078,15.1057,15.1051,15.1037,15.103,15.1032,15.1043,15.1043,15.1045,15.1046,15.1042,15.1052,15.105,15.1047,15.1056,15.1059,15.1051,15.1059,15.1059,15.1055,15.1073,15.107,15.1065,15.1061,15.1058,15.1063,15.1078,15.1069,15.1069,15.1069,15.1069,15.1056,15.1058,15.1073,15.1084,15.1086,15.1067,15.106,15.106,15.1053,15.1053,15.1053,15.1044,15.1044,15.1049,15.1045,15.1044,
Wed Apr 15 2020 16:49:53 GMT-0400 (Eastern Daylight Time)
15.1044,15.1043,15.1037,15.1033,15.1038,15.1042,15.1045,15.1023,15.1059,15.1052,15.1058,15.1058,15.1058,15.1061,15.1058,15.1061,15.1063,15.1066,15.1071,15.1076,15.1075,15.107,15.1067,15.1079,15.1082,15.1062,15.1068,15.1068,15.1067,15.1076,15.1076,15.1076,15.1069,15.1066,15.1066,15.1063,15.1072,15.1068,15.1064,15.106,15.1067,15.1052,15.1052,15.1044,15.1044,15.1015,15.1017,15.1017,15.1014,15.1018,15.1018,15.1022,15.1028,15.1042,15.1033,15.1026,15.1032,15.1028,15.1024,15.1016,
Wed Apr 15 2020 16:50:53 GMT-0400 (Eastern Daylight Time)
15.101,15.1003,15.1003,15.0999,15.1004,15.1007,15.1003,15.1,15.0998,15.1014,15.1014,15.1014,15.1006,15.1003,15.0993,15.1002,15.0999,15.0999,15.0989,15.0989,15.0984,15.096,15.096,15.0962,15.0956,15.0953,15.0961,15.0961,15.0961,15.0959,15.0959,15.0959,15.0957,15.0952,15.0955,15.096,15.0961,15.097,15.097,15.0973,15.0978,15.0978,15.098,15.0975,15.0978,15.0973,15.0973,15.0982,15.0975,15.0975,15.0978,15.0978,15.0989,15.0987,15.0989,15.0989,15.0994,15.0993,15.099,15.0987,
Wed Apr 15 2020 16:51:53 GMT-0400 (Eastern Daylight Time)
15.0981,15.0983,15.0979,15.0984,15.099,15.099,15.0986,15.0988,15.099,15.0981,15.0981,15.0979,15.0979,15.0979,15.0979,15.0977,15.0976,15.0973,15.097,15.097,15.097,15.0973,15.0975,15.0971,15.0972,15.0972,15.0972,15.0972,15.0967,15.0969,15.0969,15.0971,15.0973,15.0965,15.0965,15.0956,15.0952,15.0977,15.0947,15.0947,15.0953,15.0964,15.0964,15.0961,15.0958,15.0959,15.0971,15.0979,15.0982,15.099,15.0994,15.0994,15.1005,15.1003,15.1002,15.1,15.1,15.0998,15.0998,15.0998,
Wed Apr 15 2020 16:52:53 GMT-0400 (Eastern Daylight Time)
15.1012,15.101,15.1013,15.1013,15.1013,15.102,15.102,15.1025,15.1019,15.1019,15.1014,15.1008,15.1007,15.0985,15.0981,15.0981,15.0981,15.098,15.098,15.0975,15.0975,15.0978,15.098,15.0976,15.0973,15.097,15.0978,15.0978,15.0978,15.098,15.0975,15.0967,15.0967,15.0967,15.0964,15.097,15.0967,15.097,15.0964,15.0969,15.0972,15.0982,15.0981,15.0981,15.098,15.0976,15.0979,15.0967,15.098,15.0986,15.0989,15.0989,15.0989,15.0989,15.0989,15.1001,15.1001,15.0998,15.1009,15.1009,
Wed Apr 15 2020 16:53:53 GMT-0400 (Eastern Daylight Time)
15.0998,15.1001,15.1007,15.1004,15.1008,15.1005,15.101,15.1006,15.0999,15.1002,15.1002,15.1002,15.1002,15.1022,15.1026,15.1026,15.1028,15.1037,15.1042,15.1036,15.1042,15.1046,15.1043,15.1047,15.1049,15.1049,15.1049,15.1061,15.1064,15.1059,15.1056,15.1054,15.1057,15.1049,15.1049,15.1039,15.1042,15.1042,15.1049,15.1047,15.106,15.1058,15.1049,15.1049,15.1046,15.1052,15.1056,15.1056,15.1056,15.1059,15.1062,15.1066,15.109,15.1076,15.1076,15.1075,15.1066,15.1071,15.1067,15.1067,
Wed Apr 15 2020 16:54:53 GMT-0400 (Eastern Daylight Time)
15.1067,15.1067,15.1067,15.1067,15.1074,15.1078,15.1076,15.1097,15.1097,15.1102,15.1095,15.1101,15.1075,15.1092,15.1092,15.1095,15.1085,15.1085,15.1096,15.1093,15.1092,15.1092,15.1082,15.1076,15.1081,15.1083,15.1086,15.1086,15.1088,15.1089,15.107,15.1074,15.1079,15.1071,15.1066,15.1054,15.1045,15.1036,15.1038,15.1041,15.1041,15.1045,15.1045,15.1048,15.1042,15.1045,15.1042,15.1048,15.1044,15.1037,15.1033,15.1029,15.1029,15.1026,15.1035,15.1041,15.1029,15.1027,15.1026,15.1026,
Wed Apr 15 2020 16:55:53 GMT-0400 (Eastern Daylight Time)
15.1022,15.1019,15.1019,15.1017,15.1014,15.1011,15.1011,15.1011,15.1011,15.1008,15.1008,15.1013,15.1013,15.1013,15.1023,15.1023,15.1035,15.1034,15.105,15.105,15.1052,15.1054,15.1051,15.1051,15.1048,15.1054,15.1046,15.107,15.1076,15.1076,15.1074,15.1079,15.1079,15.1075,15.1072,15.1073,15.1077,15.1077,15.1077,15.108,15.1084,15.1084,15.1087,15.1078,15.1076,15.1074,15.1057,15.1057,15.1052,15.1049,15.1056,15.107,15.1078,15.1072,15.1075,15.1081,15.1079,15.1079,15.1066,15.1066,
Wed Apr 15 2020 16:56:53 GMT-0400 (Eastern Daylight Time)
15.1081,15.1096,15.1092,15.1092,15.1092,15.1093,15.1088,15.1088,15.1084,15.1096,15.1096,15.109,15.1086,15.1083,15.1084,15.1084,15.1082,15.1087,15.1084,15.1086,15.1092,15.1101,15.1093,15.1093,15.109,15.109,15.109,15.1088,15.109,15.1085,15.1081,15.1083,15.1081,15.1081,15.1083,15.1086,15.1084,15.1087,15.1084,15.1084,15.1081,15.1102,15.1103,15.1106,15.1109,15.1109,15.1109,15.1109,15.1091,15.1091,15.1083,15.1083,15.1074,15.1074,15.1072,15.1058,15.1062,15.1042,15.1035,15.1037,
Wed Apr 15 2020 16:57:53 GMT-0400 (Eastern Daylight Time)
15.1046,15.1051,15.1051,15.1064,15.1064,15.1059,15.1062,15.106,15.1047,15.1048,15.1048,15.1046,15.1026,15.1041,15.1038,15.1038,15.1049,15.1052,15.105,15.105,15.1041,15.1029,15.1023,15.1023,15.1018,15.1009,15.1013,15.0999,15.1019,15.1023,15.102,15.102,15.1015,15.1037,15.104,15.104,15.104,15.1034,15.1024,15.1021,15.1024,15.1027,15.1023,15.1023,15.1023,15.1014,15.1017,15.1023,15.1023,15.1023,15.1019,15.1023,15.1018,15.1015,15.1021,15.1028,15.1028,15.1032,15.1036,15.1036,
Wed Apr 15 2020 16:58:53 GMT-0400 (Eastern Daylight Time)
15.1052,15.1047,15.1044,15.105,15.1056,15.1045,15.1045,15.1049,15.1051,15.1044,15.1044,15.1068,15.1068,15.1074,15.1077,15.1084,15.1084,15.1084,15.1084,15.1084,15.1073,15.1086,15.108,15.1083,15.1081,15.1093,15.1093,15.109,15.1082,15.1082,15.1091,15.1094,15.1096,15.109,15.1109,15.1109,15.1099,15.1105,15.111,15.1122,15.1119,15.1106,15.1101,15.1104,15.1094,15.1084,15.1093,15.1109,15.1109,15.1104,15.1099,15.1099,15.1084,15.1095,15.1106,15.1103,15.1103,15.1103,15.11,15.1096,
Wed Apr 15 2020 16:59:53 GMT-0400 (Eastern Daylight Time)
15.109,15.109,15.1096,15.1096,15.1096,15.1097,15.1099,15.109,15.1094,15.112,15.1116,15.1114,15.111,15.1103,15.1097,15.1099,15.1099,15.1104,15.1108,15.1108,15.111,15.1104,15.1105,15.1116,15.1116,15.1094,15.1099,15.1096,15.1096,15.1093,15.1099,15.1099,15.1099,15.1102,15.1106,15.1112,15.1115,15.1117,15.1112,15.1117,15.1126,15.1109,15.1111,15.1105,15.1109,15.1114,15.1108,15.1108,15.1106,15.1113,15.111,15.1105,15.1105,15.1098,15.1102,15.1099,15.1091,15.1097,15.1088,15.1089,
Wed Apr 15 2020 17:00:53 GMT-0400 (Eastern Daylight Time)
15.1082,15.1095,15.1099,15.1102,15.1099,15.109,15.1086,15.1074,15.1071,15.1065,15.1071,15.1071,15.1068,15.1061,15.1057,15.1057,15.1046,15.1017,15.1017,15.1011,15.1013,15.1012,15.1018,15.1018,15.1018,15.1017,15.102,15.1022,15.1026,15.1029,15.1032,15.1029,15.1029,15.1025,15.1046,15.1046,15.1037,15.1035,15.1033,15.1035,15.1037,15.1039,15.1041,15.1037,15.1037,15.1037,15.1034,15.1034,15.1032,15.103,15.103,15.1033,15.1038,15.1016,15.1012,15.1004,15.0999,15.0994,15.0994,15.0983,
Wed Apr 15 2020 17:01:53 GMT-0400 (Eastern Daylight Time)
15.0976,15.0975,15.097,15.0967,15.0967,15.096,15.096,7.508,7.507,7.509,7.509,7.509,7.509,7.509,7.509,7.509,7.51,7.512,7.509,7.509,7.519,7.519,7.52,7.52,7.522,7.521,7.52,7.525,7.528,7.53,7.53,7.532,7.529,7.525,7.522,7.518,7.518,7.529,7.532,7.552,7.552,7.558,7.564,7.573,7.573,7.568,7.568,7.573,7.577,7.574,7.57,7.572,7.579,7.585,7.585,7.573,7.577,7.559,7.559,7.558,
Wed Apr 15 2020 17:02:53 GMT-0400 (Eastern Daylight Time)
7.56,7.565,7.564,7.564,7.567,7.57,7.563,7.563,7.566,7.568,7.568,7.572,7.574,7.574,7.571,7.569,7.564,7.562,7.562,7.561,7.561,7.564,7.562,7.564,7.568,7.568,7.564,7.581,7.581,7.583,7.585,7.599,7.601,7.599,7.599,7.599,7.59,7.59,7.583,7.583,7.587,7.578,7.578,7.578,7.578,7.584,7.582,7.579,7.575,7.576,7.579,7.579,7.579,7.588,7.588,7.588,7.59,7.596,7.598,7.58,
Wed Apr 15 2020 17:03:53 GMT-0400 (Eastern Daylight Time)
7.578,7.57,7.568,7.564,7.561,7.56,7.56,7.562,7.56,7.56,7.556,7.556,7.556,7.554,7.552,7.547,7.541,7.543,7.539,7.541,7.543,7.541,7.538,7.537,7.538,7.546,7.542,7.542,7.542,7.535,7.531,7.531,7.533,7.534,7.53,7.53,7.511,7.502,7.509,7.512,7.524,7.527,7.532,7.532,7.53,7.527,7.527,7.53,7.532,7.513,7.513,7.511,7.524,7.526,7.523,7.521,7.521,7.518,7.516,7.518,
Wed Apr 15 2020 17:04:53 GMT-0400 (Eastern Daylight Time)
7.523,7.525,7.526,7.528,7.528,7.526,7.531,7.534,7.539,7.541,7.534,7.542,7.543,7.545,7.548,7.546,7.541,7.552,7.554,7.554,7.554,7.57,7.568,7.568,7.571,7.581,7.581,7.583,7.581,7.581,7.577,7.577,7.571,7.571,7.571,7.565,7.565,7.562,7.567,7.567,7.563,7.572,7.574,7.568,7.568,7.576,7.571,7.571,7.573,7.574,7.584,7.59,7.586,7.586,7.586,7.586,7.595,7.592,7.6,7.608,
Wed Apr 15 2020 17:05:53 GMT-0400 (Eastern Daylight Time)
7.605,7.606,7.609,7.604,7.607,7.609,7.609,7.609,7.625,7.625,7.625,7.626,7.628,7.629,7.634,7.634,7.637,7.635,7.636,7.635,7.635,7.639,7.636,7.636,7.63,7.627,7.63,7.636,7.636,7.638,7.638,7.638,7.629,7.624,7.627,7.627,7.63,7.628,7.619,7.622,7.622,7.627,7.635,7.637,7.642,7.644,7.644,7.645,7.645,7.643,7.643,7.648,7.65,7.65,7.64,7.634,7.632,7.636,7.642,7.643,
Wed Apr 15 2020 17:06:53 GMT-0400 (Eastern Daylight Time)
7.643,7.639,7.637,7.637,7.637,7.637,7.639,7.642,7.64,7.64,7.64,7.638,7.641,7.641,7.645,7.643,7.647,7.65,7.655,7.66,7.657,7.661,7.659,7.659,7.667,7.665,7.666,7.663,7.665,7.664,7.662,7.659,7.661,7.667,7.669,7.669,7.671,7.674,7.67,7.648,7.648,7.648,7.648,7.648,7.646,7.646,7.65,7.65,7.654,7.654,7.651,7.644,7.642,7.638,7.636,7.639,7.636,7.634,7.628,7.63,
Wed Apr 15 2020 17:07:53 GMT-0400 (Eastern Daylight Time)
7.63,7.63,7.638,7.638,7.636,7.636,7.632,7.635,7.633,7.635,7.629,7.633,7.633,7.636,7.636,7.649,7.651,7.649,7.652,7.662,7.666,7.664,7.668,7.662,7.664,7.662,7.66,7.666,7.661,7.663,7.663,7.66,7.655,7.655,7.66,7.651,7.649,7.649,7.647,7.647,7.642,7.642,7.649,7.648,7.652,7.652,7.648,7.642,7.644,7.648,7.655,7.659,7.652,7.647,7.652,7.652,7.652,7.646,7.644,7.64,
Wed Apr 15 2020 17:08:53 GMT-0400 (Eastern Daylight Time)
7.64,7.637,7.626,7.628,7.626,7.623,7.614,7.619,7.624,7.621,7.621,7.625,7.625,7.625,7.624,7.623,7.625,7.622,7.615,7.615,7.63,7.63,7.62,7.62,7.614,7.615,7.617,7.623,7.623,7.629,7.623,7.62,7.617,7.619,7.628,7.627,7.635,7.637,7.64,7.643,7.643,7.641,7.632,7.634,7.634,7.632,7.637,7.642,7.658,7.662,7.664,7.664,7.663,7.667,7.672,7.669,7.669,7.672,7.673,7.664,
Wed Apr 15 2020 17:09:53 GMT-0400 (Eastern Daylight Time)
7.664,7.66,7.658,7.651,7.648,7.65,7.648,7.647,7.658,7.658,7.655,7.651,7.653,7.653,7.649,7.655,7.657,7.642,7.64,7.633,7.631,7.626,7.618,7.62,7.62,7.619,7.612,7.61,7.609,7.631,7.636,7.633,7.636,7.634,7.633,7.638,7.638,7.641,7.642,7.648,7.648,7.648,7.653,7.655,7.661,7.658,7.644,7.644,7.641,7.641,7.641,7.643,7.643,7.64,7.641,7.645,7.649,7.651,7.651,7.644,
Wed Apr 15 2020 17:10:53 GMT-0400 (Eastern Daylight Time)
7.646,7.641,7.637,7.635,7.632,7.626,7.621,7.619,7.619,7.619,7.62,7.62,7.617,7.614,7.619,7.621,7.621,7.622,7.627,7.629,7.629,7.625,7.633,7.624,7.626,7.621,7.627,7.627,7.627,7.625,7.628,7.626,7.626,7.624,7.622,7.624,7.62,7.619,7.628,7.63,7.632,7.639,7.639,7.639,7.643,7.64,7.638,7.645,7.655,7.655,7.645,7.647,7.647,7.636,7.64,7.64,7.638,7.638,7.638,7.637,
Wed Apr 15 2020 17:11:53 GMT-0400 (Eastern Daylight Time)
7.634,7.638,7.633,7.636,7.639,7.639,7.645,7.647,7.65,7.648,7.648,7.641,7.644,7.652,7.648,7.646,7.659,7.659,7.66,7.662,7.662,7.663,7.659,7.655,7.651,7.653,7.651,7.651,7.648,7.641,7.643,7.647,7.643,7.641,7.643,7.643,7.635,7.624,7.619,7.624,7.624,7.624,7.627,7.629,7.629,7.629,7.63,7.633,7.633,7.633,7.638,7.64,7.641,7.641,7.64,7.642,7.644,7.642,7.643,7.645,
Wed Apr 15 2020 17:12:53 GMT-0400 (Eastern Daylight Time)
7.645,7.644,7.644,7.646,7.642,7.642,7.634,7.634,7.634,7.636,7.628,7.628,7.628,7.627,7.629,7.627,7.627,7.625,7.631,7.628,7.628,7.628,7.628,7.619,7.612,7.612,7.626,7.623,7.623,7.61,7.619,7.619,7.619,7.621,7.623,7.623,7.628,7.623,7.627,7.63,7.634,7.636,7.638,7.638,7.63,7.623,7.625,7.625,7.625,7.621,7.618,7.621,7.622,7.62,7.614,7.612,7.607,7.607,7.607,7.62,
Wed Apr 15 2020 17:13:53 GMT-0400 (Eastern Daylight Time)
7.62,7.62,7.624,7.624,7.633,7.633,7.63,7.63,7.628,7.628,7.619,7.615,7.611,7.611,7.616,7.615,7.62,7.62,7.615,7.618,7.619,7.612,7.61,7.612,7.614,7.614,7.622,7.622,7.624,7.624,7.626,7.631,7.631,7.638,7.634,7.634,7.636,7.643,7.645,7.639,7.641,7.634,7.632,7.638,7.637,7.633,7.626,7.624,7.624,7.624,7.626,7.626,7.624,7.622,7.622,7.622,7.618,7.616,7.619,7.621,
Wed Apr 15 2020 17:14:53 GMT-0400 (Eastern Daylight Time)
7.616,7.61,7.607,7.61,7.607,7.604,7.607,7.607,7.62,7.621,7.618,7.616,7.616,7.616,7.615,7.615,7.621,7.633,7.635,7.633,7.639,7.642,7.641,7.638,7.638,7.639,7.644,7.64,7.638,7.638,7.634,7.64,7.637,7.637,7.634,7.636,7.636,7.634,7.632,7.627,7.627,7.627,7.626,7.628,7.622,7.624,7.626,7.634,7.634,7.637,7.636,7.639,7.639,7.636,7.629,7.629,7.628,7.625,7.621,7.616,
Wed Apr 15 2020 17:15:53 GMT-0400 (Eastern Daylight Time)
7.616,7.621,7.623,7.625,7.614,7.618,7.616,7.614,7.625,7.625,7.622,7.624,7.623,7.617,7.617,7.612,7.614,7.619,7.617,7.618,7.618,7.61,7.613,7.614,7.614,7.614,7.614,7.614,7.618,7.618,7.616,7.626,7.618,7.618,7.62,7.612,7.612,7.612,7.622,7.61,7.605,7.603,7.603,7.61,7.606,7.604,7.6,7.602,7.602,7.602,7.603,7.624,7.624,7.622,7.62,7.613,7.614,7.612,7.609,7.607,
Wed Apr 15 2020 17:16:53 GMT-0400 (Eastern Daylight Time)
7.603,7.603,7.603,7.605,7.605,7.603,7.602,7.606,7.608,7.604,7.605,7.613,7.609,7.608,7.611,7.616,7.619,7.619,7.622,7.625,7.621,7.621,7.617,7.632,7.626,7.628,7.62,7.622,7.625,7.63,7.618,7.619,7.619,7.619,7.618,7.614,7.614,7.612,7.612,7.612,7.612,7.61,7.61,7.611,7.611,7.611,7.613,7.617,7.62,7.62,7.617,7.619,7.617,7.612,7.612,7.615,7.617,7.62,7.622,7.624,
Wed Apr 15 2020 17:17:53 GMT-0400 (Eastern Daylight Time)
7.612,7.612,7.606,7.604,7.606,7.603,7.603,7.6,7.6,7.602,7.596,7.595,7.595,7.593,7.59,7.591,7.596,7.598,7.6,7.595,7.593,7.593,7.593,7.593,7.587,7.585,7.582,7.582,7.584,7.584,7.58,7.582,7.58,7.579,7.579,7.579,7.56,7.56,7.56,7.559,7.559,7.559,7.557,7.55,7.55,7.552,7.556,7.56,7.576,7.58,7.58,7.574,7.589,7.591,7.599,7.594,7.597,7.593,7.59,7.575,
Wed Apr 15 2020 17:18:53 GMT-0400 (Eastern Daylight Time)
7.575,7.576,7.574,7.576,7.575,7.577,7.579,7.573,7.573,7.573,7.575,7.571,7.569,7.553,7.562,7.556,7.556,7.553,7.555,7.557,7.555,7.557,7.557,7.575,7.566,7.563,7.563,7.566,7.566,7.568,7.567,7.555,7.561,7.561,7.561,7.564,7.564,7.547,7.561,7.556,7.559,7.57,7.548,7.551,7.545,7.542,7.544,7.546,7.547,7.55,7.549,7.547,7.547,7.547,7.546,7.546,7.55,7.548,7.566,7.559,
Wed Apr 15 2020 17:21:53 GMT-0400 (Eastern Daylight Time)
7.561,7.548,7.548,7.529,7.531,7.525,7.528,7.526,7.526,7.526,7.522,7.53,7.527,7.527,7.525,7.527,7.529,7.531,7.531,7.533,7.53,7.529,7.527,7.525,7.535,7.534,7.532,7.52,7.514,7.527,7.525,7.521,7.524,7.514,7.52,7.511,7.511,7.511,7.513,7.513,7.516,7.515,7.517,7.519,7.516,7.516,7.514,7.507,7.511,7.507,7.51,7.502,7.504,7.508,7.508,7.506,7.511,7.51,7.514,7.508,
Wed Apr 15 2020 17:22:53 GMT-0400 (Eastern Daylight Time)
7.508,7.51,7.503,7.502,7.5,7.5,7.5,7.503,7.503,7.509,7.506,7.504,7.495,7.495,7.514,7.514,7.511,7.511,7.508,7.505,7.505,7.505,7.506,7.503,7.511,7.511,7.508,7.509,7.509,7.512,7.513,7.514,7.514,7.512,7.512,7.532,7.535,7.541,7.539,7.535,7.538,7.536,7.532,7.54,7.539,7.546,7.554,7.554,7.551,7.542,7.544,7.535,7.537,7.535,7.535,7.538,7.546,7.546,7.548,7.539,
Wed Apr 15 2020 17:23:53 GMT-0400 (Eastern Daylight Time)
7.542,7.541,7.538,7.535,7.533,7.532,7.523,7.523,7.52,7.517,7.513,7.518,7.513,7.516,7.518,7.514,7.516,7.514,7.515,7.515,7.513,7.513,7.513,7.51,7.518,7.522,7.522,7.522,7.521,7.523,7.523,7.523,7.522,7.522,7.518,7.518,7.52,7.518,7.515,7.513,7.51,7.512,7.52,7.523,7.521,7.519,7.518,7.516,7.509,7.499,7.497,7.491,7.48,7.482,7.482,7.482,7.482,7.48,7.482,7.486,
Wed Apr 15 2020 17:24:55 GMT-0400 (Eastern Daylight Time)
7.486,7.486,7.488,7.493,7.493,7.495,7.493,7.495,7.508,7.511,7.514,7.514,7.53,7.534,7.543,7.547,7.549,7.549,7.541,7.541,7.541,7.543,7.546,7.542,7.544,7.542,7.541,7.554,7.552,7.552,7.55,7.55,7.548,7.545,7.546,7.547,7.545,7.542,7.547,7.547,7.543,7.541,7.536,7.538,7.536,7.536,7.536,7.533,7.533,7.541,7.545,7.542,7.546,7.544,7.544,7.544,7.55,7.546,7.546,7.546,
Wed Apr 15 2020 17:25:53 GMT-0400 (Eastern Daylight Time)
7.542,7.54,7.54,7.548,7.546,7.544,7.549,7.546,7.544,7.541,7.536,7.535,7.531,7.535,7.537,7.537,7.537,7.534,7.534,7.534,7.532,7.532,7.532,7.535,7.534,7.544,7.541,7.545,7.546,7.545,7.545,7.548,7.543,7.543,7.545,7.545,7.559,7.559,7.55,7.55,7.532,7.53,7.523,7.523,7.525,7.523,7.523,7.52,7.518,7.519,7.522,7.519,7.524,7.521,7.521,7.52,7.517,7.515,7.514,7.514,
Wed Apr 15 2020 17:26:53 GMT-0400 (Eastern Daylight Time)
7.517,7.519,7.521,7.521,7.51,7.51,7.512,7.512,7.512,7.512,7.512,7.512,7.514,7.511,7.511,7.508,7.502,7.498,7.498,7.503,7.507,7.504,7.499,7.501,7.509,7.509,7.512,7.515,7.507,7.508,7.506,7.51,7.514,7.512,7.514,7.501,7.503,7.503,7.5,7.507,7.51,7.512,7.512,7.509,7.519,7.514,7.514,7.511,7.512,7.512,7.516,7.52,7.517,7.516,7.516,7.516,7.521,7.504,7.506,7.506,
Wed Apr 15 2020 17:27:53 GMT-0400 (Eastern Daylight Time)
7.504,7.504,7.51,7.512,7.51,7.51,7.497,7.495,7.495,7.499,7.497,7.497,7.502,7.507,7.505,7.5,7.505,7.502,7.502,7.493,7.492,7.485,7.485,7.485,7.485,7.485,7.483,7.482,7.463,7.463,7.466,7.462,7.462,7.467,7.467,7.469,7.467,7.467,7.464,7.465,7.465,7.459,7.46,7.462,7.462,7.455,7.451,7.453,7.453,7.454,7.459,7.446,7.442,7.443,7.444,7.429,7.429,7.433,7.433,7.436,
Wed Apr 15 2020 17:28:53 GMT-0400 (Eastern Daylight Time)
7.43,7.43,7.423,7.419,7.419,7.41,7.416,7.416,7.396,7.401,7.401,7.405,7.403,7.4,7.398,7.397,7.395,7.397,7.396,7.394,7.405,7.404,7.404,7.402,7.411,7.405,7.405,7.402,7.4,7.4,7.397,7.395,7.398,7.399,7.397,7.398,7.397,7.394,7.394,7.402,7.402,7.399,7.402,7.404,7.399,7.39,7.388,7.392,7.393,7.391,7.396,7.395,7.392,7.386,7.382,7.384,7.386,7.389,7.391,7.401,
Wed Apr 15 2020 17:29:53 GMT-0400 (Eastern Daylight Time)
7.399,7.399,7.399,7.401,7.409,7.409,7.413,7.413,7.414,7.414,7.411,7.406,7.406,7.415,7.418,7.416,7.424,7.424,7.421,7.421,7.416,7.413,7.422,7.422,7.422,7.422,7.42,7.421,7.418,7.416,7.416,7.418,7.417,7.415,7.418,7.415,7.415,7.414,7.414,7.412,7.415,7.41,7.417,7.417,7.413,7.419,7.422,7.426,7.424,7.421,7.421,7.421,7.418,7.418,7.42,7.406,7.408,7.404,7.404,7.404,
Wed Apr 15 2020 17:30:53 GMT-0400 (Eastern Daylight Time)
7.409,7.411,7.415,7.413,7.416,7.408,7.407,7.409,7.407,7.411,7.411,7.412,7.408,7.428,7.432,7.425,7.425,7.428,7.426,7.426,7.447,7.447,7.443,7.443,7.445,7.443,7.438,7.444,7.445,7.442,7.442,7.45,7.446,7.446,7.443,7.443,7.45,7.453,7.445,7.445,7.447,7.448,7.456,7.451,7.449,7.448,7.446,7.448,7.45,7.452,7.447,7.444,7.439,7.448,7.46,7.46,7.455,7.45,7.448,7.448,
Wed Apr 15 2020 17:31:53 GMT-0400 (Eastern Daylight Time)
7.453,7.457,7.457,7.46,7.462,7.46,7.457,7.456,7.454,7.454,7.471,7.471,7.466,7.466,7.463,7.464,7.461,7.461,7.461,7.461,7.468,7.472,7.48,7.48,7.48,7.472,7.467,7.467,7.485,7.485,7.488,7.485,7.49,7.486,7.486,7.482,7.482,7.48,7.481,7.476,7.478,7.481,7.485,7.482,7.485,7.487,7.487,7.483,7.483,7.48,7.472,7.475,7.475,7.475,7.479,7.479,7.479,7.476,7.47,7.47,
Wed Apr 15 2020 17:32:53 GMT-0400 (Eastern Daylight Time)
7.466,7.465,7.464,7.464,7.46,7.464,7.464,7.468,7.468,7.469,7.469,7.471,7.471,7.471,7.481,7.484,7.482,7.486,7.486,7.49,7.489,7.488,7.487,7.486,7.473,7.476,7.476,7.478,7.478,7.483,7.485,7.483,7.483,7.48,7.492,7.493,7.493,7.489,7.49,7.492,7.492,7.49,7.49,7.487,7.487,7.491,7.491,7.491,7.491,7.491,7.491,7.491,7.495,7.495,7.497,7.498,7.496,7.503,7.494,7.494,
Wed Apr 15 2020 17:33:53 GMT-0400 (Eastern Daylight Time)
7.489,7.489,7.489,7.489,7.489,7.49,7.482,7.484,7.482,7.478,7.479,7.479,7.471,7.473,7.473,7.47,7.47,7.468,7.455,7.463,7.455,7.458,7.453,7.453,7.453,7.454,7.452,7.454,7.454,7.463,7.467,7.465,7.465,7.459,7.452,7.449,7.449,7.451,7.459,7.456,7.456,7.451,7.448,7.451,7.471,7.483,7.48,7.473,7.473,7.468,7.478,7.482,7.484,7.489,7.49,7.488,7.489,7.489,7.493,7.492,
Wed Apr 15 2020 17:34:53 GMT-0400 (Eastern Daylight Time)
7.492,7.492,7.494,7.494,7.494,7.501,7.503,7.501,7.505,7.505,7.503,7.505,7.505,7.507,7.509,7.507,7.507,7.512,7.514,7.511,7.511,7.513,7.513,7.508,7.509,7.509,7.509,7.505,7.505,7.5,7.5,7.5,7.493,7.493,7.498,7.501,7.501,7.5,7.497,7.497,7.497,7.497,7.494,7.495,7.498,7.499,7.499,7.503,7.501,7.495,7.495,7.495,7.482,7.482,7.482,7.485,7.48,7.48,7.47,7.466,
Wed Apr 15 2020 17:35:53 GMT-0400 (Eastern Daylight Time)
7.466,7.461,7.461,7.461,7.461,7.461,7.459,7.459,7.463,7.457,7.457,7.457,7.454,7.455,7.455,7.459,7.459,7.453,7.46,7.456,7.462,7.46,7.447,7.447,7.452,7.452,7.452,7.45,7.452,7.46,7.466,7.482,7.477,7.473,7.475,7.479,7.472,7.464,7.466,7.466,7.466,7.469,7.454,7.454,7.449,7.446,7.448,7.449,7.46,7.467,7.467,7.464,7.464,7.464,7.459,7.457,7.457,7.458,7.46,7.461,
Wed Apr 15 2020 17:36:53 GMT-0400 (Eastern Daylight Time)
7.462,7.467,7.472,7.473,7.471,7.471,7.476,7.474,7.474,7.475,7.48,7.474,7.476,7.48,7.48,7.48,7.483,7.479,7.477,7.479,7.479,7.474,7.476,7.478,7.483,7.481,7.488,7.485,7.483,7.486,7.488,7.489,7.504,7.5,7.498,7.5,7.5,7.506,7.502,7.496,7.504,7.501,7.503,7.505,7.497,7.499,7.504,7.501,7.495,7.495,7.503,7.503,7.51,7.512,7.516,7.521,7.523,7.517,7.517,7.522,
Wed Apr 15 2020 17:37:53 GMT-0400 (Eastern Daylight Time)
7.524,7.524,7.522,7.525,7.527,7.523,7.523,7.523,7.529,7.532,7.538,7.538,7.538,7.538,7.53,7.527,7.522,7.524,7.526,7.526,7.531,7.532,7.537,7.532,7.532,7.53,7.53,7.536,7.536,7.538,7.538,7.535,7.542,7.542,7.542,7.534,7.537,7.544,7.547,7.543,7.543,7.545,7.547,7.547,7.547,7.549,7.548,7.552,7.554,7.556,7.539,7.533,7.533,7.537,7.538,7.563,7.563,7.563,7.565,7.569,
Wed Apr 15 2020 17:38:53 GMT-0400 (Eastern Daylight Time)
7.565,7.565,7.565,7.558,7.558,7.555,7.557,7.554,7.557,7.558,7.56,7.558,7.555,7.557,7.562,7.557,7.56,7.56,7.56,7.562,7.562,7.565,7.563,7.563,7.563,7.572,7.569,7.567,7.563,7.563,7.565,7.565,7.565,7.567,7.568,7.564,7.567,7.57,7.568,7.568,7.568,7.57,7.571,7.575,7.578,7.578,7.579,7.579,7.579,7.582,7.584,7.605,7.608,7.614,7.611,7.615,7.612,7.615,7.603,7.607,
Wed Apr 15 2020 17:39:53 GMT-0400 (Eastern Daylight Time)
7.612,7.609,7.611,7.607,7.604,7.607,7.6,7.596,7.599,7.602,7.602,7.61,7.612,7.615,7.611,7.611,7.617,7.619,7.619,7.624,7.627,7.625,7.623,7.622,7.622,7.626,7.622,7.621,7.621,7.616,7.613,7.611,7.606,7.606,7.607,7.605,7.605,7.616,7.618,7.621,7.621,7.623,7.623,7.621,7.623,7.621,7.63,7.63,7.636,7.633,7.633,7.633,7.635,7.636,7.636,7.636,7.633,7.635,7.635,7.633,
Wed Apr 15 2020 17:40:53 GMT-0400 (Eastern Daylight Time)
7.633,7.635,7.641,7.633,7.633,7.633,7.631,7.631,7.628,7.628,7.633,7.631,7.631,7.629,7.627,7.628,7.628,7.628,7.625,7.627,7.628,7.63,7.627,7.625,7.623,7.626,7.627,7.639,7.635,7.634,7.631,7.63,7.63,7.63,7.629,7.631,7.631,7.631,7.631,7.63,7.632,7.639,7.641,7.642,7.64,7.637,7.643,7.638,7.638,7.639,7.637,7.637,7.631,7.631,7.638,7.636,7.636,7.633,7.624,7.626,
Wed Apr 15 2020 17:41:53 GMT-0400 (Eastern Daylight Time)
7.626,7.626,7.63,7.63,7.63,7.628,7.626,7.626,7.626,7.626,7.621,7.618,7.618,7.624,7.619,7.622,7.62,7.618,7.623,7.631,7.634,7.634,7.637,7.635,7.632,7.637,7.63,7.638,7.64,7.64,7.645,7.651,7.647,7.647,7.653,7.655,7.639,7.642,7.637,7.634,7.632,7.629,7.625,7.617,7.62,7.614,7.614,7.614,7.614,7.61,7.612,7.621,7.624,7.624,7.624,7.624,7.619,7.617,7.626,7.62,
Wed Apr 15 2020 17:42:53 GMT-0400 (Eastern Daylight Time)
7.618,7.612,7.61,7.61,7.61,7.608,7.606,7.61,7.61,7.61,7.606,7.606,7.6,7.598,7.601,7.601,7.601,7.59,7.593,7.598,7.598,7.6,7.611,7.611,7.608,7.613,7.615,7.613,7.613,7.608,7.606,7.602,7.601,7.605,7.607,7.602,7.605,7.607,7.61,7.614,7.612,7.612,7.623,7.62,7.625,7.625,7.627,7.627,7.625,7.633,7.651,7.644,7.636,7.633,7.627,7.627,7.631,7.631,7.633,7.633,
Wed Apr 15 2020 17:43:53 GMT-0400 (Eastern Daylight Time)
7.633,7.635,7.646,7.648,7.65,7.654,7.652,7.653,7.657,7.661,7.663,7.665,7.651,7.643,7.643,7.643,7.646,7.644,7.638,7.636,7.636,7.639,7.641,7.635,7.635,7.639,7.636,7.638,7.638,7.638,7.644,7.642,7.648,7.646,7.644,7.642,7.642,7.642,7.652,7.65,7.65,7.648,7.646,7.644,7.655,7.655,7.65,7.647,7.647,7.651,7.654,7.656,7.656,7.654,7.664,7.664,7.663,7.661,7.663,7.667,
Wed Apr 15 2020 17:44:53 GMT-0400 (Eastern Daylight Time)
7.667,7.667,7.663,7.663,7.664,7.666,7.667,7.666,7.672,7.666,7.665,7.665,7.665,7.668,7.67,7.665,7.665,7.658,7.66,7.654,7.654,7.654,7.651,7.643,7.641,7.641,7.646,7.646,7.644,7.644,7.649,7.645,7.647,7.643,7.645,7.641,7.641,7.653,7.672,7.675,7.678,7.686,7.686,7.688,7.684,7.679,7.677,7.671,7.673,7.679,7.677,7.677,7.681,7.679,7.681,7.686,7.684,7.684,7.686,7.683,
Wed Apr 15 2020 17:45:53 GMT-0400 (Eastern Daylight Time)
7.683,7.674,7.68,7.673,7.671,7.671,7.654,7.655,7.656,7.653,7.642,7.642,7.64,7.639,7.655,7.659,7.655,7.655,7.642,7.642,7.646,7.651,7.649,7.645,7.65,7.651,7.648,7.644,7.644,7.63,7.632,7.642,7.642,7.646,7.627,7.627,7.622,7.623,7.623,7.627,7.629,7.619,7.613,7.611,7.608,7.611,7.614,7.618,7.618,7.619,7.628,7.628,7.63,7.625,7.625,7.635,7.638,7.64,7.64,7.638,
Wed Apr 15 2020 17:46:53 GMT-0400 (Eastern Daylight Time)
7.64,7.642,7.646,7.644,7.644,7.641,7.627,7.624,7.624,7.63,7.63,7.623,7.625,7.623,7.628,7.628,7.626,7.62,7.62,7.614,7.616,7.616,7.609,7.607,7.605,7.603,7.603,7.605,7.608,7.61,7.61,7.61,7.612,7.61,7.611,7.611,7.603,7.609,7.617,7.61,7.61,7.61,7.613,7.604,7.606,7.605,7.598,7.605,7.61,7.616,7.618,7.619,7.62,7.622,7.624,7.624,7.626,7.625,7.628,7.627,
Wed Apr 15 2020 17:47:53 GMT-0400 (Eastern Daylight Time)
7.626,7.626,7.624,7.626,7.626,7.629,7.631,7.629,7.63,7.63,7.624,7.63,7.626,7.63,7.634,7.634,7.634,7.628,7.63,7.632,7.632,7.629,7.631,7.629,7.622,7.623,7.623,7.618,7.618,7.615,7.618,7.618,7.611,7.611,7.611,7.604,7.604,7.604,7.606,7.606,7.617,7.62,7.62,7.617,7.617,7.617,7.617,7.608,7.61,7.608,7.613,7.616,7.616,7.616,7.614,7.613,7.613,7.61,7.612,7.611,
Wed Apr 15 2020 17:48:53 GMT-0400 (Eastern Daylight Time)
7.611,7.616,7.616,7.614,7.614,7.621,7.621,7.613,7.613,7.6,7.6,7.6,7.603,7.601,7.598,7.589,7.589,7.587,7.581,7.574,7.58,7.58,7.587,7.599,7.597,7.594,7.594,7.592,7.592,7.594,7.6,7.597,7.595,7.595,7.595,7.6,7.605,7.605,7.605,7.599,7.599,7.595,7.59,7.589,7.589,7.589,7.597,7.597,7.595,7.587,7.586,7.579,7.578,7.581,7.581,7.586,7.58,7.578,7.581,7.577,
Wed Apr 15 2020 17:49:53 GMT-0400 (Eastern Daylight Time)
7.575,7.58,7.582,7.597,7.597,7.599,7.592,7.587,7.587,7.591,7.591,7.591,7.602,7.6,7.597,7.581,7.577,7.577,7.57,7.575,7.577,7.579,7.579,7.579,7.576,7.576,7.576,7.569,7.561,7.555,7.555,7.551,7.554,7.545,7.543,7.538,7.54,7.537,7.533,7.535,7.535,7.535,7.533,7.533,7.535,7.529,7.526,7.539,7.54,7.54,7.542,7.551,7.554,7.557,7.559,7.563,7.565,7.563,7.573,7.57,
Wed Apr 15 2020 17:50:53 GMT-0400 (Eastern Daylight Time)
7.562,7.562,7.56,7.56,7.568,7.57,7.572,7.585,7.587,7.576,7.578,7.576,7.578,7.578,7.578,7.58,7.576,7.587,7.589,7.589,7.602,7.605,7.606,7.606,7.607,7.604,7.587,7.588,7.588,7.59,7.583,7.583,7.583,7.58,7.583,7.581,7.581,7.583,7.581,7.575,7.573,7.576,7.574,7.574,7.575,7.582,7.578,7.583,7.582,7.578,7.578,7.576,7.576,7.58,7.582,7.592,7.596,7.598,7.6,7.603,
Wed Apr 15 2020 17:51:53 GMT-0400 (Eastern Daylight Time)
7.613,7.61,7.61,7.612,7.612,7.612,7.612,7.608,7.608,7.614,7.614,7.595,7.6,7.598,7.599,7.599,7.599,7.599,7.6,7.603,7.602,7.604,7.601,7.595,7.598,7.594,7.589,7.589,7.591,7.589,7.591,7.59,7.592,7.596,7.598,7.592,7.597,7.597,7.599,7.598,7.594,7.591,7.589,7.587,7.588,7.596,7.592,7.592,7.592,7.6,7.6,7.597,7.599,7.597,7.597,7.594,7.594,7.598,7.601,7.601,
Wed Apr 15 2020 17:52:53 GMT-0400 (Eastern Daylight Time)
7.595,7.595,7.598,7.6,7.602,7.606,7.607,7.603,7.603,7.603,7.603,7.606,7.617,7.617,7.62,7.62,7.605,7.605,7.602,7.6,7.601,7.601,7.598,7.602,7.604,7.601,7.607,7.609,7.61,7.612,7.614,7.616,7.614,7.612,7.611,7.611,7.616,7.614,7.619,7.619,7.615,7.617,7.619,7.625,7.625,7.625,7.625,7.628,7.628,7.63,7.627,7.629,7.631,7.631,7.636,7.63,7.614,7.61,7.608,7.608,
Wed Apr 15 2020 17:53:53 GMT-0400 (Eastern Daylight Time)
7.603,7.601,7.613,7.618,7.62,7.622,7.622,7.62,7.625,7.625,7.622,7.62,7.618,7.618,7.618,7.62,7.618,7.626,7.626,7.631,7.633,7.636,7.64,7.643,7.643,7.638,7.638,7.638,7.638,7.636,7.632,7.631,7.635,7.622,7.622,7.625,7.631,7.623,7.628,7.628,7.623,7.623,7.625,7.628,7.637,7.639,7.639,7.638,7.64,7.637,7.618,7.625,7.629,7.629,7.629,7.636,7.633,7.633,7.633,7.636,
Wed Apr 15 2020 17:54:53 GMT-0400 (Eastern Daylight Time)
7.633,7.634,7.634,7.634,7.631,7.633,7.635,7.633,7.632,7.632,7.633,7.627,7.629,7.629,7.629,7.635,7.639,7.641,7.641,7.643,7.641,7.641,7.647,7.647,7.647,7.65,7.65,7.648,7.651,7.651,7.653,7.66,7.662,7.656,7.654,7.656,7.654,7.654,7.66,7.658,7.66,7.662,7.662,7.663,7.666,7.666,7.668,7.661,7.663,7.655,7.666,7.671,7.671,7.674,7.672,7.665,7.663,7.661,7.658,7.663,
Wed Apr 15 2020 17:55:53 GMT-0400 (Eastern Daylight Time)
7.667,7.666,7.666,7.673,7.671,7.671,7.669,7.681,7.681,7.681,7.687,7.687,7.685,7.683,7.687,7.69,7.687,7.687,7.693,7.684,7.683,7.683,7.679,7.684,7.695,7.697,7.708,7.701,7.706,7.709,7.711,7.706,7.706,7.702,7.7,7.7,7.702,7.7,7.703,7.701,7.703,7.7,7.701,7.701,7.699,7.697,7.701,7.701,7.701,7.701,7.698,7.701,7.703,7.694,7.683,7.683,7.69,7.699,7.701,7.701,
Wed Apr 15 2020 17:56:53 GMT-0400 (Eastern Daylight Time)
7.701,7.703,7.705,7.702,7.706,7.706,7.706,7.704,7.692,7.692,7.692,7.692,7.679,7.677,7.677,7.675,7.67,7.67,7.67,7.662,7.662,7.661,7.661,7.652,7.654,7.654,7.653,7.648,7.648,7.649,7.649,7.658,7.658,7.656,7.661,7.664,7.675,7.667,7.666,7.671,7.669,7.669,7.669,7.661,7.666,7.666,7.668,7.668,7.672,7.674,7.674,7.672,7.67,7.668,7.668,7.672,7.672,7.67,7.672,7.678,
Wed Apr 15 2020 17:57:53 GMT-0400 (Eastern Daylight Time)
7.682,7.682,7.682,7.684,7.682,7.679,7.683,7.672,7.672,7.666,7.66,7.661,7.655,7.655,7.655,7.655,7.663,7.672,7.669,7.671,7.684,7.681,7.682,7.685,7.689,7.703,7.699,7.694,7.702,7.702,7.704,7.7,7.699,7.701,7.701,7.699,7.7,7.696,7.696,7.693,7.695,7.692,7.688,7.686,7.686,7.679,7.681,7.679,7.675,7.672,7.685,7.685,7.693,7.694,7.694,7.694,7.694,7.692,7.694,7.694,
Wed Apr 15 2020 17:58:53 GMT-0400 (Eastern Daylight Time)
7.691,7.687,7.687,7.674,7.676,7.675,7.679,7.679,7.674,7.669,7.666,7.664,7.677,7.675,7.678,7.673,7.671,7.667,7.667,7.667,7.667,7.667,7.674,7.681,7.682,7.682,7.678,7.678,7.684,7.68,7.68,7.672,7.675,7.671,7.671,7.677,7.679,7.676,7.673,7.657,7.663,7.665,7.664,7.667,7.659,7.656,7.656,7.658,7.661,7.661,7.667,7.665,7.663,7.663,7.662,7.664,7.669,7.669,7.669,7.668,
Wed Apr 15 2020 17:59:53 GMT-0400 (Eastern Daylight Time)
7.668,7.66,7.658,7.658,7.658,7.649,7.649,7.646,7.644,7.647,7.65,7.65,7.652,7.652,7.644,7.647,7.65,7.65,7.65,7.65,7.652,7.65,7.652,7.652,7.652,7.652,7.649,7.647,7.65,7.653,7.653,7.653,7.65,7.652,7.654,7.654,7.646,7.646,7.647,7.647,7.649,7.635,7.635,7.633,7.631,7.628,7.626,7.624,7.621,7.623,7.623,7.626,7.618,7.621,7.623,7.627,7.629,7.633,7.633,7.634,
Wed Apr 15 2020 18:00:53 GMT-0400 (Eastern Daylight Time)
7.634,7.635,7.64,7.645,7.643,7.649,7.649,7.649,7.649,7.649,7.651,7.656,7.66,7.66,7.678,7.678,7.675,7.663,7.658,7.658,7.66,7.673,7.678,7.673,7.669,7.663,7.665,7.661,7.67,7.672,7.672,7.677,7.679,7.679,7.681,7.681,7.681,7.681,7.681,7.681,7.695,7.693,7.697,7.699,7.702,7.701,7.699,7.699,7.701,7.699,7.701,7.701,7.705,7.706,7.699,7.7,7.698,7.7,7.7,7.7,
Wed Apr 15 2020 18:01:54 GMT-0400 (Eastern Daylight Time)
7.696,7.698,7.7,7.7,7.697,7.699,7.704,7.704,7.693,7.696,7.694,7.694,7.694,7.696,7.695,7.691,7.702,7.702,7.697,7.7,7.7,7.701,7.709,7.709,7.698,7.703,7.705,7.689,7.687,7.689,7.691,7.686,7.705,7.695,7.695,7.695,7.695,7.693,7.693,7.69,7.695,7.69,7.69,7.69,7.688,7.668,7.666,7.668,7.672,7.672,7.672,7.673,7.674,7.674,7.678,7.686,7.69,7.69,7.685,7.68,
Wed Apr 15 2020 18:02:53 GMT-0400 (Eastern Daylight Time)
7.685,7.685,7.685,7.68,7.682,7.681,7.681,7.676,7.674,7.669,7.673,7.673,7.67,7.672,7.674,7.672,7.673,7.675,7.683,7.68,7.678,7.676,7.676,7.676,7.672,7.679,7.677,7.671,7.671,7.666,7.673,7.673,7.671,7.673,7.673,7.676,7.676,7.671,7.673,7.676,7.675,7.673,7.676,7.673,7.669,7.669,7.673,7.671,7.67,7.675,7.673,7.676,7.677,7.672,7.673,7.669,7.68,7.663,7.668,7.659,
Wed Apr 15 2020 18:03:53 GMT-0400 (Eastern Daylight Time)
7.653,7.653,7.657,7.659,7.658,7.655,7.655,7.644,7.652,7.648,7.645,7.645,7.642,7.64,7.637,7.632,7.63,7.628,7.628,7.626,7.625,7.623,7.629,7.63,7.624,7.641,7.638,7.646,7.641,7.641,7.64,7.636,7.634,7.634,7.632,7.638,7.638,7.636,7.631,7.631,7.639,7.644,7.635,7.635,7.633,7.633,7.633,7.639,7.635,7.632,7.621,7.621,7.633,7.636,7.633,7.635,7.635,7.639,7.642,7.642,
Wed Apr 15 2020 18:04:54 GMT-0400 (Eastern Daylight Time)
7.638,7.636,7.641,7.638,7.636,7.634,7.632,7.635,7.629,7.629,7.629,7.607,7.606,7.604,7.602,7.599,7.597,7.599,7.597,7.599,7.601,7.599,7.601,7.603,7.607,7.608,7.608,7.608,7.603,7.601,7.602,7.615,7.62,7.62,7.617,7.617,7.617,7.617,7.619,7.619,7.619,7.618,7.618,7.623,7.626,7.627,7.629,7.635,7.64,7.64,7.646,7.647,7.646,7.649,7.647,7.644,7.642,7.645,7.642,7.634,
Wed Apr 15 2020 18:05:53 GMT-0400 (Eastern Daylight Time)
7.634,7.632,7.629,7.623,7.623,7.621,7.62,7.619,7.617,7.619,7.619,7.623,7.629,7.631,7.625,7.625,7.623,7.625,7.627,7.627,7.629,7.631,7.631,7.631,7.625,7.629,7.633,7.636,7.633,7.636,7.646,7.644,7.646,7.646,7.651,7.651,7.646,7.646,7.646,7.643,7.643,7.636,7.639,7.645,7.648,7.638,7.64,7.64,7.63,7.636,7.634,7.63,7.631,7.633,7.629,7.629,7.629,7.629,7.629,7.629,
Wed Apr 15 2020 18:06:53 GMT-0400 (Eastern Daylight Time)
7.62,7.615,7.617,7.612,7.61,7.601,7.604,7.605,7.605,7.59,7.588,7.585,7.585,7.583,7.583,7.586,7.586,7.581,7.581,7.581,7.581,7.583,7.587,7.586,7.591,7.602,7.602,7.595,7.59,7.592,7.59,7.584,7.586,7.582,7.578,7.58,7.582,7.582,7.582,7.58,7.587,7.594,7.596,7.598,7.6,7.597,7.599,7.604,7.6,7.603,7.604,7.606,7.606,7.606,7.608,7.616,7.618,7.614,7.614,7.623,
Wed Apr 15 2020 18:07:53 GMT-0400 (Eastern Daylight Time)
7.626,7.626,7.622,7.624,7.622,7.618,7.62,7.622,7.628,7.628,7.642,7.642,7.639,7.636,7.633,7.631,7.629,7.626,7.626,7.626,7.62,7.623,7.623,7.623,7.622,7.615,7.614,7.614,7.619,7.622,7.619,7.621,7.617,7.631,7.634,7.632,7.632,7.62,7.62,7.618,7.62,7.617,7.621,7.616,7.616,7.621,7.621,7.623,7.625,7.626,7.628,7.622,7.62,7.619,7.619,7.619,7.624,7.625,7.631,7.633,
Wed Apr 15 2020 18:08:53 GMT-0400 (Eastern Daylight Time)
7.637,7.635,7.639,7.639,7.637,7.641,7.645,7.645,7.645,7.647,7.649,7.653,7.653,7.645,7.651,7.655,7.655,7.655,7.664,7.666,7.663,7.668,7.658,7.659,7.654,7.662,7.662,7.662,7.664,7.672,7.68,7.68,7.673,7.67,7.672,7.671,7.671,7.671,7.671,7.671,7.671,7.671,7.665,7.646,7.651,7.665,7.662,7.656,7.656,7.664,7.66,7.661,7.663,7.666,7.668,7.671,7.669,7.671,7.671,7.673,
Wed Apr 15 2020 18:09:53 GMT-0400 (Eastern Daylight Time)
7.676,7.671,7.671,7.666,7.662,7.658,7.655,7.656,7.656,7.651,7.653,7.66,7.655,7.653,7.653,7.649,7.654,7.649,7.646,7.646,7.648,7.658,7.66,7.662,7.667,7.67,7.67,7.674,7.677,7.677,7.681,7.679,7.684,7.68,7.677,7.667,7.667,7.655,7.653,7.653,7.653,7.65,7.646,7.645,7.645,7.644,7.646,7.643,7.651,7.649,7.649,7.651,7.655,7.659,7.656,7.661,7.664,7.666,7.663,7.667,
Wed Apr 15 2020 18:10:53 GMT-0400 (Eastern Daylight Time)
7.667,7.669,7.664,7.664,7.664,7.661,7.659,7.656,7.654,7.669,7.669,7.669,7.664,7.658,7.661,7.663,7.667,7.665,7.665,7.667,7.672,7.669,7.671,7.665,7.663,7.665,7.663,7.663,7.654,7.659,7.661,7.66,7.662,7.66,7.661,7.657,7.657,7.662,7.668,7.666,7.669,7.667,7.667,7.666,7.668,7.668,7.668,7.666,7.666,7.662,7.662,7.667,7.667,7.676,7.678,7.676,7.676,7.672,7.664,7.666,
Wed Apr 15 2020 18:11:53 GMT-0400 (Eastern Daylight Time)
7.668,7.665,7.665,7.665,7.669,7.672,7.665,7.664,7.666,7.665,7.667,7.665,7.665,7.667,7.663,7.663,7.674,7.666,7.668,7.67,7.671,7.671,7.669,7.665,7.665,7.66,7.663,7.672,7.672,7.685,7.69,7.701,7.699,7.694,7.701,7.701,7.697,7.701,7.708,7.716,7.716,7.719,7.719,7.715,7.715,7.712,7.712,7.717,7.713,7.711,7.712,7.712,7.705,7.707,7.703,7.692,7.69,7.689,7.69,7.69,
Wed Apr 15 2020 18:13:53 GMT-0400 (Eastern Daylight Time)
7.698,7.726,7.725,7.73,7.725,7.729,7.733,7.733,7.737,7.735,7.742,7.745,7.745,7.75,7.752,7.749,7.751,7.753,7.751,7.753,7.755,7.753,7.753,7.755,7.752,7.752,7.752,7.752,7.75,7.759,7.759,7.745,7.75,7.754,7.755,7.752,7.754,7.756,7.75,7.75,7.75,7.75,7.748,7.735,7.732,7.734,7.726,7.726,7.723,7.721,7.721,7.714,7.717,7.717,7.712,7.717,7.719,7.716,7.721,7.72,
Wed Apr 15 2020 18:14:53 GMT-0400 (Eastern Daylight Time)
7.721,7.722,7.722,7.727,7.724,7.721,7.723,7.723,7.728,7.724,7.726,7.73,7.741,7.741,7.745,7.734,7.732,7.729,7.729,7.733,7.737,7.732,7.73,7.728,7.725,7.72,7.72,7.716,7.719,7.715,7.711,7.713,7.711,7.711,7.711,7.709,7.711,7.707,7.702,7.701,7.701,7.698,7.698,7.704,7.699,7.703,7.705,7.705,7.701,7.71,7.71,7.71,7.696,7.703,7.701,7.697,7.692,7.698,7.7,7.692,
Wed Apr 15 2020 18:15:53 GMT-0400 (Eastern Daylight Time)
7.694,7.699,7.697,7.697,7.696,7.696,7.696,7.698,7.698,7.698,7.701,7.701,7.701,7.698,7.7,7.702,7.703,7.698,7.7,7.692,7.692,7.689,7.689,7.689,7.689,7.686,7.686,7.681,7.681,7.676,7.676,7.671,7.673,7.67,7.667,7.667,7.665,7.663,7.666,7.671,7.673,7.669,7.67,7.67,7.675,7.677,7.677,7.683,7.683,7.685,7.696,7.698,7.706,7.703,7.701,7.703,7.701,7.698,7.705,7.705,
Wed Apr 15 2020 18:16:53 GMT-0400 (Eastern Daylight Time)
7.705,7.708,7.712,7.712,7.714,7.71,7.709,7.714,7.714,7.716,7.722,7.717,7.717,7.72,7.72,7.717,7.715,7.722,7.732,7.735,7.741,7.745,7.746,7.746,7.745,7.745,7.737,7.739,7.739,7.74,7.738,7.738,7.739,7.738,7.738,7.734,7.733,7.731,7.729,7.731,7.729,7.724,7.721,7.723,7.718,7.715,7.713,7.716,7.718,7.708,7.708,7.71,7.71,7.714,7.71,7.712,7.711,7.711,7.714,7.714,
Wed Apr 15 2020 18:17:53 GMT-0400 (Eastern Daylight Time)
7.716,7.716,7.718,7.715,7.713,7.706,7.694,7.703,7.705,7.707,7.706,7.706,7.706,7.702,7.696,7.696,7.696,7.698,7.698,7.7,7.697,7.699,7.695,7.694,7.694,7.695,7.695,7.698,7.696,7.698,7.687,7.68,7.677,7.679,7.678,7.68,7.681,7.681,7.677,7.679,7.679,7.677,7.681,7.683,7.681,7.681,7.683,7.69,7.686,7.687,7.681,7.686,7.688,7.688,7.691,7.691,7.691,7.691,7.689,7.689,
Wed Apr 15 2020 18:18:53 GMT-0400 (Eastern Daylight Time)
7.687,7.675,7.673,7.671,7.669,7.669,7.656,7.656,7.66,7.66,7.659,7.659,7.666,7.668,7.67,7.673,7.669,7.666,7.664,7.662,7.661,7.661,7.66,7.669,7.678,7.678,7.679,7.679,7.68,7.68,7.669,7.671,7.669,7.668,7.674,7.674,7.671,7.668,7.666,7.666,7.666,7.666,7.673,7.67,7.672,7.672,7.666,7.664,7.663,7.663,7.673,7.676,7.668,7.668,7.665,7.668,7.67,7.67,7.67,7.667,
Wed Apr 15 2020 18:19:53 GMT-0400 (Eastern Daylight Time)
7.664,7.664,7.662,7.661,7.653,7.651,7.654,7.653,7.65,7.65,7.642,7.642,7.648,7.646,7.646,7.643,7.64,7.64,7.646,7.658,7.659,7.657,7.66,7.656,7.654,7.654,7.653,7.651,7.649,7.651,7.644,7.644,7.642,7.64,7.64,7.638,7.638,7.645,7.641,7.639,7.639,7.639,7.637,7.64,7.64,7.641,7.641,7.637,7.635,7.639,7.641,7.638,7.635,7.635,7.637,7.633,7.631,7.635,7.64,7.642,
Wed Apr 15 2020 18:20:53 GMT-0400 (Eastern Daylight Time)
7.642,7.644,7.654,7.651,7.653,7.653,7.649,7.649,7.649,7.651,7.649,7.644,7.644,7.644,7.648,7.648,7.654,7.654,7.659,7.649,7.647,7.649,7.647,7.647,7.653,7.653,7.653,7.656,7.656,7.652,7.643,7.646,7.649,7.647,7.647,7.652,7.652,7.654,7.657,7.655,7.653,7.658,7.662,7.662,7.668,7.666,7.668,7.665,7.658,7.658,7.656,7.653,7.653,7.653,7.655,7.655,7.654,7.654,7.665,7.664,
Wed Apr 15 2020 18:21:53 GMT-0400 (Eastern Daylight Time)
7.66,7.663,7.661,7.659,7.652,7.655,7.661,7.668,7.668,7.669,7.672,7.676,7.672,7.663,7.666,7.655,7.655,7.657,7.662,7.664,7.666,7.651,7.649,7.649,7.65,7.65,7.652,7.652,7.65,7.65,7.646,7.65,7.65,7.65,7.648,7.646,7.633,7.637,7.625,7.623,7.62,7.619,7.621,7.619,7.614,7.612,7.616,7.614,7.614,7.611,7.61,7.609,7.61,7.61,7.61,7.61,7.61,7.613,7.62,7.62,
Wed Apr 15 2020 18:22:53 GMT-0400 (Eastern Daylight Time)
7.624,7.619,7.613,7.604,7.601,7.598,7.596,7.593,7.59,7.582,7.582,7.587,7.588,7.586,7.581,7.581,7.579,7.577,7.577,7.582,7.579,7.579,7.579,7.579,7.579,7.573,7.571,7.571,7.574,7.565,7.567,7.564,7.564,7.564,7.567,7.569,7.581,7.584,7.584,7.586,7.589,7.592,7.597,7.594,7.596,7.598,7.598,7.598,7.596,7.594,7.587,7.586,7.584,7.587,7.591,7.592,7.59,7.587,7.583,7.6,
Wed Apr 15 2020 18:23:53 GMT-0400 (Eastern Daylight Time)
7.598,7.6,7.6,7.597,7.6,7.601,7.601,7.607,7.607,7.605,7.609,7.606,7.606,7.606,7.608,7.606,7.606,7.607,7.598,7.601,7.607,7.608,7.6,7.601,7.599,7.592,7.588,7.588,7.592,7.592,7.591,7.591,7.585,7.585,7.587,7.585,7.586,7.579,7.578,7.582,7.582,7.579,7.582,7.592,7.594,7.6,7.6,7.596,7.596,7.6,7.598,7.599,7.599,7.593,7.593,7.593,7.592,7.592,7.596,7.597,
Wed Apr 15 2020 18:24:53 GMT-0400 (Eastern Daylight Time)
7.595,7.598,7.602,7.605,7.601,7.605,7.598,7.602,7.604,7.602,7.6,7.601,7.599,7.59,7.59,7.592,7.608,7.61,7.607,7.607,7.61,7.612,7.612,7.612,7.617,7.617,7.611,7.609,7.618,7.615,7.612,7.615,7.617,7.621,7.621,7.621,7.616,7.624,7.627,7.63,7.63,7.636,7.636,7.634,7.634,7.634,7.634,7.632,7.634,7.636,7.634,7.632,7.63,7.63,7.628,7.628,7.632,7.632,7.632,7.636,
Wed Apr 15 2020 18:25:53 GMT-0400 (Eastern Daylight Time)
7.632,7.638,7.638,7.644,7.644,7.64,7.647,7.647,7.653,7.655,7.663,7.662,7.666,7.663,7.665,7.672,7.669,7.672,7.673,7.673,7.667,7.67,7.682,7.684,7.679,7.676,7.676,7.674,7.671,7.681,7.684,7.68,7.68,7.669,7.666,7.666,7.669,7.66,7.656,7.658,7.664,7.66,7.658,7.659,7.659,7.666,7.664,7.664,7.658,7.658,7.655,7.661,7.661,7.659,7.659,7.657,7.659,7.66,7.67,7.671,
Wed Apr 15 2020 18:26:53 GMT-0400 (Eastern Daylight Time)
7.671,7.67,7.67,7.668,7.668,7.681,7.678,7.674,7.67,7.683,7.683,7.684,7.689,7.689,7.687,7.686,7.683,7.683,7.685,7.686,7.688,7.688,7.691,7.689,7.688,7.684,7.681,7.68,7.68,7.681,7.681,7.678,7.675,7.673,7.673,7.678,7.681,7.683,7.681,7.677,7.671,7.671,7.669,7.669,7.666,7.67,7.67,7.672,7.673,7.679,7.679,7.676,7.674,7.676,7.676,7.679,7.682,7.677,7.673,7.676,
Wed Apr 15 2020 18:27:53 GMT-0400 (Eastern Daylight Time)
7.677,7.673,7.673,7.673,7.672,7.667,7.667,7.68,7.678,7.68,7.679,7.679,7.679,7.683,7.685,7.677,7.68,7.68,7.682,7.68,7.681,7.679,7.675,7.67,7.675,7.675,7.665,7.667,7.671,7.666,7.666,7.664,7.663,7.663,7.661,7.663,7.663,7.658,7.67,7.681,7.677,7.675,7.669,7.672,7.672,7.667,7.665,7.661,7.664,7.662,7.659,7.66,7.658,7.661,7.664,7.663,7.663,7.665,7.668,7.67,
Wed Apr 15 2020 18:28:53 GMT-0400 (Eastern Daylight Time)
7.675,7.673,7.666,7.663,7.665,7.665,7.667,7.673,7.673,7.677,7.675,7.68,7.677,7.675,7.682,7.681,7.681,7.681,7.679,7.679,7.678,7.679,7.679,7.68,7.68,7.68,7.682,7.682,7.681,7.681,7.693,7.693,7.688,7.685,7.691,7.695,7.689,7.687,7.685,7.685,7.693,7.689,7.688,7.692,7.69,7.692,7.693,7.689,7.677,7.677,7.67,7.668,7.664,7.661,7.657,7.653,7.652,7.65,7.649,7.649,
Wed Apr 15 2020 18:29:53 GMT-0400 (Eastern Daylight Time)
7.649,7.649,7.644,7.647,7.645,7.642,7.642,7.642,7.644,7.644,7.641,7.631,7.63,7.632,7.634,7.632,7.632,7.636,7.634,7.632,7.635,7.63,7.627,7.643,7.642,7.644,7.644,7.642,7.647,7.649,7.649,7.645,7.648,7.642,7.644,7.644,7.645,7.637,7.638,7.641,7.643,7.64,7.637,7.637,7.637,7.637,7.631,7.626,7.618,7.62,7.628,7.63,7.631,7.631,7.616,7.609,7.609,7.611,7.611,7.608,
Wed Apr 15 2020 18:30:53 GMT-0400 (Eastern Daylight Time)
7.607,7.609,7.606,7.6,7.599,7.59,7.587,7.589,7.591,7.591,7.593,7.598,7.598,7.596,7.593,7.596,7.599,7.603,7.601,7.601,7.605,7.608,7.608,7.604,7.603,7.6,7.596,7.597,7.6,7.603,7.603,7.603,7.595,7.6,7.604,7.61,7.607,7.607,7.603,7.598,7.593,7.593,7.591,7.586,7.583,7.589,7.591,7.587,7.587,7.583,7.585,7.574,7.573,7.576,7.576,7.577,7.577,7.574,7.571,7.568,
Wed Apr 15 2020 18:31:53 GMT-0400 (Eastern Daylight Time)
7.566,7.562,7.562,7.558,7.562,7.559,7.557,7.556,7.558,7.553,7.56,7.56,7.557,7.552,7.543,7.539,7.539,7.54,7.535,7.535,7.535,7.535,7.535,7.537,7.534,7.534,7.532,7.533,7.53,7.532,7.534,7.529,7.529,7.531,7.528,7.528,7.529,7.527,7.534,7.539,7.542,7.541,7.543,7.539,7.539,7.545,7.549,7.547,7.543,7.547,7.551,7.544,7.536,7.536,7.543,7.548,7.556,7.546,7.545,7.549,
Wed Apr 15 2020 18:32:53 GMT-0400 (Eastern Daylight Time)
7.547,7.545,7.547,7.548,7.551,7.551,7.548,7.546,7.542,7.544,7.544,7.546,7.537,7.546,7.541,7.541,7.54,7.553,7.55,7.552,7.554,7.548,7.546,7.544,7.544,7.542,7.542,7.539,7.535,7.537,7.539,7.534,7.537,7.537,7.538,7.543,7.534,7.534,7.533,7.536,7.536,7.524,7.528,7.524,7.525,7.531,7.526,7.511,7.511,7.51,7.517,7.529,7.542,7.537,7.54,7.537,7.539,7.542,7.547,7.546,
Wed Apr 15 2020 18:33:53 GMT-0400 (Eastern Daylight Time)
7.549,7.552,7.554,7.55,7.551,7.551,7.55,7.551,7.535,7.541,7.539,7.539,7.539,7.539,7.531,7.525,7.523,7.532,7.532,7.539,7.539,7.548,7.548,7.549,7.549,7.55,7.55,7.557,7.557,7.537,7.531,7.533,7.537,7.539,7.541,7.548,7.546,7.549,7.552,7.55,7.547,7.548,7.548,7.563,7.563,7.561,7.559,7.559,7.563,7.563,7.563,7.566,7.56,7.557,7.556,7.556,7.555,7.541,7.543,7.552,
Wed Apr 15 2020 18:34:53 GMT-0400 (Eastern Daylight Time)
7.55,7.544,7.542,7.542,7.542,7.541,7.541,7.534,7.532,7.53,7.53,7.534,7.532,7.536,7.534,7.537,7.542,7.537,7.542,7.54,7.542,7.542,7.545,7.542,7.542,7.542,7.542,7.555,7.557,7.556,7.545,7.54,7.537,7.537,7.536,7.54,7.548,7.548,7.552,7.552,7.549,7.536,7.536,7.53,7.531,7.535,7.535,7.535,7.535,7.529,7.531,7.531,7.528,7.526,7.528,7.526,7.53,7.533,7.531,7.533,
Wed Apr 15 2020 18:35:53 GMT-0400 (Eastern Daylight Time)
7.535,7.539,7.536,7.534,7.536,7.533,7.535,7.527,7.527,7.527,7.527,7.528,7.526,7.528,7.532,7.527,7.53,7.527,7.548,7.543,7.54,7.54,7.54,7.54,7.54,7.547,7.547,7.555,7.552,7.54,7.542,7.542,7.535,7.54,7.536,7.538,7.526,7.53,7.53,7.54,7.545,7.54,7.54,7.544,7.541,7.545,7.545,7.537,7.533,7.53,7.53,7.53,7.532,7.526,7.524,7.524,7.522,7.524,7.522,7.522,
Wed Apr 15 2020 18:36:53 GMT-0400 (Eastern Daylight Time)
7.524,7.524,7.525,7.525,7.52,7.519,7.521,7.521,7.521,7.518,7.515,7.521,7.531,7.527,7.53,7.53,7.528,7.529,7.531,7.535,7.532,7.529,7.529,7.533,7.527,7.525,7.527,7.527,7.515,7.517,7.515,7.513,7.507,7.526,7.526,7.524,7.52,7.518,7.518,7.518,7.518,7.508,7.511,7.519,7.513,7.513,7.506,7.504,7.515,7.511,7.519,7.524,7.524,7.52,7.522,7.522,7.515,7.515,7.518,7.516,
Wed Apr 15 2020 18:37:53 GMT-0400 (Eastern Daylight Time)
7.528,7.53,7.528,7.523,7.528,7.528,7.528,7.522,7.517,7.515,7.515,7.506,7.498,7.502,7.502,7.498,7.498,7.499,7.5,7.498,7.5,7.498,7.498,7.498,7.508,7.511,7.513,7.516,7.518,7.521,7.519,7.521,7.524,7.526,7.526,7.522,7.521,7.522,7.522,7.525,7.517,7.512,7.512,7.514,7.501,7.505,7.501,7.503,7.502,7.497,7.499,7.491,7.491,7.488,7.492,7.49,7.497,7.495,7.495,7.497,
Wed Apr 15 2020 18:38:53 GMT-0400 (Eastern Daylight Time)
7.499,7.499,7.501,7.512,7.512,7.514,7.518,7.515,7.518,7.518,7.52,7.526,7.53,7.539,7.536,7.535,7.535,7.537,7.52,7.515,7.515,7.516,7.516,7.516,7.507,7.511,7.511,7.513,7.511,7.515,7.518,7.506,7.503,7.493,7.494,7.491,7.491,7.491,7.491,7.479,7.475,7.475,7.475,7.462,7.466,7.467,7.468,7.469,7.467,7.467,7.469,7.465,7.456,7.452,7.452,7.45,7.45,7.451,7.451,7.453,
