Fri Apr 17 2020 04:57:55 GMT-0400 (Eastern Daylight Time)
15.3223,15.3233,15.3233,15.3233,15.3222,15.3217,15.3222,15.3222,15.3225,15.3232,15.3232,15.3231,15.3231,15.3234,15.3231,15.3231,15.324,15.3225,15.3227,15.3225,15.3225,15.3228,15.3224,15.3224,15.3226,15.3234,15.3231,15.3233,15.3226,15.3226,15.3222,15.3196,15.3196,15.3197,15.3197,15.3195,15.3195,15.3195,15.3192,15.3198,15.3196,15.3203,15.3207,15.32,15.32,15.3194,15.3192,15.3188,15.3188,15.3184,15.3188,15.3191,15.3184,15.3178,15.3186,15.3199,15.3204,15.3198,15.3194,15.3194,
Fri Apr 17 2020 04:58:55 GMT-0400 (Eastern Daylight Time)
15.3192,15.319,15.3194,15.3194,15.3217,15.3224,15.3228,15.3232,15.3232,15.3235,15.3237,15.3241,15.3231,15.3223,15.3227,15.3227,15.3228,15.3227,15.3222,15.3227,15.3227,15.3213,15.3209,15.3205,15.3205,15.3202,15.3205,15.3208,15.3214,15.3219,15.3222,15.3219,15.3217,15.3227,15.3227,15.3233,15.3233,15.3233,15.3236,15.323,15.3237,15.3237,15.3239,15.3258,15.3261,15.3264,15.3267,15.3262,15.3262,15.3261,15.3258,15.3251,15.3255,15.3255,15.3249,15.3249,15.3245,15.3231,15.3231,15.3234,
Fri Apr 17 2020 04:59:55 GMT-0400 (Eastern Daylight Time)
15.3225,15.3232,15.3232,15.3227,15.3227,15.3223,15.3223,15.3232,15.3232,15.3229,15.3231,15.3231,15.3231,15.3226,15.323,15.323,15.323,15.3223,15.3223,15.3223,15.3225,15.322,15.3218,15.3216,15.3213,15.3202,15.3205,15.3213,15.3209,15.3211,15.3208,15.3208,15.3209,15.3206,15.3201,15.3212,15.3209,15.3209,15.3205,15.3205,15.3201,15.3187,15.3187,15.3187,15.3189,15.3185,15.3188,15.3183,15.3183,15.3151,15.3154,15.3149,15.3168,15.3166,15.3163,15.3163,15.3152,15.3154,15.3157,15.3157,
Fri Apr 17 2020 05:00:56 GMT-0400 (Eastern Daylight Time)
15.3157,15.317,15.317,15.317,15.3166,15.3161,15.3157,15.3155,15.3155,15.3161,15.3157,15.3159,15.3159,15.316,15.3155,15.3155,15.3139,15.3138,15.3142,15.3145,15.3148,15.3141,15.3136,15.3138,15.3138,15.3136,15.3136,15.3136,15.3136,15.3133,15.313,15.3127,15.3125,15.3128,15.3112,15.3109,15.3107,15.3107,15.3115,15.3115,15.3115,15.3112,15.3112,15.3104,15.3101,15.3092,15.308,15.3077,15.3079,15.3079,15.308,15.3083,15.3083,15.3091,15.3096,15.3096,15.3093,15.3119,15.3125,15.3125,
Fri Apr 17 2020 05:01:56 GMT-0400 (Eastern Daylight Time)
15.3125,15.3133,15.3137,15.3137,15.3137,15.3138,15.3141,15.3141,15.3137,15.3137,15.3146,15.3128,15.313,15.3128,15.3128,15.3127,15.3133,15.3129,15.3132,15.3127,15.3127,15.3136,15.3142,15.3132,15.3135,15.3135,15.3125,15.3132,15.3132,15.3135,15.3142,15.3144,15.3149,15.314,15.314,15.314,15.3144,15.3154,15.3158,15.3163,15.3158,15.3153,15.3165,15.3165,15.3166,15.3161,15.315,15.315,15.3142,15.3126,15.3121,15.3121,15.3114,15.312,15.3125,15.3127,15.3119,15.3121,15.3123,15.3123,
Fri Apr 17 2020 05:02:56 GMT-0400 (Eastern Daylight Time)
15.3122,15.3127,15.3132,15.3132,15.3132,15.3132,15.3143,15.3143,15.3139,15.3132,15.313,15.313,15.3129,15.3109,15.3106,15.3111,15.3107,15.3107,15.3103,15.3099,15.3096,15.3093,15.3085,15.3082,15.3076,15.3076,15.3048,15.3048,15.3043,15.3043,15.3044,15.3044,15.3048,15.3042,15.3045,15.3045,15.3049,15.3052,15.3059,15.3056,15.306,15.3066,15.3081,15.3081,15.3085,15.3085,15.3085,15.3093,15.3091,15.3099,15.3097,15.3097,15.3094,15.3094,15.3097,15.3093,15.3099,15.3099,15.3065,15.3068,
Fri Apr 17 2020 05:03:55 GMT-0400 (Eastern Daylight Time)
15.3073,15.307,15.307,15.307,15.307,15.3086,15.309,15.3084,15.308,15.3074,15.3065,15.3065,15.308,15.3082,15.3079,15.3073,15.3075,15.3077,15.3084,15.3082,15.3082,15.3077,15.3071,15.3087,15.309,15.3087,15.3082,15.3089,15.3087,15.3085,15.3094,15.3091,15.3091,15.3097,15.3111,15.3109,15.3109,15.3111,15.3107,15.3109,15.3109,15.3096,15.3093,15.3095,15.3095,15.3095,15.3102,15.3105,15.3114,15.3114,15.312,15.3112,15.3109,15.3109,15.3102,15.3109,15.3104,15.3107,15.3104,15.3107,
Fri Apr 17 2020 05:04:56 GMT-0400 (Eastern Daylight Time)
15.3113,15.3112,15.3108,15.3112,15.3085,15.3085,15.3086,15.3088,15.3097,15.3094,15.3091,15.3091,15.3095,15.3097,15.3101,15.3097,15.31,15.31,15.3075,15.3066,15.3063,15.306,15.3066,15.3064,15.3064,15.3083,15.308,15.307,15.306,15.3063,15.3066,15.3069,15.3066,15.3064,15.3058,15.3061,15.3048,15.306,15.3066,15.307,15.307,15.3075,15.3069,15.3072,15.3066,15.3072,15.3068,15.307,15.307,15.307,15.3069,15.3061,15.3061,15.3067,15.3061,15.3064,15.3064,15.3059,15.3053,15.3053,
Fri Apr 17 2020 05:05:56 GMT-0400 (Eastern Daylight Time)
15.3046,15.3049,15.3043,15.3045,15.3054,15.3054,15.3051,15.3048,15.3048,15.3048,15.3046,15.3026,15.3026,15.3023,15.3027,15.3025,15.3028,15.3026,15.3028,15.3028,15.3031,15.3031,15.3036,15.3036,15.3037,15.3033,15.3036,15.3036,15.3041,15.3047,15.3054,15.3054,15.3054,15.3057,15.3057,15.305,15.3054,15.3049,15.3049,15.3049,15.3046,15.3043,15.3044,15.3042,15.3027,15.3027,15.303,15.3027,15.3023,15.302,15.3023,15.3037,15.3034,15.3036,15.3042,15.3045,15.3048,15.3048,15.3048,15.3042,
Fri Apr 17 2020 05:06:56 GMT-0400 (Eastern Daylight Time)
15.3038,15.3025,15.3028,15.3028,15.3033,15.3038,15.3042,15.3046,15.3054,15.3054,15.3054,15.3051,15.3049,15.3049,15.3058,15.3053,15.3053,15.3053,15.3058,15.3051,15.3054,15.3051,15.3044,15.3046,15.3046,15.3051,15.3067,15.3067,15.3063,15.3063,15.3071,15.3071,15.307,15.3065,15.3065,15.3044,15.3042,15.3034,15.3032,15.3031,15.3022,15.3016,15.3016,15.3008,15.3008,15.301,15.3019,15.3017,15.3017,15.3017,15.3029,15.3032,15.3032,15.3027,15.3021,15.3021,15.3021,15.3017,15.3013,15.3009,
Fri Apr 17 2020 05:07:55 GMT-0400 (Eastern Daylight Time)
15.3014,15.301,15.3012,15.3006,15.3006,15.3005,15.2999,15.301,15.3007,15.3007,15.3017,15.3011,15.3004,15.3009,15.3006,15.3003,15.3006,15.3004,15.3012,15.3009,15.3015,15.3015,15.3002,15.2999,15.3004,15.3004,15.3014,15.302,15.3011,15.3011,15.3015,15.3012,15.3014,15.3018,15.3012,15.3021,15.3017,15.3012,15.3027,15.3027,15.3027,15.3027,15.3032,15.3029,15.3029,15.3025,15.3022,15.3026,15.3026,15.3017,15.3025,15.3029,15.3029,15.3021,15.3016,15.3016,15.3021,15.3025,15.3025,15.3028,
Fri Apr 17 2020 05:08:55 GMT-0400 (Eastern Daylight Time)
15.303,15.303,15.3006,15.3004,15.3,15.3003,15.2995,15.2989,15.2993,15.2984,15.2979,15.2988,15.2988,15.2983,15.2983,15.2986,15.2986,15.2974,15.2969,15.2964,15.2968,15.2968,15.297,15.2967,15.297,15.2973,15.2977,15.298,15.2984,15.2986,15.2983,15.2995,15.2992,15.2992,15.2991,15.2986,15.2983,15.2983,15.2978,15.2982,15.2992,15.2992,15.2994,15.2985,15.2985,15.2985,15.2989,15.2988,15.2988,15.2984,15.298,15.2984,15.2984,15.2974,15.2974,15.2969,15.2969,15.2972,15.2971,15.2964,
Fri Apr 17 2020 05:09:56 GMT-0400 (Eastern Daylight Time)
15.2965,15.2971,15.2971,15.2964,15.2964,15.2967,15.2954,15.2958,15.2956,15.2959,15.2962,15.2956,15.2959,15.2959,15.2987,15.2992,15.2986,15.2986,15.299,15.2986,15.2986,15.2961,15.2961,15.2959,15.2965,15.2965,15.2968,15.2962,15.2968,15.2964,15.2971,15.2968,15.2968,15.2968,15.2958,15.2961,15.2936,15.2936,15.2924,15.2921,15.2921,15.2951,15.2956,15.2939,15.2935,15.2929,15.2941,15.2938,15.2933,15.2933,15.2933,15.2921,15.2921,15.2943,15.2945,15.2954,15.2957,15.2954,15.2954,15.2957,
Fri Apr 17 2020 05:10:56 GMT-0400 (Eastern Daylight Time)
15.2961,15.2964,15.2964,15.2964,15.2952,15.2952,15.2949,15.2953,15.2946,15.2943,15.2943,15.2932,15.2935,15.293,15.2936,15.2939,15.2939,15.2942,15.2939,15.2922,15.2918,15.2918,15.2914,15.2919,15.2919,15.2914,15.2914,15.2906,15.291,15.291,15.2912,15.2917,15.2922,15.2944,15.2944,15.2944,15.294,15.2952,15.294,15.2942,15.294,15.2935,15.2933,15.2929,15.2929,15.2932,15.2936,15.2938,15.2943,15.2942,15.2947,15.2943,15.2947,15.2928,15.2934,15.2931,15.2931,15.2928,15.2928,15.2924,
Fri Apr 17 2020 05:11:56 GMT-0400 (Eastern Daylight Time)
15.2932,15.2932,15.293,15.293,15.2925,15.2925,15.2928,15.2931,15.2927,15.2927,15.2927,15.2912,15.2915,15.2915,15.2915,15.2919,15.2919,15.2921,15.2924,15.2919,15.2915,15.2907,15.2909,15.2914,15.292,15.2913,15.2907,15.2902,15.2907,15.2904,15.2901,15.2905,15.2897,15.2899,15.2899,15.2906,15.2912,15.2915,15.2912,15.2922,15.2913,15.291,15.291,15.2917,15.2921,15.2919,15.2919,15.2916,15.2935,15.2935,15.2926,15.2927,15.2924,15.2909,15.2909,15.2915,15.2915,15.2922,15.2919,15.2918,
Fri Apr 17 2020 05:12:56 GMT-0400 (Eastern Daylight Time)
15.2921,15.2921,15.2921,15.2921,15.2921,15.2921,15.2918,15.2914,15.2911,15.2908,15.29,15.2903,15.2911,15.2912,15.2912,15.2897,15.2902,15.2904,15.2904,15.2909,15.2904,15.2904,15.2901,15.291,15.2915,15.2913,15.2913,15.2916,15.2893,15.289,15.2894,15.2874,15.2871,15.2871,15.2868,15.2874,15.2874,15.2881,15.2878,15.2871,15.2871,15.2871,15.2885,15.2878,15.2883,15.2883,15.2892,15.2888,15.2888,15.2889,15.2889,15.2892,15.289,15.2889,15.2892,15.2892,15.2889,15.2887,15.288,15.2885,
Fri Apr 17 2020 05:13:56 GMT-0400 (Eastern Daylight Time)
15.2885,15.2859,15.2859,15.286,15.2855,15.2858,15.2854,15.2848,15.2838,15.2836,15.2843,15.2835,15.284,15.2842,15.2855,15.2855,15.2855,15.2858,15.2858,15.2867,15.2863,15.2857,15.2852,15.2853,15.2856,15.2851,15.2851,15.2851,15.2851,15.2851,15.2842,15.2847,15.2844,15.2838,15.2838,15.2835,15.2838,15.2836,15.2833,15.2838,15.2832,15.2829,15.2832,15.2836,15.283,15.2828,15.2828,15.2831,15.2827,15.2832,15.283,15.2827,15.2831,15.2835,15.2831,15.2825,15.2829,15.2815,15.2815,15.2819,
Fri Apr 17 2020 05:14:56 GMT-0400 (Eastern Daylight Time)
15.2822,15.2817,15.2822,15.2827,15.2819,15.2798,15.2798,15.2801,15.2791,15.2794,15.2797,15.2799,15.2799,15.2802,15.2806,15.2812,15.2809,15.2806,15.2804,15.2801,15.2808,15.2812,15.2819,15.2796,15.2792,15.2792,15.2788,15.2789,15.2789,15.28,15.28,15.2809,15.2809,15.282,15.2824,15.2822,15.2814,15.2817,15.2821,15.2825,15.2831,15.2828,15.2825,15.2805,15.2805,15.2801,15.2801,15.2805,15.2799,15.2799,15.2798,15.2781,15.2781,15.2781,15.2776,15.2782,15.2782,15.2782,15.2782,15.2782,
Fri Apr 17 2020 05:15:56 GMT-0400 (Eastern Daylight Time)
15.2782,15.278,15.278,15.278,15.2782,15.2782,15.2783,15.2792,15.2805,15.2823,15.2823,15.283,15.2833,15.2835,15.2832,15.2835,15.2847,15.2844,15.2844,15.285,15.285,15.285,15.285,15.285,15.2855,15.2855,15.2861,15.2865,15.2865,15.2865,15.2869,15.2849,15.2846,15.2846,15.2846,15.2857,15.2859,15.2867,15.2867,15.2872,15.2874,15.2877,15.2873,15.2875,15.2872,15.2872,15.286,15.286,15.2861,15.2861,15.2859,15.2851,15.2858,15.2857,15.2857,15.2852,15.2855,15.2836,15.2841,15.2841,
Fri Apr 17 2020 05:16:56 GMT-0400 (Eastern Daylight Time)
15.2843,15.2843,15.2843,15.286,15.286,15.2854,15.2849,15.2841,15.284,15.2843,15.2843,15.2844,15.2841,15.2836,15.2828,15.2834,15.2834,15.2849,15.2851,15.2847,15.2842,15.2842,15.2834,15.2832,15.2837,15.2831,15.2837,15.284,15.2844,15.284,15.2819,15.2826,15.2804,15.2804,15.2808,15.2808,15.2814,15.2815,15.2818,15.2815,15.2811,15.2811,15.2811,15.2815,15.2816,15.2819,15.2834,15.2834,15.2814,15.281,15.281,15.281,15.2809,15.2803,15.2803,15.2794,15.2796,15.2796,15.2793,15.2794,
Fri Apr 17 2020 05:17:56 GMT-0400 (Eastern Daylight Time)
15.2794,15.2797,15.2791,15.2791,15.2818,15.2844,15.2841,15.2841,15.2852,15.2862,15.2862,15.2868,15.2868,15.286,15.2864,15.2867,15.287,15.2873,15.2873,15.2867,15.2863,15.2859,15.2859,15.2856,15.2865,15.2867,15.2862,15.2868,15.2869,15.2878,15.2875,15.2875,15.2875,15.2875,15.2871,15.2871,15.2841,15.2844,15.285,15.2846,15.2844,15.285,15.2852,15.2849,15.2859,15.2859,15.2856,15.285,15.2869,15.2869,15.2869,15.286,15.286,15.2865,15.2871,15.2874,15.2878,15.2875,15.2875,15.2875,
Fri Apr 17 2020 05:18:56 GMT-0400 (Eastern Daylight Time)
15.2875,15.287,15.287,15.2877,15.2877,15.2872,15.2878,15.2878,15.2877,15.2869,15.2871,15.2868,15.2865,15.2873,15.2873,15.2875,15.2849,15.2849,15.2849,15.2865,15.2869,15.2869,15.2867,15.2873,15.286,15.286,15.2863,15.287,15.2871,15.2868,15.2875,15.2872,15.2886,15.2889,15.2852,15.285,15.2851,15.2851,15.2851,15.2851,15.2849,15.2837,15.2837,15.2835,15.2838,15.2846,15.2852,15.2863,15.2853,15.2851,15.2851,15.2851,15.2827,15.2827,15.2831,15.2833,15.284,15.2846,15.2858,15.286,
Fri Apr 17 2020 05:19:56 GMT-0400 (Eastern Daylight Time)
15.2865,15.2863,15.2863,15.2867,15.2867,15.2865,15.2857,15.2855,15.2847,15.285,15.2843,15.2856,15.2856,15.2852,15.2846,15.286,15.2856,15.2856,15.2856,15.2856,15.2861,15.2857,15.2855,15.2855,15.285,15.2845,15.2843,15.2843,15.2843,15.2849,15.2849,15.2847,15.2851,15.2854,15.2853,15.2853,15.2859,15.2859,15.2852,15.2854,15.2842,15.2823,15.2823,15.2823,15.2822,15.2824,15.2832,15.284,15.2838,15.2835,15.2838,15.2841,15.2842,15.2842,15.2842,15.2858,15.2849,15.2849,15.2873,15.2873,
Fri Apr 17 2020 05:20:55 GMT-0400 (Eastern Daylight Time)
15.2875,15.2878,15.2875,15.2875,15.2878,15.2884,15.2889,15.2889,15.2889,15.2889,15.2887,15.2893,15.2904,15.2904,15.2901,15.2906,15.2906,15.2898,15.2896,15.289,15.2897,15.2905,15.2908,15.2908,15.2915,15.2912,15.291,15.2913,15.2917,15.2917,15.2917,15.2912,15.2908,15.2908,15.2906,15.2906,15.2904,15.2904,15.2901,15.2916,15.2891,15.2895,15.2888,15.2888,15.2883,15.2883,15.2883,15.2874,15.2868,15.2868,15.2868,15.2868,15.2859,15.2859,15.2859,15.2862,15.2861,15.2859,15.2859,15.2859,
Fri Apr 17 2020 05:21:56 GMT-0400 (Eastern Daylight Time)
15.2855,15.2855,15.2855,15.2855,15.2868,15.2865,15.2878,15.289,15.289,15.289,15.2899,15.2899,15.2899,15.2899,15.2899,15.2899,15.2895,15.2895,15.289,15.2895,15.2891,15.2888,15.2888,15.2876,15.2883,15.2881,15.2884,15.2875,15.2846,15.2872,15.2861,15.2879,15.2876,15.2873,15.2875,15.2884,15.2891,15.2891,15.2889,15.2897,15.2913,15.291,15.2907,15.2909,15.2906,15.2901,15.2904,15.29,15.2901,15.2895,15.2895,15.2895,15.2891,15.2891,15.2893,15.2893,15.2901,15.2901,15.2906,15.2906,
Fri Apr 17 2020 05:22:56 GMT-0400 (Eastern Daylight Time)
15.2915,15.2915,15.2911,15.2914,15.2907,15.2911,15.2914,15.2914,15.2913,15.2913,15.2918,15.2915,15.2919,15.2923,15.2923,15.2925,15.2933,15.2933,15.2937,15.2935,15.2927,15.293,15.2926,15.2926,15.2931,15.2931,15.2942,15.2964,15.2956,15.2956,15.2956,15.2956,15.2947,15.295,15.2941,15.2948,15.2948,15.2948,15.2946,15.2943,15.2941,15.2935,15.2937,15.2944,15.2948,15.2946,15.295,15.295,15.2951,15.2955,15.2936,15.2936,15.2944,15.2944,15.2935,15.2935,15.2937,15.2934,15.2929,15.2929,
Fri Apr 17 2020 05:23:56 GMT-0400 (Eastern Daylight Time)
15.2928,15.2932,15.2932,15.293,15.293,15.293,15.293,15.293,15.2927,15.2927,15.2927,15.2927,15.2927,15.2916,15.2912,15.2912,15.2904,15.29,15.2906,15.2906,15.2904,15.2894,15.2897,15.2892,15.2895,15.2887,15.2887,15.2887,15.2889,15.2882,15.2882,15.2879,15.2875,15.2872,15.2888,15.2883,15.2884,15.2887,15.2892,15.2895,15.2893,15.2894,15.2897,15.2886,15.2913,15.2911,15.2909,15.2909,15.2906,15.29,15.2905,15.2907,15.291,15.2912,15.2915,15.2922,15.2922,15.2919,15.2922,15.2915,
Fri Apr 17 2020 05:24:55 GMT-0400 (Eastern Daylight Time)
15.2907,15.2913,15.2913,15.2913,15.2914,15.2909,15.2916,15.2913,15.2913,15.2906,15.2906,15.2914,15.2914,15.2934,15.2934,15.2934,15.2928,15.2921,15.2921,15.2926,15.293,15.2904,15.2904,15.2902,15.2902,15.2902,15.2902,15.2901,15.2904,15.2909,15.2904,15.2912,15.2922,15.293,15.294,15.294,15.2945,15.2926,15.2926,15.2926,15.2926,15.2917,15.2917,15.2922,15.2922,15.2904,15.2904,15.2904,15.2904,15.2908,15.2908,15.2912,15.2906,15.2899,15.2899,15.2899,15.2897,15.2898,15.2898,15.2898,
Fri Apr 17 2020 05:25:55 GMT-0400 (Eastern Daylight Time)
15.2898,15.2893,15.2893,15.2893,15.2895,15.2895,15.2889,15.2887,15.2887,15.2892,15.2889,15.2889,15.2889,15.2894,15.2894,15.2889,15.2889,15.2884,15.2884,15.2884,15.2884,15.2884,15.2882,15.2882,15.2886,15.2926,15.2954,15.2961,15.2991,15.2998,15.3006,15.3006,15.3001,15.2994,15.2986,15.3006,15.3003,15.298,15.2983,15.2976,15.2976,15.298,15.298,15.2982,15.2985,15.2992,15.2989,15.2993,15.3,15.2978,15.2971,15.2974,15.2979,15.2966,15.2966,15.297,15.2965,15.2987,15.297,15.2965,
Fri Apr 17 2020 05:26:55 GMT-0400 (Eastern Daylight Time)
15.2935,15.2932,15.2943,15.2943,15.2943,15.291,15.2904,15.2878,15.2878,15.2864,15.2866,15.2869,15.2864,15.2872,15.2892,15.2892,15.2889,15.2891,15.2866,15.2866,15.2863,15.2872,15.2879,15.2867,15.2869,15.2872,15.2866,15.2869,15.2875,15.2867,15.2867,15.2871,15.2868,15.2877,15.2877,15.287,15.2865,15.2862,15.2856,15.2851,15.2847,15.285,15.285,15.2836,15.2832,15.2832,15.2834,15.2851,15.2848,15.2852,15.2848,15.284,15.2845,15.2845,15.2842,15.2842,15.2836,15.2842,15.2846,15.2846,
Fri Apr 17 2020 05:27:56 GMT-0400 (Eastern Daylight Time)
15.2846,15.2849,15.2849,15.2849,15.283,15.285,15.2847,15.2834,15.2832,15.2841,15.2841,15.2843,15.2843,15.2836,15.2824,15.2827,15.2824,15.2819,15.2824,15.2817,15.2812,15.2809,15.2812,15.2815,15.2812,15.2814,15.2817,15.282,15.2827,15.287,15.287,15.2875,15.2875,15.2859,15.2877,15.2877,15.2875,15.2876,15.288,15.2882,15.2887,15.2889,15.2887,15.289,15.289,15.289,15.2875,15.2875,15.2871,15.2856,15.2868,15.2868,15.2873,15.2873,15.2873,15.2877,15.2876,15.2879,15.287,15.2871,
Fri Apr 17 2020 05:28:56 GMT-0400 (Eastern Daylight Time)
15.2871,15.2862,15.2865,15.2865,15.2865,15.286,15.2868,15.2874,15.2882,15.2884,15.2884,15.2884,15.2869,15.288,15.2868,15.2868,15.2873,15.2873,15.2871,15.2876,15.2873,15.2869,15.2873,15.2873,15.2872,15.2863,15.2863,15.2879,15.2882,15.2886,15.2886,15.2889,15.2892,15.2895,15.2893,15.2919,15.2919,15.2914,15.2914,15.2905,15.2903,15.2895,15.289,15.2891,15.2891,15.2887,15.2892,15.2887,15.2887,15.289,15.2878,15.2874,15.2869,15.2874,15.2869,15.2875,15.2869,15.2869,15.2874,15.2871,
Fri Apr 17 2020 05:29:56 GMT-0400 (Eastern Daylight Time)
15.2871,15.2882,15.2884,15.2884,15.2886,15.2884,15.2884,15.2885,15.2887,15.2889,15.2886,15.2872,15.2872,15.2861,15.2861,15.2861,15.2864,15.2869,15.2869,15.2869,15.2868,15.2863,15.2863,15.2866,15.2869,15.2867,15.2857,15.2848,15.2848,15.2858,15.2855,15.2855,15.2852,15.2854,15.2858,15.2862,15.2856,15.2844,15.2851,15.2848,15.2851,15.2865,15.286,15.2863,15.2863,15.2863,15.2878,15.2875,15.2872,15.2876,15.2867,15.287,15.2874,15.2864,15.2875,15.287,15.2865,15.2881,15.2884,15.2885,
Fri Apr 17 2020 05:30:55 GMT-0400 (Eastern Daylight Time)
15.2885,15.2885,15.2885,15.2885,15.2854,15.2854,15.2854,15.2847,15.2848,15.2865,15.2865,15.2872,15.2872,15.2887,15.2884,15.2887,15.2887,15.2889,15.2893,15.2893,15.2889,15.2878,15.2889,15.2889,15.2889,15.2877,15.2877,15.2874,15.2877,15.2881,15.2878,15.2878,15.2876,15.2876,15.2873,15.2873,15.2875,15.287,15.287,15.2883,15.288,15.2883,15.2879,15.2879,15.2879,15.2884,15.2877,15.288,15.2904,15.2902,15.29,15.29,15.2893,15.2896,15.2896,15.2893,15.2893,15.2897,15.2897,15.2897,
Fri Apr 17 2020 05:31:56 GMT-0400 (Eastern Daylight Time)
15.2897,15.2894,15.2894,15.2891,15.2883,15.2885,15.2882,15.288,15.288,15.2877,15.2877,15.2872,15.2872,15.2875,15.2875,15.2872,15.2866,15.2866,15.2866,15.2865,15.2865,15.2866,15.2861,15.2872,15.2869,15.2855,15.2857,15.2857,15.2855,15.286,15.2853,15.2853,15.2856,15.2853,15.2853,15.2868,15.2868,15.2868,15.285,15.2843,15.285,15.2849,15.2855,15.2841,15.2841,15.2838,15.2838,15.2841,15.2844,15.2845,15.2842,15.2839,15.2839,15.284,15.2842,15.2842,15.2842,15.2864,15.286,15.286,
Fri Apr 17 2020 05:32:56 GMT-0400 (Eastern Daylight Time)
15.2857,15.2855,15.2855,15.2839,15.2839,15.2847,15.2835,15.2827,15.2833,15.2837,15.2829,15.2842,15.2838,15.2838,15.284,15.2834,15.2834,15.2808,15.2811,15.2808,15.28,15.2788,15.2791,15.2783,15.2783,15.2772,15.2772,15.2775,15.278,15.2776,15.2786,15.2788,15.2786,15.2783,15.278,15.2776,15.2776,15.2773,15.2765,15.2767,15.2764,15.2756,15.2755,15.2755,15.2748,15.2755,15.2758,15.2752,15.2752,15.2749,15.2745,15.2744,15.2744,15.2745,15.2745,15.2745,15.2735,15.2741,15.2768,15.2768,
Fri Apr 17 2020 05:33:56 GMT-0400 (Eastern Daylight Time)
15.2737,15.2723,15.2723,15.2721,15.2724,15.2729,15.2726,15.2726,15.2723,15.2733,15.2744,15.2741,15.2741,15.2734,15.2736,15.2746,15.2746,15.2746,15.2732,15.2732,15.2735,15.2733,15.2733,15.2741,15.2741,15.2755,15.275,15.2747,15.275,15.275,15.2747,15.2749,15.2752,15.2743,15.2746,15.2746,15.2749,15.2742,15.2742,15.2745,15.2743,15.2739,15.2762,15.2759,15.2761,15.2765,15.2762,15.2751,15.2751,15.2748,15.2754,15.2754,15.2754,15.2757,15.2765,15.2762,15.2769,15.2764,15.2761,15.2763,
Fri Apr 17 2020 05:34:56 GMT-0400 (Eastern Daylight Time)
15.2771,15.2769,15.2766,15.2766,15.2769,15.2769,15.2783,15.2783,15.2786,15.279,15.2799,15.2799,15.2799,15.2795,15.2799,15.2803,15.2803,15.2808,15.2799,15.2792,15.2799,15.2802,15.2801,15.2804,15.2804,15.2801,15.2801,15.2806,15.2795,15.2797,15.2797,15.2793,15.2788,15.2791,15.2792,15.2801,15.2799,15.2796,15.2795,15.2789,15.2789,15.2789,15.2796,15.2804,15.2798,15.2804,15.2815,15.2818,15.282,15.2828,15.2828,15.2833,15.2829,15.2829,15.2834,15.2846,15.2844,15.2844,15.2844,15.2842,
Fri Apr 17 2020 05:35:56 GMT-0400 (Eastern Daylight Time)
15.2845,15.2829,15.2805,15.2805,15.2818,15.2814,15.2814,15.2811,15.2803,15.2807,15.2802,15.281,15.281,15.281,15.2814,15.2814,15.2822,15.2816,15.2824,15.2818,15.2815,15.2811,15.2814,15.2805,15.2794,15.2772,15.277,15.2762,15.2766,15.2759,15.2753,15.2753,15.2747,15.2747,15.2747,15.2751,15.2777,15.2777,15.2771,15.2771,15.2765,15.276,15.2766,15.2771,15.2768,15.2762,15.2756,15.2759,15.2774,15.2777,15.2752,15.2749,15.2751,15.2751,15.2751,15.2757,15.2755,15.2752,15.275,15.2748,
Fri Apr 17 2020 05:36:56 GMT-0400 (Eastern Daylight Time)
15.275,15.275,15.2752,15.2752,15.2752,15.2761,15.2757,15.2757,15.2754,15.2751,15.2756,15.2756,15.2742,15.2748,15.2748,15.2742,15.2739,15.2737,15.2738,15.2741,15.2746,15.2748,15.2742,15.2742,15.274,15.2743,15.2743,15.2734,15.2734,15.2736,15.2733,15.273,15.2739,15.2747,15.2751,15.2751,15.2749,15.2749,15.2746,15.2748,15.2751,15.2755,15.2761,15.2758,15.2762,15.2778,15.278,15.278,15.2774,15.2774,15.2777,15.2777,15.2784,15.2778,15.2805,15.2799,15.2796,15.2803,15.2803,15.2801,
Fri Apr 17 2020 05:37:56 GMT-0400 (Eastern Daylight Time)
15.2798,15.2787,15.2782,15.2786,15.2796,15.2796,15.2815,15.2809,15.2811,15.2811,15.2816,15.2812,15.2806,15.2806,15.2799,15.2799,15.2804,15.2804,15.2796,15.2791,15.2787,15.2787,15.2787,15.2786,15.2782,15.2782,15.2785,15.2787,15.2787,15.2786,15.2783,15.2778,15.2768,15.2768,15.2771,15.2775,15.2796,15.2796,15.279,15.279,15.2783,15.2783,15.2778,15.2787,15.2787,15.278,15.2766,15.2775,15.277,15.273,15.2728,15.2732,15.273,15.2739,15.2736,15.2736,15.2746,15.2746,15.2732,15.2732,
Fri Apr 17 2020 05:38:56 GMT-0400 (Eastern Daylight Time)
15.2732,15.2741,15.2756,15.2757,15.2754,15.2758,15.2748,15.2722,15.2718,15.2714,15.2714,15.2714,15.2719,15.2733,15.273,15.2729,15.2732,15.2729,15.2727,15.273,15.273,15.2719,15.2706,15.2696,15.2699,15.2701,15.2695,15.269,15.2693,15.2693,15.2697,15.2697,15.2695,15.2695,15.2699,15.2699,15.2699,15.2699,15.269,15.2686,15.2684,15.2687,15.2679,15.2684,15.2694,15.2697,15.27,15.27,15.27,15.2697,15.2689,15.2692,15.2692,15.2692,15.2694,15.2696,15.2694,15.2692,15.2689,15.2685,
Fri Apr 17 2020 05:39:56 GMT-0400 (Eastern Daylight Time)
15.2685,15.2679,15.2679,15.2686,15.2686,15.2679,15.2681,15.2663,15.2659,15.2667,15.2671,15.2683,15.2683,15.2679,15.2686,15.2688,15.269,15.2695,15.2689,15.2687,15.269,15.269,15.2705,15.2702,15.2699,15.2697,15.2698,15.2688,15.2688,15.2682,15.2677,15.2692,15.2695,15.2698,15.2706,15.2702,15.2714,15.2711,15.2688,15.2688,15.2688,15.2688,15.2695,15.2697,15.2699,15.2699,15.2699,15.2699,15.2697,15.2694,15.2701,15.2703,15.2709,15.2711,15.2695,15.2692,15.2695,15.2699,15.2704,15.2704,
Fri Apr 17 2020 05:40:56 GMT-0400 (Eastern Daylight Time)
15.2702,15.2702,15.2702,15.2679,15.2679,15.2677,15.2679,15.2677,15.2679,15.2676,15.2671,15.2671,15.2667,15.267,15.2698,15.2699,15.2718,15.2712,15.2712,15.2731,15.2727,15.2725,15.2723,15.2725,15.2725,15.2734,15.2745,15.2742,15.2742,15.2734,15.2746,15.2746,15.2721,15.2725,15.2732,15.2732,15.2735,15.2735,15.2741,15.2744,15.2748,15.2744,15.2741,15.2744,15.2744,15.2744,15.2757,15.2753,15.2742,15.2742,15.2748,15.275,15.2755,15.2755,15.2758,15.2762,15.2766,15.2743,15.2746,15.275,
Fri Apr 17 2020 05:41:56 GMT-0400 (Eastern Daylight Time)
15.275,15.2746,15.2753,15.2753,15.2753,15.2753,15.2758,15.2767,15.277,15.2773,15.2767,15.2769,15.2769,15.2769,15.2779,15.2777,15.2773,15.2779,15.2772,15.2776,15.2762,15.276,15.276,15.2763,15.2763,15.2768,15.2771,15.2778,15.2769,15.2775,15.2784,15.2787,15.2771,15.2775,15.2775,15.2749,15.2743,15.2743,15.2738,15.2724,15.2727,15.2725,15.2733,15.274,15.274,15.2755,15.2755,15.2755,15.2755,15.2748,15.2751,15.2751,15.2751,15.2754,15.2748,15.2748,15.2751,15.2747,15.2767,15.2764,
Fri Apr 17 2020 05:42:55 GMT-0400 (Eastern Daylight Time)
15.2764,15.2767,15.277,15.2764,15.2764,15.2768,15.2768,15.277,15.277,15.2758,15.2758,15.2759,15.2756,15.2757,15.275,15.2747,15.2747,15.2729,15.2706,15.2706,15.2699,15.269,15.2706,15.2702,15.2702,15.2708,15.2696,15.2696,15.2698,15.2689,15.2681,15.2681,15.2682,15.2682,15.2703,15.2703,15.2703,15.2715,15.2711,15.2715,15.27,15.2698,15.2694,15.2695,15.27,15.27,15.2703,15.2699,15.2706,15.2706,15.2706,15.2709,15.2712,15.2712,15.2716,15.2711,15.2709,15.2712,15.2708,15.2717,
Fri Apr 17 2020 05:43:56 GMT-0400 (Eastern Daylight Time)
15.2706,15.2715,15.2719,15.2723,15.2726,15.2726,15.2728,15.2725,15.2736,15.2757,15.275,15.2759,15.2759,15.2757,15.2749,15.2749,15.2754,15.2756,15.2762,15.2767,15.2771,15.2768,15.277,15.2768,15.2771,15.2768,15.2774,15.2772,15.2768,15.2768,15.2768,15.2767,15.2767,15.277,15.2777,15.2774,15.2776,15.2782,15.2786,15.2788,15.279,15.279,15.279,15.2785,15.2782,15.2791,15.2795,15.2789,15.2789,15.2801,15.2804,15.2805,15.2809,15.2811,15.2811,15.2805,15.2808,15.2804,15.2812,15.2812,
Fri Apr 17 2020 05:44:56 GMT-0400 (Eastern Daylight Time)
15.2815,15.2815,15.2823,15.2823,15.282,15.282,15.282,15.2829,15.2826,15.2826,15.2831,15.2827,15.2824,15.2826,15.2826,15.2829,15.2831,15.2839,15.2836,15.2849,15.2847,15.2847,15.2847,15.284,15.2847,15.2847,15.2841,15.284,15.2838,15.2828,15.2831,15.2824,15.2827,15.2833,15.2833,15.2835,15.2838,15.2841,15.2844,15.2847,15.285,15.286,15.2862,15.2818,15.282,15.2815,15.2832,15.2838,15.2838,15.284,15.2837,15.2846,15.285,15.2849,15.2849,15.2861,15.2858,15.2863,15.2851,15.2849,
Fri Apr 17 2020 05:45:56 GMT-0400 (Eastern Daylight Time)
15.2849,15.2845,15.2849,15.2849,15.2849,15.2847,15.2843,15.2852,15.285,15.2847,15.2847,15.2826,15.2826,15.2829,15.2824,15.2841,15.2841,15.2844,15.284,15.2835,15.2838,15.2844,15.2847,15.2845,15.2852,15.2852,15.2849,15.2861,15.2861,15.287,15.2878,15.2878,15.2882,15.2883,15.2884,15.2891,15.2883,15.288,15.288,15.2868,15.287,15.287,15.2853,15.2861,15.2853,15.2853,15.2843,15.2836,15.2833,15.2845,15.2845,15.2845,15.2843,15.2846,15.2835,15.2837,15.2829,15.2829,15.2829,15.2838,
Fri Apr 17 2020 05:46:56 GMT-0400 (Eastern Daylight Time)
15.2826,15.2826,15.2824,15.2814,15.2821,15.2821,15.2818,15.2818,15.2815,15.2811,15.2804,15.2809,15.2814,15.2811,15.2811,15.2794,15.2788,15.2808,15.2808,15.2797,15.2799,15.2796,15.2793,15.2798,15.2794,15.279,15.2793,15.279,15.2796,15.2791,15.2797,15.2785,15.2786,15.2781,15.2776,15.2765,15.2765,15.2736,15.2745,15.2738,15.2732,15.2731,15.2735,15.2733,15.2731,15.2731,15.2731,15.2732,15.2727,15.2738,15.2745,15.2741,15.2744,15.2745,15.2745,15.2753,15.2751,15.2751,15.2756,15.2761,
Fri Apr 17 2020 05:47:56 GMT-0400 (Eastern Daylight Time)
15.277,15.277,15.277,15.2772,15.2772,15.2769,15.2769,15.2769,15.2767,15.2767,15.2775,15.2773,15.2777,15.2756,15.2756,15.2756,15.2759,15.2749,15.2749,15.2749,15.2748,15.277,15.277,15.277,15.2781,15.2781,15.2781,15.279,15.2797,15.2802,15.2802,15.2802,15.2822,15.2818,15.2818,15.2831,15.2839,15.2835,15.2831,15.2833,15.2833,15.2831,15.2831,15.2816,15.281,15.2807,15.2804,15.2811,15.2807,15.2807,15.2807,15.2814,15.2809,15.2805,15.2798,15.2808,15.2808,15.2807,15.2807,15.2803,
Fri Apr 17 2020 05:48:56 GMT-0400 (Eastern Daylight Time)
15.2803,15.2803,15.2803,15.281,15.2793,15.2793,15.2793,15.2783,15.2779,15.2772,15.2768,15.2779,15.2776,15.2779,15.2771,15.2771,15.2755,15.2755,15.2756,15.2764,15.2764,15.2764,15.2764,15.2769,15.2772,15.2791,15.2788,15.2786,15.2788,15.2788,15.2792,15.2785,15.2785,15.2783,15.2787,15.2785,15.2777,15.2777,15.277,15.277,15.277,15.2765,15.2765,15.2763,15.2761,15.2764,15.2768,15.2781,15.2793,15.2793,15.2793,15.2799,15.2803,15.2807,15.2807,15.281,15.2803,15.2803,15.281,15.2809,
Fri Apr 17 2020 05:49:56 GMT-0400 (Eastern Daylight Time)
15.2809,15.2829,15.283,15.2827,15.2827,15.2824,15.2817,15.2803,15.2797,15.2786,15.2787,15.2789,15.2775,15.2771,15.2771,15.2768,15.2764,15.2767,15.2759,15.2751,15.2751,15.2754,15.2766,15.2771,15.2749,15.2746,15.275,15.2747,15.2744,15.2747,15.274,15.2739,15.2739,15.2739,15.2741,15.2749,15.2752,15.2755,15.2765,15.2768,15.2762,15.2766,15.2766,15.2774,15.2767,15.277,15.2772,15.2767,15.2767,15.2764,15.2769,15.2771,15.2782,15.2785,15.2799,15.2805,15.281,15.2812,15.2812,15.2809,
Fri Apr 17 2020 05:50:56 GMT-0400 (Eastern Daylight Time)
15.2809,15.2813,15.2808,15.2801,15.2801,15.2794,15.2794,15.2797,15.281,15.281,15.2794,15.2797,15.2794,15.2786,15.2791,15.2795,15.2793,15.2793,15.2793,15.2798,15.2798,15.2809,15.2828,15.2836,15.2834,15.2829,15.2829,15.2829,15.2826,15.2823,15.2823,15.2814,15.282,15.2823,15.2832,15.2836,15.284,15.2835,15.2835,15.2838,15.2836,15.2839,15.2843,15.2842,15.2854,15.2857,15.2858,15.2858,15.2861,15.2847,15.2842,15.2839,15.2842,15.2846,15.2842,15.2838,15.2827,15.2827,15.2827,15.2825,
Fri Apr 17 2020 05:51:56 GMT-0400 (Eastern Daylight Time)
15.2825,15.2825,15.2825,15.2832,15.2832,15.2827,15.2827,15.283,15.283,15.2828,15.283,15.2828,15.2839,15.2839,15.2843,15.2837,15.2841,15.2865,15.2865,15.2865,15.2869,15.2872,15.2876,15.2883,15.2883,15.2888,15.2877,15.2878,15.2878,15.2874,15.2865,15.2859,15.2863,15.2875,15.289,15.2873,15.287,15.2876,15.2873,15.2868,15.2866,15.2866,15.2881,15.2893,15.2895,15.2899,15.2896,15.2894,15.2891,15.2877,15.288,15.2892,15.2889,15.2893,15.289,15.2894,15.2892,15.2895,15.2892,15.289,
Fri Apr 17 2020 05:52:56 GMT-0400 (Eastern Daylight Time)
15.2885,15.2881,15.2877,15.2873,15.2859,15.2863,15.287,15.2872,15.2876,15.2881,15.2883,15.2886,15.2889,15.2892,15.2892,15.2886,15.2881,15.2881,15.2879,15.2876,15.2883,15.2877,15.2882,15.2893,15.2897,15.2897,15.2897,15.2908,15.2916,15.291,15.2916,15.292,15.2923,15.2923,15.2883,15.2885,15.2892,15.2888,15.2897,15.2897,15.29,15.2896,15.2893,15.2904,15.2909,15.2902,15.2905,15.291,15.2911,15.2911,15.2915,15.2912,15.2915,15.2923,15.292,15.2924,15.2922,15.2922,15.2918,15.2927,
Fri Apr 17 2020 05:53:56 GMT-0400 (Eastern Daylight Time)
15.2927,15.293,15.2926,15.2922,15.2928,15.2928,15.2931,15.2928,15.2925,15.2932,15.2935,15.2929,15.2933,15.2931,15.2913,15.2912,15.2906,15.2915,15.2912,15.2912,15.2915,15.2919,15.2922,15.2926,15.2921,15.2924,15.2913,15.291,15.291,15.2915,15.2921,15.2921,15.2926,15.2921,15.2921,15.2931,15.294,15.2946,15.2946,15.2942,15.295,15.2946,15.2943,15.2947,15.2948,15.2948,15.2948,15.2943,15.2943,15.2914,15.2914,15.2917,15.2921,15.2925,15.2925,15.293,15.2933,15.2929,15.2941,15.2938,
Fri Apr 17 2020 05:54:55 GMT-0400 (Eastern Daylight Time)
15.2938,15.2938,15.2938,15.2934,15.294,15.2947,15.2948,15.2948,15.2953,15.2956,15.2956,15.2954,15.2951,15.2951,15.2951,15.2955,15.2953,15.2961,15.2961,15.2962,15.296,15.296,15.2956,15.2951,15.2951,15.2955,15.2952,15.2952,15.2955,15.2955,15.2955,15.2962,15.2959,15.298,15.2976,15.2976,15.2981,15.2976,15.2974,15.2967,15.2958,15.2958,15.2954,15.2952,15.2956,15.296,15.2964,15.2958,15.2959,15.2968,15.2972,15.297,15.2953,15.2949,15.2949,15.2953,15.2963,15.2963,15.296,15.2964,
Fri Apr 17 2020 05:55:56 GMT-0400 (Eastern Daylight Time)
15.2967,15.2948,15.2948,15.2951,15.2946,15.2942,15.294,15.2943,15.2939,15.2948,15.2948,15.2951,15.2951,15.294,15.2935,15.2945,15.2945,15.2948,15.2948,15.2945,15.2945,15.2953,15.2952,15.2947,15.295,15.2956,15.2954,15.2954,15.2949,15.2938,15.2942,15.2942,15.2942,15.2946,15.2943,15.2943,15.2944,15.2945,15.2938,15.2946,15.2944,15.2944,15.2913,15.2917,15.2929,15.2929,15.2929,15.2918,15.2913,15.2909,15.2905,15.2904,15.2904,15.2912,15.2919,15.2922,15.2935,15.2933,15.2933,15.2923,
Fri Apr 17 2020 05:56:55 GMT-0400 (Eastern Daylight Time)
15.293,15.293,15.293,15.2925,15.2925,15.2935,15.2935,15.2935,15.2929,15.2932,15.2928,15.2928,15.2915,15.2915,15.2919,15.2919,15.2915,15.2917,15.292,15.292,15.292,15.293,15.293,15.2932,15.2928,15.2944,15.2944,15.2944,15.2939,15.2936,15.2939,15.2936,15.2936,15.2941,15.293,15.293,15.2921,15.2918,15.2918,15.2925,15.2926,15.2923,15.2923,15.2921,15.2926,15.2927,15.2931,15.2907,15.291,15.2914,15.2911,15.2914,15.2911,15.2909,15.2914,15.2911,15.2913,15.2909,15.2922,15.2922,
Fri Apr 17 2020 05:57:56 GMT-0400 (Eastern Daylight Time)
15.2921,15.2911,15.2908,15.2908,15.2893,15.2891,15.2891,15.2895,15.2892,15.2887,15.2877,15.2874,15.286,15.286,15.286,15.286,15.287,15.287,15.2856,15.2854,15.2847,15.2847,15.2842,15.2842,15.2849,15.2855,15.2849,15.2849,15.2853,15.2857,15.2859,15.2863,15.2849,15.2855,15.2851,15.2865,15.2863,15.2856,15.2868,15.2863,15.2856,15.2853,15.2861,15.2863,15.2881,15.2892,15.2894,15.2905,15.2909,15.2904,15.2904,15.2906,15.2899,15.2902,15.2913,15.2912,15.2888,15.2885,15.2897,15.289,
Fri Apr 17 2020 05:58:56 GMT-0400 (Eastern Daylight Time)
15.2886,15.2889,15.2889,15.2889,15.2886,15.286,15.286,15.2852,15.2861,15.2857,15.2848,15.2846,15.2855,15.2852,15.2855,15.2857,15.2847,15.2845,15.2847,15.2839,15.2834,15.2834,15.2834,15.2855,15.2844,15.2848,15.2865,15.2878,15.2873,15.2876,15.2875,15.2883,15.2898,15.2895,15.2897,15.2899,15.2904,15.2901,15.2899,15.2902,15.2911,15.2916,15.2925,15.2919,15.2922,15.2899,15.2895,15.289,15.2882,15.2875,15.2873,15.2873,15.2881,15.2877,15.2877,15.2877,15.2876,15.2873,15.2873,15.2873,
Fri Apr 17 2020 05:59:55 GMT-0400 (Eastern Daylight Time)
15.2854,15.2854,15.2856,15.2856,15.2859,15.2859,15.2858,15.2858,15.2858,15.2858,15.2849,15.2849,15.2845,15.2848,15.2851,15.2839,15.284,15.2847,15.2847,15.2855,15.2835,15.2839,15.2836,15.2836,15.2833,15.2832,15.2836,15.2834,15.2824,15.2822,15.2818,15.2818,15.2817,15.2791,15.2794,15.2799,15.2799,15.2787,15.2787,15.279,15.279,15.2795,15.281,15.281,15.2818,15.2826,15.2831,15.2822,15.2838,15.2838,15.2849,15.2843,15.2816,15.2814,15.2814,15.283,15.283,15.2825,15.2825,15.2834,
Fri Apr 17 2020 06:00:55 GMT-0400 (Eastern Daylight Time)
15.2834,15.2834,15.2867,15.2867,15.2858,15.2861,15.2864,15.2846,15.2843,15.2843,15.2843,15.2839,15.2836,15.2832,15.2836,15.284,15.2833,15.2828,15.2831,15.2834,15.2845,15.2845,15.2842,15.2829,15.2824,15.2824,15.283,15.2827,15.2827,15.2821,15.2821,15.2818,15.2821,15.2824,15.2824,15.2827,15.283,15.2828,15.2828,15.2828,15.2832,15.2827,15.2824,15.2824,15.2825,15.2821,15.2824,15.283,15.2833,15.2831,15.2831,15.2834,15.2837,15.2841,15.2823,15.2823,15.2818,15.2815,15.2818,15.2815,
Fri Apr 17 2020 06:01:55 GMT-0400 (Eastern Daylight Time)
15.2818,15.2823,15.282,15.2817,15.2817,15.2811,15.2819,15.2827,15.2811,15.2811,15.2806,15.2804,15.281,15.281,15.2807,15.2807,15.2806,15.2808,15.2808,15.281,15.281,15.282,15.2822,15.282,15.2814,15.2809,15.2809,15.2809,15.2809,15.2806,15.281,15.281,15.2793,15.2792,15.2789,15.2794,15.2788,15.2786,15.2786,15.2786,15.2783,15.2795,15.28,15.28,15.2795,15.2793,15.2798,15.2798,15.2795,15.2793,15.2797,15.2797,15.2825,15.2823,15.2811,15.2808,15.2808,15.2812,15.2809,15.2807,
Fri Apr 17 2020 06:02:55 GMT-0400 (Eastern Daylight Time)
15.2807,15.281,15.281,15.2811,15.2807,15.2831,15.2835,15.2835,15.2834,15.2827,15.2841,15.2841,15.2838,15.2838,15.2831,15.2833,15.2838,15.2838,15.2833,15.2831,15.2824,15.2833,15.2833,15.2829,15.2827,15.2824,15.2832,15.2824,15.2831,15.2835,15.2835,15.2857,15.2862,15.2866,15.2878,15.2872,15.2868,15.287,15.2868,15.2868,15.2868,15.2863,15.2862,15.2858,15.2861,15.2858,15.286,15.2862,15.2871,15.288,15.288,15.2874,15.2872,15.2865,15.2875,15.2879,15.2908,15.2902,15.29,15.2897,
Fri Apr 17 2020 06:03:56 GMT-0400 (Eastern Daylight Time)
15.2884,15.2874,15.2874,15.2874,15.286,15.2872,15.2869,15.2862,15.2867,15.2872,15.2877,15.288,15.2873,15.2873,15.2886,15.2886,15.286,15.2845,15.2854,15.2854,15.285,15.285,15.286,15.2855,15.2856,15.2849,15.2856,15.286,15.286,15.2842,15.2842,15.2842,15.2836,15.2858,15.286,15.2863,15.2859,15.2871,15.2867,15.2869,15.2869,15.2887,15.289,15.2893,15.2889,15.2886,15.2882,15.2882,15.2882,15.2893,15.289,15.289,15.289,15.2876,15.2876,15.2887,15.289,15.2895,15.2889,15.2889,
Fri Apr 17 2020 06:04:55 GMT-0400 (Eastern Daylight Time)
15.289,15.2893,15.2893,15.2901,15.2901,15.2896,15.2891,15.2891,15.2887,15.2888,15.2891,15.2888,15.2896,15.2892,15.2892,15.2889,15.2892,15.2889,15.2903,15.2903,15.2906,15.2906,15.2906,15.2901,15.2895,15.2894,15.2897,15.2892,15.2892,15.288,15.288,15.288,15.2876,15.2882,15.2882,15.2883,15.288,15.2882,15.2876,15.2876,15.2876,15.2883,15.2879,15.2876,15.2876,15.288,15.2867,15.2858,15.2861,15.2847,15.2844,15.2838,15.2843,15.2812,15.2815,15.2815,15.2812,15.2818,15.282,15.282,
Fri Apr 17 2020 06:05:56 GMT-0400 (Eastern Daylight Time)
15.282,15.281,15.2804,15.2804,15.2798,15.2803,15.2807,15.2803,15.2803,15.2812,15.2806,15.2811,15.2813,15.2823,15.2821,15.2824,15.2824,15.2819,15.284,15.284,15.284,15.2838,15.2838,15.2838,15.2835,15.2819,15.2795,15.2793,15.2783,15.2788,15.2796,15.2799,15.2794,15.2791,15.279,15.2795,15.2797,15.28,15.28,15.2805,15.2805,15.2798,15.2791,15.2793,15.2773,15.2769,15.2765,15.277,15.277,15.2771,15.2773,15.2766,15.2766,15.2771,15.2775,15.2779,15.2779,15.2779,15.2779,15.2784,
Fri Apr 17 2020 06:06:55 GMT-0400 (Eastern Daylight Time)
15.2781,15.2755,15.2755,15.2755,15.2745,15.2743,15.2738,15.2738,15.2735,15.2748,15.2738,15.2738,15.2738,15.2734,15.274,15.2746,15.2752,15.2754,15.2759,15.2759,15.2761,15.2761,15.2757,15.2757,15.2764,15.2763,15.2772,15.2801,15.2805,15.2804,15.2794,15.2787,15.2791,15.2798,15.2811,15.2817,15.2822,15.2822,15.2827,15.2831,15.2831,15.2828,15.2822,15.2815,15.2819,15.2823,15.2823,15.2824,15.2824,15.2844,15.2849,15.2847,15.2847,15.2829,15.2829,15.2832,15.2837,15.2854,15.2854,15.2857,
Fri Apr 17 2020 06:07:56 GMT-0400 (Eastern Daylight Time)
15.2856,15.2848,15.284,15.284,15.2821,15.2821,15.2818,15.2818,15.2815,15.2815,15.2805,15.2796,15.2796,15.2821,15.2826,15.2826,15.2823,15.2817,15.2828,15.2833,15.2826,15.2821,15.2822,15.2833,15.2833,15.2824,15.2824,15.2827,15.282,15.2812,15.2809,15.2805,15.2812,15.2816,15.2803,15.2803,15.2803,15.279,15.2793,15.2788,15.2792,15.2799,15.2795,15.2805,15.2815,15.2822,15.2818,15.2818,15.2828,15.2825,15.2825,15.2825,15.2836,15.2843,15.2839,15.2842,15.2842,15.2842,15.2842,15.2843,
Fri Apr 17 2020 06:08:55 GMT-0400 (Eastern Daylight Time)
15.2843,15.2843,15.2843,15.2843,15.2843,15.2843,15.2843,15.2843,15.2843,15.2843,15.2843,15.2837,15.2837,15.2856,15.2856,15.2856,15.2856,15.2856,15.2862,15.2862,15.2862,15.2862,15.2868,15.2868,15.2868,15.2857,15.2885,15.2874,15.2874,15.2884,15.2893,15.2896,15.289,15.2896,15.2898,15.2898,15.2895,15.2898,15.2892,15.2892,15.2892,15.2888,15.2888,15.2891,15.2894,15.2889,15.2894,15.289,15.2908,15.2913,15.2906,15.2903,15.291,15.2897,15.29,15.2894,15.2898,15.2891,15.2886,15.2886,
Fri Apr 17 2020 06:09:56 GMT-0400 (Eastern Daylight Time)
15.2889,15.2889,15.2874,15.2874,15.2871,15.2869,15.2872,15.2867,15.2856,15.2869,15.2869,15.2869,15.2864,15.2863,15.2875,15.287,15.287,15.2885,15.2898,15.2898,15.289,15.2884,15.2884,15.2874,15.2889,15.2889,15.29,15.29,15.2896,15.2896,15.2902,15.2894,15.2894,15.29,15.2897,15.2904,15.2904,15.2911,15.2908,15.2905,15.2909,15.2907,15.2901,15.2898,15.2895,15.2893,15.2884,15.2879,15.2888,15.2896,15.2898,15.2893,15.2871,15.288,15.2883,15.2885,15.2885,15.2885,15.2889,15.2892,
Fri Apr 17 2020 06:10:56 GMT-0400 (Eastern Daylight Time)
15.2888,15.2888,15.2873,15.2873,15.2859,15.2857,15.2855,15.2859,15.2858,15.2867,15.2868,15.2858,15.2864,15.286,15.286,15.2866,15.2863,15.2852,15.2852,15.2853,15.2856,15.2867,15.287,15.2875,15.2872,15.2873,15.2869,15.2869,15.2869,15.2869,15.2866,15.2868,15.2868,15.2867,15.2871,15.2868,15.2871,15.2876,15.2872,15.2875,15.2875,15.2873,15.287,15.287,15.2873,15.2867,15.2882,15.2882,15.2885,15.2884,15.2886,15.2886,15.2886,15.2899,15.2899,15.2908,15.2908,15.2922,15.2918,15.2923,
Fri Apr 17 2020 06:11:56 GMT-0400 (Eastern Daylight Time)
15.2947,15.2951,15.2946,15.2958,15.2952,15.2965,15.2962,15.2962,15.2956,15.2952,15.2937,15.2937,15.2932,15.2907,15.289,15.2885,15.2885,15.2885,15.2888,15.2888,15.2881,15.2883,15.2887,15.2889,15.2885,15.2885,15.2883,15.2885,15.2882,15.2881,15.2888,15.2885,15.2888,15.2888,15.2884,15.2887,15.2879,15.2888,15.2885,15.2878,15.2875,15.2867,15.2871,15.2873,15.2877,15.2879,15.2881,15.2877,15.2869,15.286,15.2864,15.2864,15.2867,15.2864,15.2859,15.2854,15.2861,15.2864,15.2864,15.2859,
Fri Apr 17 2020 06:12:55 GMT-0400 (Eastern Daylight Time)
15.2856,15.2856,15.2856,15.2856,15.2856,15.2845,15.2837,15.2827,15.2832,15.2835,15.2835,15.2838,15.2838,15.2841,15.2847,15.2849,15.2846,15.2859,15.2859,15.2853,15.2851,15.2851,15.2855,15.2871,15.2876,15.2884,15.289,15.289,15.2881,15.288,15.2879,15.2883,15.288,15.2886,15.2886,15.2886,15.2882,15.2889,15.2889,15.2885,15.2882,15.2882,15.2886,15.2894,15.2894,15.2898,15.2886,15.2878,15.2876,15.2874,15.2874,15.2874,15.2874,15.2874,15.2882,15.2882,15.2885,15.2879,15.2879,15.2879,
Fri Apr 17 2020 06:13:56 GMT-0400 (Eastern Daylight Time)
15.2875,15.2901,15.2901,15.2912,15.2912,15.2922,15.2916,15.2906,15.2906,15.292,15.2912,15.2926,15.2916,15.2915,15.2926,15.293,15.2935,15.2935,15.2943,15.294,15.2933,15.2933,15.2934,15.2934,15.2931,15.2924,15.2922,15.2913,15.2913,15.292,15.2905,15.2901,15.2934,15.2934,15.2934,15.2941,15.2927,15.292,15.2915,15.2911,15.2914,15.2905,15.2905,15.2899,15.2897,15.2897,15.289,15.289,15.2887,15.2887,15.2892,15.2892,15.2892,15.2895,15.2892,15.2888,15.2883,15.2883,15.2856,15.2846,
Fri Apr 17 2020 06:14:56 GMT-0400 (Eastern Daylight Time)
15.2849,15.2849,15.2849,15.2853,15.2853,15.2856,15.2863,15.286,15.2846,15.2846,15.2846,15.2846,15.284,15.2843,15.2834,15.2838,15.2836,15.2836,15.2827,15.2827,15.2827,15.2832,15.2834,15.2831,15.2831,15.2838,15.2838,15.2838,15.2838,15.2838,15.2858,15.2861,15.2854,15.2852,15.286,15.2873,15.287,15.2872,15.2868,15.2871,15.2871,15.2873,15.2871,15.2865,15.286,15.2863,15.2854,15.2861,15.2861,15.2863,15.2869,15.2865,15.2868,15.2868,15.2872,15.2875,15.2873,15.2873,15.2881,15.2877,
Fri Apr 17 2020 06:15:56 GMT-0400 (Eastern Daylight Time)
15.2877,15.2877,15.2863,15.2863,15.2855,15.2849,15.2864,15.2867,15.2867,15.2872,15.2872,15.2866,15.2862,15.2862,15.2844,15.2836,15.2844,15.2847,15.2841,15.2841,15.2841,15.2847,15.2839,15.2839,15.2844,15.2852,15.2859,15.2859,15.2847,15.2832,15.2839,15.2839,15.2832,15.2824,15.282,15.2812,15.2812,15.2819,15.2821,15.2823,15.283,15.2823,15.2827,15.2824,15.2832,15.2832,15.2826,15.2823,15.2823,15.2827,15.2856,15.286,15.2852,15.2859,15.2852,15.2866,15.2872,15.2872,15.2889,15.2892,
Fri Apr 17 2020 06:16:56 GMT-0400 (Eastern Daylight Time)
15.2892,15.2884,15.2887,15.2887,15.289,15.289,15.2891,15.2891,15.2887,15.2892,15.2895,15.2887,15.2887,15.2887,15.288,15.288,15.2884,15.2887,15.2881,15.2894,15.2894,15.2892,15.2896,15.2904,15.2901,15.2899,15.2906,15.2906,15.2906,15.2902,15.2898,15.2893,15.2879,15.2879,15.2887,15.2887,15.2891,15.2896,15.2891,15.2888,15.2888,15.2885,15.2896,15.2896,15.2896,15.2896,15.2892,15.2887,15.2887,15.2895,15.2887,15.289,15.2888,15.2888,15.2884,15.2889,15.2908,15.2913,15.2911,15.2913,
Fri Apr 17 2020 06:17:56 GMT-0400 (Eastern Daylight Time)
15.2918,15.2909,15.2901,15.2904,15.2906,15.2902,15.2896,15.2896,15.2896,15.2889,15.2887,15.2887,15.2884,15.2874,15.288,15.2872,15.2872,15.2866,15.2881,15.2878,15.287,15.2855,15.2855,15.2855,15.2877,15.2877,15.2881,15.2891,15.2883,15.2902,15.2905,15.2905,15.2897,15.2894,15.2894,15.2892,15.2888,15.2885,15.2886,15.289,15.289,15.289,15.289,15.2894,15.2892,15.2892,15.2897,15.2892,15.2889,15.2889,15.2886,15.2881,15.2877,15.2883,15.2882,15.2885,15.2885,15.2885,15.2885,15.2891,
Fri Apr 17 2020 06:18:56 GMT-0400 (Eastern Daylight Time)
15.2891,15.2891,15.2893,15.2893,15.2922,15.2922,15.2924,15.2921,15.2901,15.2892,15.2892,15.2886,15.2887,15.2889,15.2891,15.2891,15.2884,15.289,15.2892,15.2888,15.2875,15.2879,15.2875,15.2881,15.2881,15.2887,15.2883,15.2886,15.2883,15.2888,15.2888,15.2876,15.2858,15.2858,15.2832,15.2831,15.2827,15.2824,15.2826,15.2823,15.2822,15.2825,15.2837,15.2834,15.2843,15.2848,15.2842,15.2839,15.2839,15.2862,15.2864,15.2867,15.2867,15.2871,15.2873,15.2876,15.2871,15.2874,15.2883,15.2883,
Fri Apr 17 2020 06:19:56 GMT-0400 (Eastern Daylight Time)
15.2889,15.2889,15.2884,15.2884,15.2884,15.2884,15.2876,15.2871,15.2874,15.2882,15.2881,15.2878,15.2886,15.2884,15.2884,15.2884,15.289,15.2885,15.2885,15.2886,15.2878,15.2881,15.2876,15.2879,15.2882,15.2882,15.2879,15.2874,15.2874,15.2872,15.2872,15.288,15.2874,15.2878,15.2867,15.2867,15.2872,15.2869,15.2869,15.2852,15.2858,15.2862,15.2862,15.2855,15.2855,15.2851,15.2844,15.2846,15.2843,15.284,15.2841,15.2841,15.2843,15.2843,15.2843,15.2846,15.2845,15.2845,15.2841,15.2841,
Fri Apr 17 2020 06:20:56 GMT-0400 (Eastern Daylight Time)
15.2841,15.2845,15.2845,15.2857,15.2857,15.2862,15.2859,15.2857,15.2857,15.2857,15.2852,15.2845,15.284,15.2837,15.284,15.2835,15.2838,15.2848,15.2848,15.2851,15.2854,15.2858,15.286,15.286,15.2857,15.2857,15.2863,15.2857,15.2857,15.2862,15.2865,15.2865,15.2869,15.2866,15.2859,15.2855,15.2855,15.2855,15.2861,15.2867,15.2862,15.286,15.2865,15.286,15.2857,15.2857,15.2857,15.2853,15.2856,15.2858,15.2855,15.2843,15.285,15.2844,15.2834,15.2829,15.2833,15.2833,15.2831,15.2831,
Fri Apr 17 2020 06:21:56 GMT-0400 (Eastern Daylight Time)
15.2834,15.2831,15.2832,15.2832,15.2827,15.2831,15.2834,15.2851,15.2847,15.2849,15.2867,15.2863,15.286,15.286,15.2866,15.2862,15.2862,15.2862,15.2859,15.2862,15.2858,15.2853,15.2861,15.2861,15.2861,15.2861,15.2864,15.2864,15.2864,15.2871,15.2868,15.2874,15.2871,15.2869,15.2869,15.2867,15.2867,15.287,15.2878,15.2866,15.289,15.289,15.289,15.2884,15.2884,15.2884,15.2877,15.2864,15.2867,15.2869,15.2849,15.2849,15.2861,15.2864,15.2864,15.2866,15.2873,15.2876,15.2876,15.2889,
Fri Apr 17 2020 06:22:56 GMT-0400 (Eastern Daylight Time)
15.2889,15.2889,15.2896,15.2904,15.2908,15.2908,15.2904,15.2915,15.2911,15.2911,15.2911,15.2919,15.2926,15.2933,15.2924,15.2917,15.2922,15.2936,15.2939,15.297,15.2964,15.2964,15.2964,15.2965,15.2968,15.2968,15.2964,15.2967,15.2978,15.2971,15.2971,15.2975,15.2977,15.2977,15.2984,15.2986,15.2989,15.2992,15.2994,15.2991,15.2987,15.2983,15.2988,15.2985,15.2985,15.2985,15.2979,15.2981,15.2975,15.2977,15.2984,15.299,15.2989,15.2985,15.2975,15.2964,15.2961,15.2964,15.2959,15.2961,
Fri Apr 17 2020 06:23:56 GMT-0400 (Eastern Daylight Time)
15.2955,15.295,15.2961,15.2959,15.2965,15.2958,15.2955,15.2965,15.2965,15.2961,15.2967,15.2964,15.2961,15.2957,15.2957,15.2952,15.2947,15.294,15.2942,15.2951,15.2951,15.2953,15.2956,15.2961,15.2952,15.2952,15.2943,15.2945,15.294,15.294,15.2936,15.2939,15.2942,15.2939,15.2939,15.293,15.293,15.2926,15.2929,15.2931,15.2926,15.2922,15.2925,15.2922,15.292,15.2922,15.2919,15.2923,15.292,15.2923,15.2921,15.2884,15.288,15.288,15.2884,15.2887,15.2893,15.2889,15.2881,15.2881,
Fri Apr 17 2020 06:24:56 GMT-0400 (Eastern Daylight Time)
15.2881,15.2887,15.2885,15.288,15.288,15.288,15.288,15.2883,15.289,15.2894,15.2894,15.2899,15.2902,15.2898,15.2898,15.2904,15.2921,15.2915,15.2915,15.2913,15.2919,15.2919,15.2927,15.2928,15.2932,15.2929,15.2927,15.2932,15.2928,15.2922,15.2929,15.2934,15.2934,15.2931,15.2939,15.2941,15.2941,15.2941,15.2936,15.2949,15.2949,15.2946,15.2956,15.2949,15.2956,15.2953,15.2949,15.2958,15.2955,15.2945,15.2945,15.2951,15.2956,15.2958,15.2957,15.2955,15.2952,15.2952,15.2952,15.2961,
Fri Apr 17 2020 06:25:56 GMT-0400 (Eastern Daylight Time)
15.2958,15.2964,15.2964,15.2964,15.2965,15.2962,15.2959,15.2956,15.2954,15.2934,15.2934,15.2928,15.2933,15.2937,15.2933,15.2928,15.2922,15.292,15.2931,15.2932,15.2932,15.2935,15.2932,15.2931,15.2903,15.2905,15.2905,15.2899,15.2897,15.2905,15.2909,15.2884,15.2883,15.2883,15.2903,15.2903,15.2907,15.2923,15.2933,15.2945,15.2948,15.2955,15.2949,15.2946,15.2942,15.2942,15.2945,15.2944,15.2944,15.2944,15.2944,15.2936,15.2929,15.2929,15.2922,15.2919,15.2934,15.2931,15.2928,15.2928,
Fri Apr 17 2020 06:26:56 GMT-0400 (Eastern Daylight Time)
15.2899,15.2912,15.2912,15.2912,15.2907,15.2919,15.2919,15.2918,15.2921,15.2917,15.292,15.2917,15.2919,15.2925,15.2932,15.2921,15.2921,15.2919,15.2919,15.2915,15.2916,15.2916,15.2912,15.2908,15.2906,15.2896,15.29,15.2908,15.2917,15.2925,15.2925,15.2928,15.2928,15.2925,15.2925,15.2916,15.2916,15.2899,15.2899,15.29,15.29,15.2896,15.2896,15.2898,15.2895,15.2905,15.2906,15.2905,15.2905,15.2905,15.2905,15.291,15.2912,15.2912,15.2915,15.2917,15.2925,15.2925,15.2925,15.2912,
Fri Apr 17 2020 06:27:56 GMT-0400 (Eastern Daylight Time)
15.2909,15.2912,15.2912,15.2918,15.2918,15.292,15.292,15.2937,15.294,15.294,15.2943,15.2945,15.2945,15.2945,15.2947,15.295,15.2947,15.2948,15.2952,15.2949,15.2949,15.2943,15.2943,15.2943,15.2958,15.2958,15.2958,15.2963,15.2965,15.2965,15.2959,15.2955,15.2954,15.2954,15.2954,15.296,15.2964,15.2967,15.2967,15.2957,15.2949,15.2949,15.2949,15.2945,15.2942,15.2937,15.2931,15.294,15.294,15.294,15.2942,15.2933,15.2933,15.293,15.2927,15.2927,15.2927,15.2927,15.2927,15.2935,
Fri Apr 17 2020 06:28:56 GMT-0400 (Eastern Daylight Time)
15.2947,15.295,15.2954,15.2919,15.2927,15.2927,15.293,15.2945,15.2935,15.2935,15.2926,15.2923,15.2927,15.2921,15.2918,15.292,15.292,15.292,15.2917,15.2917,15.2948,15.2951,15.2947,15.2953,15.2953,15.296,15.296,15.2953,15.2952,15.2949,15.2961,15.295,15.2944,15.294,15.2943,15.2943,15.2932,15.2951,15.2951,15.2961,15.2965,15.2961,15.2968,15.2982,15.2982,15.298,15.2985,15.2985,15.2985,15.2985,15.3001,15.2992,15.2994,15.2997,15.2998,15.2995,15.299,15.2985,15.2985,15.2995,
Fri Apr 17 2020 06:29:56 GMT-0400 (Eastern Daylight Time)
15.2999,15.2997,15.2993,15.2988,15.2996,15.2998,15.3002,15.2995,15.2984,15.2984,15.2976,15.2983,15.2983,15.2986,15.298,15.2991,15.2979,15.2986,15.2983,15.2992,15.2998,15.2995,15.2985,15.2982,15.2982,15.3003,15.3003,15.3003,15.3006,15.3006,15.301,15.3004,15.3001,15.3006,15.301,15.3016,15.3016,15.3012,15.3014,15.3011,15.3008,15.2999,15.3003,15.3004,15.3006,15.3006,15.3004,15.3004,15.3024,15.3028,15.3024,15.303,15.3022,15.3026,15.3049,15.3026,15.3033,15.3016,15.3019,15.3019,
Fri Apr 17 2020 06:30:56 GMT-0400 (Eastern Daylight Time)
15.3025,15.3025,15.3033,15.3033,15.3033,15.3039,15.3036,15.3017,15.3014,15.3016,15.301,15.3033,15.3033,15.3031,15.3034,15.303,15.303,15.3033,15.3027,15.3024,15.3018,15.3031,15.3031,15.3038,15.305,15.3047,15.3053,15.3056,15.3052,15.3048,15.3044,15.305,15.305,15.3051,15.3051,15.3066,15.3075,15.3067,15.3067,15.3061,15.3061,15.3057,15.3054,15.3049,15.3054,15.3054,15.3052,15.3054,15.3046,15.3035,15.3059,15.3068,15.3055,15.3055,15.3055,15.3058,15.3055,15.3052,15.3059,15.3062,
Fri Apr 17 2020 06:31:56 GMT-0400 (Eastern Daylight Time)
15.3066,15.305,15.3053,15.3053,15.3056,15.3053,15.3056,15.3056,15.3061,15.3061,15.3055,15.3054,15.3058,15.3065,15.3065,15.3065,15.3053,15.3057,15.305,15.3053,15.3089,15.3084,15.3087,15.3083,15.3087,15.3082,15.3079,15.3081,15.3082,15.3082,15.309,15.309,15.3083,15.3088,15.3077,15.3089,15.3079,15.3072,15.3066,15.3088,15.3085,15.3087,15.3087,15.3084,15.3086,15.3076,15.3073,15.3069,15.3067,15.306,15.307,15.307,15.3075,15.3075,15.3075,15.3083,15.3074,15.3075,15.3072,15.3072,
Fri Apr 17 2020 06:32:56 GMT-0400 (Eastern Daylight Time)
15.3079,15.3076,15.3087,15.3087,15.3095,15.3095,15.3095,15.3098,15.3091,15.3091,15.3088,15.3088,15.3081,15.3085,15.3079,15.307,15.3072,15.3076,15.3069,15.3069,15.3058,15.3052,15.3056,15.3059,15.3055,15.305,15.305,15.3049,15.3049,15.3052,15.3055,15.3044,15.304,15.3033,15.3033,15.3033,15.3036,15.3044,15.3056,15.3056,15.3056,15.3047,15.3043,15.3043,15.3046,15.3042,15.3051,15.3048,15.3057,15.3053,15.3052,15.3055,15.3063,15.3063,15.3066,15.3073,15.3065,15.3056,15.3056,15.3054,
Fri Apr 17 2020 06:33:56 GMT-0400 (Eastern Daylight Time)
15.3056,15.3056,15.3056,15.3055,15.3055,15.3055,15.3082,15.3082,15.3077,15.3073,15.3071,15.3071,15.3069,15.3069,15.3069,15.3073,15.3073,15.3063,15.3058,15.3064,15.307,15.307,15.3067,15.3069,15.307,15.3067,15.3067,15.306,15.306,15.3074,15.3074,15.3077,15.3082,15.3075,15.3077,15.3077,15.3069,15.3074,15.3077,15.3074,15.3095,15.3092,15.3095,15.3087,15.3086,15.3093,15.3075,15.3075,15.3073,15.3086,15.3079,15.3084,15.3088,15.3098,15.3091,15.3075,15.3055,15.3052,15.3046,15.3048,
Fri Apr 17 2020 06:34:56 GMT-0400 (Eastern Daylight Time)
15.3048,15.3048,15.3045,15.3045,15.3055,15.306,15.3058,15.3056,15.3052,15.3049,15.3052,15.3049,15.3046,15.3051,15.3077,15.3077,15.3077,15.3062,15.3062,15.3065,15.3062,15.3065,15.3059,15.3059,15.306,15.306,15.3072,15.3075,15.3075,15.3071,15.3073,15.3073,15.3081,15.3087,15.3087,15.3095,15.3092,15.308,15.3077,15.3077,15.3079,15.3086,15.3086,15.309,15.3092,15.3097,15.3103,15.3106,15.3119,15.3122,15.3133,15.3133,15.3133,15.3132,15.3134,15.3134,15.3123,15.312,15.3117,15.3117,
Fri Apr 17 2020 06:35:56 GMT-0400 (Eastern Daylight Time)
15.3113,15.3111,15.3111,15.3111,15.3118,15.3122,15.3142,15.3142,15.3142,15.315,15.3153,15.3175,15.3175,15.3179,15.3179,15.3183,15.3181,15.3184,15.3163,15.316,15.316,15.3165,15.3169,15.3166,15.3156,15.3153,15.3156,15.3163,15.3152,15.3152,15.3152,15.3152,15.3138,15.3134,15.3123,15.3125,15.3123,15.3127,15.313,15.313,15.3127,15.3127,15.3127,15.3125,15.3125,15.3114,15.3114,15.3109,15.3106,15.3106,15.31,15.3098,15.3099,15.3095,15.3093,15.3091,15.3088,15.3091,15.3092,15.3092,
Fri Apr 17 2020 06:36:56 GMT-0400 (Eastern Daylight Time)
15.3081,15.3077,15.3071,15.3078,15.3079,15.3073,15.3069,15.3073,15.3076,15.3064,15.306,15.3058,15.3075,15.3082,15.3076,15.3076,15.3076,15.3078,15.3078,15.307,15.3075,15.3075,15.3073,15.3073,15.3075,15.3071,15.3071,15.3075,15.3075,15.3079,15.3084,15.3084,15.3084,15.3084,15.3084,15.3084,15.3091,15.3088,15.3088,15.3086,15.3094,15.3097,15.3099,15.3112,15.3107,15.3122,15.3119,15.3111,15.3115,15.3121,15.3121,15.3138,15.3134,15.3134,15.3127,15.3127,15.3135,15.3127,15.3124,15.3127,
Fri Apr 17 2020 06:37:56 GMT-0400 (Eastern Daylight Time)
15.3108,15.311,15.311,15.3101,15.3101,15.3101,15.3104,15.3101,15.3105,15.3105,15.3105,15.3101,15.3108,15.3108,15.3105,15.3105,15.3108,15.311,15.3116,15.3121,15.3127,15.313,15.3128,15.3128,15.313,15.3137,15.3135,15.3135,15.3139,15.3141,15.3141,15.3135,15.3145,15.3142,15.3132,15.3132,15.314,15.3135,15.3133,15.3143,15.3163,15.316,15.3158,15.3161,15.3171,15.3174,15.3174,15.3171,15.3176,15.3179,15.3179,15.3172,15.3176,15.316,15.316,15.3157,15.3165,15.318,15.3182,15.3179,
Fri Apr 17 2020 06:38:56 GMT-0400 (Eastern Daylight Time)
15.3179,15.3179,15.3179,15.3182,15.3178,15.3178,15.3162,15.3159,15.3153,15.315,15.3141,15.3141,15.3151,15.3152,15.3143,15.3139,15.3137,15.3133,15.313,15.3127,15.3117,15.3117,15.3117,15.3113,15.3111,15.3116,15.3114,15.3107,15.3101,15.3101,15.3108,15.3112,15.3102,15.3102,15.3105,15.3105,15.3109,15.3104,15.3104,15.3104,15.3098,15.3098,15.3095,15.3092,15.3086,15.3084,15.3082,15.3078,15.3074,15.3077,15.306,15.3065,15.3071,15.3071,15.3076,15.3076,15.3079,15.3075,15.3077,15.31,
Fri Apr 17 2020 06:39:56 GMT-0400 (Eastern Daylight Time)
15.3112,15.3116,15.312,15.312,15.3118,15.3118,15.3122,15.3119,15.312,15.312,15.312,15.3126,15.3128,15.3133,15.3128,15.3126,15.3126,15.312,15.3111,15.3111,15.3118,15.3118,15.3115,15.3112,15.3115,15.3117,15.3114,15.3095,15.309,15.308,15.3078,15.3075,15.304,15.3034,15.3038,15.304,15.3036,15.304,15.3044,15.3049,15.3051,15.305,15.305,15.3052,15.3054,15.3042,15.3047,15.3052,15.3055,15.3045,15.3045,15.3042,15.3024,15.3038,15.3035,15.3035,15.3044,15.3073,15.3077,15.3071,
Fri Apr 17 2020 06:40:56 GMT-0400 (Eastern Daylight Time)
15.3068,15.3072,15.3072,15.3075,15.3067,15.3064,15.3059,15.3064,15.3073,15.3073,15.3073,15.3069,15.3085,15.3093,15.3093,15.3089,15.3089,15.3094,15.3097,15.3086,15.3092,15.3096,15.3096,15.3105,15.3121,15.3124,15.3113,15.3113,15.3109,15.3085,15.3087,15.3087,15.3087,15.3091,15.3083,15.3083,15.3103,15.3106,15.3107,15.3101,15.3104,15.3095,15.3092,15.3092,15.3099,15.3099,15.31,15.31,15.3113,15.3113,15.3123,15.3123,15.3118,15.3125,15.3101,15.3101,15.3104,15.3104,15.3113,15.3113,
Fri Apr 17 2020 06:41:56 GMT-0400 (Eastern Daylight Time)
15.3116,15.3121,15.3121,15.3122,15.3122,15.3126,15.3126,15.3117,15.3104,15.3085,15.3081,15.3084,15.3087,15.3093,15.3107,15.3107,15.3104,15.3102,15.3106,15.3106,15.3113,15.3106,15.3124,15.3128,15.3123,15.3123,15.3119,15.3119,15.313,15.3134,15.3134,15.313,15.313,15.313,15.3134,15.3134,15.3131,15.3136,15.3136,15.3139,15.3139,15.3139,15.3139,15.314,15.314,15.3138,15.3113,15.3119,15.3116,15.3116,15.3113,15.312,15.3126,15.3131,15.3127,15.3109,15.3112,15.3112,15.311,15.3115,
Fri Apr 17 2020 06:42:56 GMT-0400 (Eastern Daylight Time)
15.3127,15.3116,15.3117,15.3117,15.3118,15.3115,15.312,15.3122,15.3122,15.3118,15.3115,15.3108,15.3108,15.3092,15.3092,15.3089,15.3081,15.3081,15.3077,15.3083,15.3079,15.3066,15.3058,15.3061,15.3058,15.3059,15.3055,15.3055,15.3055,15.3031,15.3031,15.3021,15.3021,15.3016,15.3016,15.3018,15.3021,15.3017,15.3011,15.3011,15.3008,15.3008,15.3008,15.2999,15.2995,15.3,15.3004,15.3004,15.3002,15.2991,15.2996,15.2982,15.2984,15.2977,15.2977,15.2972,15.2977,15.2982,15.2985,15.299,
Fri Apr 17 2020 06:43:56 GMT-0400 (Eastern Daylight Time)
15.2987,15.2987,15.2995,15.2995,15.2983,15.2983,15.2976,15.2976,15.298,15.2966,15.297,15.2971,15.2969,15.2974,15.2974,15.2978,15.2976,15.2982,15.2978,15.2975,15.2964,15.295,15.296,15.2953,15.2956,15.2951,15.2949,15.2949,15.2949,15.2949,15.2942,15.294,15.2947,15.2947,15.2947,15.2928,15.2923,15.2926,15.293,15.293,15.293,15.2935,15.2937,15.2931,15.2952,15.2957,15.2957,15.2939,15.2946,15.2954,15.2954,15.2957,15.2957,15.2955,15.2952,15.2945,15.2948,15.2964,15.2957,15.2957,
Fri Apr 17 2020 06:44:56 GMT-0400 (Eastern Daylight Time)
15.2957,15.2958,15.2958,15.2965,15.2965,15.2959,15.2966,15.2966,15.2966,15.2971,15.2971,15.2956,15.2951,15.2961,15.2964,15.2967,15.2969,15.2965,15.2959,15.2959,15.2963,15.296,15.2962,15.2962,15.296,15.2965,15.2972,15.2976,15.2974,15.298,15.2983,15.2984,15.2984,15.2979,15.2978,15.298,15.2983,15.2983,15.2982,15.2976,15.2979,15.2975,15.2979,15.2977,15.2975,15.297,15.2967,15.2963,15.2959,15.2963,15.2958,15.2947,15.2941,15.2946,15.2946,15.2946,15.2946,15.2937,15.2944,15.2941,
Fri Apr 17 2020 06:45:56 GMT-0400 (Eastern Daylight Time)
15.294,15.294,15.294,15.294,15.2914,15.2912,15.2922,15.2918,15.2918,15.2913,15.2913,15.2913,15.2907,15.2913,15.2897,15.2893,15.2895,15.2894,15.2879,15.2895,15.2909,15.2912,15.2919,15.2912,15.2912,15.2925,15.2925,15.2909,15.2909,15.2909,15.2905,15.2897,15.2902,15.2902,15.2908,15.2931,15.2928,15.291,15.2915,15.2912,15.2915,15.2919,15.2903,15.29,15.29,15.2902,15.2906,15.2912,15.2909,15.2908,15.2911,15.2923,15.2923,15.2916,15.2918,15.2922,15.2938,15.2938,15.2938,15.2942,
Fri Apr 17 2020 06:46:55 GMT-0400 (Eastern Daylight Time)
15.2942,15.2939,15.293,15.293,15.2939,15.2925,15.2925,15.2925,15.2919,15.2914,15.2914,15.2918,15.2918,15.2924,15.2917,15.2922,15.2914,15.2914,15.2921,15.2918,15.2918,15.2918,15.2921,15.2915,15.2915,15.2923,15.2923,15.2923,15.2912,15.2935,15.2935,15.2935,15.2941,15.2949,15.2949,15.2969,15.297,15.2973,15.2971,15.2966,15.2966,15.2966,15.2972,15.2982,15.2982,15.2982,15.2984,15.3004,15.3001,15.3005,15.3002,15.301,15.3014,15.3011,15.3011,15.3006,15.3009,15.3011,15.3008,15.3001,
Fri Apr 17 2020 06:47:56 GMT-0400 (Eastern Daylight Time)
15.3,15.3003,15.3003,15.3001,15.3001,15.3003,15.3006,15.3006,15.3014,15.3002,15.3002,15.3032,15.3027,15.303,15.3029,15.3032,15.3023,15.3026,15.3052,15.3052,15.3046,15.3046,15.3043,15.3041,15.3036,15.3047,15.3044,15.3047,15.3047,15.3047,15.3047,15.3044,15.3047,15.3047,15.3066,15.3071,15.3071,15.3066,15.3066,15.3052,15.3052,15.3054,15.3054,15.3054,15.3061,15.3064,15.3052,15.3052,15.3053,15.3068,15.3065,15.3061,15.3059,15.3051,15.3048,15.3046,15.3045,15.3037,15.3031,15.3023,
Fri Apr 17 2020 06:48:56 GMT-0400 (Eastern Daylight Time)
15.302,15.3044,15.3044,15.3017,15.3012,15.3012,15.3014,15.302,15.303,15.3031,15.3032,15.3016,15.3019,15.3022,15.3017,15.3019,15.3021,15.3024,15.3025,15.3025,15.3038,15.3035,15.3035,15.3038,15.3035,15.3021,15.3021,15.3018,15.3014,15.3022,15.3056,15.3054,15.3057,15.3054,15.3064,15.3064,15.3064,15.3059,15.3058,15.3064,15.3061,15.3062,15.3068,15.3062,15.3048,15.3053,15.3055,15.3055,15.3058,15.3063,15.3063,15.3063,15.3063,15.3073,15.3069,15.3069,15.3074,15.3072,15.3072,15.3065,
Fri Apr 17 2020 06:49:56 GMT-0400 (Eastern Daylight Time)
15.3065,15.307,15.3075,15.3071,15.3078,15.3075,15.3079,15.3079,15.3079,15.3079,15.3079,15.3075,15.3067,15.307,15.3073,15.3076,15.3072,15.3069,15.3069,15.3066,15.3066,15.3062,15.306,15.3062,15.3062,15.3054,15.3057,15.3059,15.3053,15.3059,15.3059,15.3065,15.3071,15.3062,15.3066,15.3068,15.3071,15.3079,15.3079,15.3079,15.3084,15.3071,15.3069,15.3069,15.3069,15.3071,15.3075,15.308,15.3094,15.3088,15.3085,15.3079,15.3082,15.3089,15.3086,15.3086,15.3086,15.3092,15.3095,15.3092,
Fri Apr 17 2020 06:50:55 GMT-0400 (Eastern Daylight Time)
15.3096,15.3096,15.3096,15.3096,15.3099,15.3099,15.3099,15.3102,15.3097,15.3107,15.3107,15.3101,15.3101,15.31,15.31,15.3096,15.3096,15.3094,15.3097,15.3093,15.3096,15.3093,15.3093,15.3089,15.3092,15.3088,15.3083,15.3085,15.3085,15.3082,15.3073,15.3073,15.308,15.3084,15.3082,15.3091,15.3084,15.308,15.308,15.3077,15.3085,15.3083,15.3071,15.3073,15.3069,15.3064,15.3062,15.3062,15.3067,15.3051,15.3051,15.3051,15.3054,15.3059,15.3063,15.3063,15.3063,15.3066,15.3061,15.3074,
Fri Apr 17 2020 06:51:56 GMT-0400 (Eastern Daylight Time)
15.3069,15.3063,15.3063,15.3057,15.3057,15.306,15.306,15.3067,15.3067,15.3069,15.3069,15.3071,15.3075,15.3075,15.3078,15.3078,15.3075,15.309,15.3083,15.308,15.3083,15.3081,15.3071,15.3067,15.3066,15.3068,15.3059,15.3063,15.306,15.3065,15.3063,15.3063,15.3061,15.305,15.305,15.3048,15.3048,15.3021,15.3019,15.3017,15.3013,15.3011,15.2997,15.3001,15.2993,15.2993,15.297,15.2958,15.2962,15.2962,15.296,15.2964,15.2968,15.2961,15.2958,15.2961,15.2947,15.2943,15.2945,15.295,
Fri Apr 17 2020 06:52:56 GMT-0400 (Eastern Daylight Time)
15.2947,15.2944,15.2947,15.2948,15.2948,15.2948,15.2951,15.2963,15.2962,15.296,15.2963,15.2966,15.2966,15.2966,15.2971,15.2968,15.2968,15.2968,15.2976,15.2976,15.2976,15.2979,15.2988,15.2995,15.3009,15.3013,15.3016,15.3016,15.3019,15.3017,15.3014,15.3017,15.3014,15.3017,15.3012,15.3001,15.2997,15.2997,15.2997,15.2999,15.3008,15.3008,15.3019,15.3013,15.3011,15.3011,15.3014,15.302,15.302,15.3016,15.3019,15.3015,15.3018,15.3025,15.3015,15.3018,15.3024,15.3027,15.3027,15.3024,
Fri Apr 17 2020 06:53:56 GMT-0400 (Eastern Daylight Time)
15.3014,15.3012,15.3008,15.3002,15.2993,15.2993,15.3002,15.3002,15.3006,15.3006,15.3006,15.3006,15.3008,15.3015,15.3022,15.3021,15.3021,15.3016,15.3019,15.3013,15.3016,15.302,15.3014,15.3019,15.3019,15.3014,15.3012,15.3009,15.3009,15.3006,15.3009,15.3013,15.3009,15.3011,15.3018,15.3021,15.301,15.301,15.2999,15.2999,15.2984,15.2982,15.2969,15.2978,15.2996,15.3007,15.3005,15.3003,15.3003,15.3005,15.3003,15.3,15.3,15.2995,15.2987,15.2984,15.2984,15.2984,15.2988,15.2989,
Fri Apr 17 2020 06:54:56 GMT-0400 (Eastern Daylight Time)
15.2995,15.2995,15.2995,15.2984,15.2984,15.2984,15.2981,15.2978,15.2978,15.2971,15.2971,15.2971,15.2964,15.2964,15.297,15.2967,15.2967,15.2962,15.2955,15.295,15.295,15.2947,15.2943,15.2946,15.2946,15.2947,15.2944,15.295,15.296,15.2959,15.2962,15.2956,15.2959,15.296,15.2969,15.2962,15.2962,15.2962,15.295,15.2958,15.2961,15.2962,15.2968,15.2973,15.2973,15.297,15.2966,15.2963,15.2969,15.2994,15.2988,15.2988,15.2985,15.2979,15.2979,15.2976,15.2976,15.2971,15.2971,15.297,
Fri Apr 17 2020 06:55:55 GMT-0400 (Eastern Daylight Time)
15.297,15.297,15.297,15.2974,15.3001,15.2979,15.2979,15.2985,15.2983,15.2983,15.2977,15.298,15.298,15.2984,15.2984,15.2991,15.2992,15.299,15.2984,15.2982,15.2982,15.2985,15.297,15.2967,15.2955,15.2955,15.2955,15.2951,15.2956,15.2956,15.2945,15.2948,15.2948,15.2955,15.2956,15.2965,15.2973,15.2977,15.2974,15.297,15.2981,15.2983,15.2986,15.2983,15.2972,15.2963,15.2972,15.2966,15.2979,15.2982,15.2978,15.2967,15.2964,15.2964,15.2967,15.2962,15.2958,15.2961,15.2961,15.2972,
Fri Apr 17 2020 06:56:56 GMT-0400 (Eastern Daylight Time)
15.2972,15.2974,15.2967,15.2967,15.2967,15.2976,15.2979,15.2973,15.2968,15.2968,15.2968,15.2968,15.2971,15.2971,15.2971,15.2974,15.2971,15.2979,15.2982,15.2978,15.2978,15.2971,15.2967,15.297,15.2968,15.2964,15.2971,15.2979,15.2973,15.2969,15.2971,15.2973,15.2969,15.2973,15.2966,15.2966,15.2947,15.2964,15.2972,15.2968,15.2976,15.2976,15.2976,15.2981,15.2983,15.2986,15.2983,15.298,15.2978,15.2978,15.2975,15.2975,15.2973,15.2973,15.2972,15.2972,15.2972,15.2972,15.298,15.298,
Fri Apr 17 2020 06:57:56 GMT-0400 (Eastern Daylight Time)
15.2982,15.2982,15.2982,15.2968,15.2971,15.2971,15.2973,15.2966,15.2966,15.2964,15.2936,15.2938,15.2938,15.2938,15.2932,15.2934,15.2938,15.2941,15.2954,15.2959,15.2956,15.2959,15.2953,15.2956,15.295,15.2946,15.2944,15.2944,15.2941,15.2941,15.2929,15.2929,15.2927,15.2921,15.2922,15.2917,15.2915,15.2909,15.2912,15.2915,15.2922,15.2933,15.2923,15.2923,15.2918,15.2928,15.2923,15.2927,15.2924,15.2917,15.2913,15.2913,15.2913,15.2913,15.2911,15.2919,15.2904,15.2904,15.2912,15.2912,
Fri Apr 17 2020 06:58:55 GMT-0400 (Eastern Daylight Time)
15.2907,15.2907,15.2924,15.2924,15.2921,15.2924,15.2912,15.2923,15.2926,15.2926,15.2933,15.2933,15.2933,15.2933,15.2931,15.2901,15.2905,15.2901,15.2898,15.2897,15.29,15.29,15.29,15.2905,15.2899,15.2899,15.2892,15.2883,15.2879,15.2885,15.2888,15.289,15.2894,15.2902,15.2905,15.2903,15.2903,15.2899,15.2909,15.2913,15.2913,15.2916,15.2919,15.2919,15.2921,15.2906,15.2909,15.2909,15.2909,15.2909,15.2909,15.2913,15.2921,15.2939,15.2945,15.2942,15.2939,15.2936,15.2931,15.2927,
Fri Apr 17 2020 06:59:56 GMT-0400 (Eastern Daylight Time)
15.2924,15.2923,15.2946,15.2954,15.2951,15.2951,15.2945,15.2945,15.2945,15.2947,15.2944,15.2946,15.2946,15.2942,15.2943,15.2942,15.2942,15.2942,15.2913,15.291,15.291,15.2905,15.2908,15.2905,15.2913,15.291,15.2917,15.2921,15.2921,15.2921,15.2918,15.2915,15.2915,15.2915,15.2912,15.2912,15.2907,15.2903,15.2904,15.2892,15.2888,15.2884,15.289,15.2896,15.2906,15.2898,15.2887,15.2887,15.2887,15.2899,15.2905,15.291,15.291,15.2904,15.2893,15.2873,15.2899,15.2899,15.2901,15.2895,
Fri Apr 17 2020 07:00:56 GMT-0400 (Eastern Daylight Time)
15.2891,15.2891,15.2901,15.2901,15.2901,15.2907,15.291,15.2914,15.2917,15.2917,15.2917,15.291,15.2916,15.2916,15.2916,15.2919,15.2922,15.2925,15.2927,15.293,15.2932,15.2923,15.2926,15.293,15.2926,15.293,15.2934,15.2934,15.2934,15.2929,15.2917,15.292,15.2923,15.2915,15.291,15.2912,15.2912,15.2912,15.2918,15.2921,15.2907,15.2913,15.2906,15.2928,15.2931,15.2937,15.2948,15.2948,15.2951,15.2951,15.2954,15.2958,15.2956,15.2961,15.2966,15.2966,15.2966,15.297,15.2967,15.2963,
Fri Apr 17 2020 07:01:56 GMT-0400 (Eastern Daylight Time)
15.2963,15.297,15.2963,15.2963,15.2952,15.2952,15.2957,15.2959,15.2959,15.2961,15.2958,15.2961,15.2961,15.2963,15.2962,15.297,15.2967,15.2967,15.2966,15.2959,15.2949,15.2949,15.2952,15.2941,15.2941,15.2946,15.294,15.2939,15.2936,15.2939,15.2942,15.2942,15.2942,15.2942,15.2943,15.2938,15.2951,15.2951,15.2941,15.2941,15.2941,15.294,15.2934,15.2931,15.2946,15.2956,15.2956,15.2942,15.2942,15.294,15.2943,15.2954,15.2956,15.2968,15.2976,15.2974,15.2974,15.2974,15.2972,15.2972,
Fri Apr 17 2020 07:02:56 GMT-0400 (Eastern Daylight Time)
15.2963,15.2963,15.2962,15.2962,15.2961,15.2961,15.2961,15.2961,15.2965,15.2965,15.2969,15.2972,15.2975,15.2977,15.2966,15.2966,15.2963,15.2966,15.2962,15.2955,15.2952,15.2952,15.2948,15.2941,15.2941,15.2941,15.2941,15.2945,15.294,15.294,15.2939,15.2968,15.2968,15.2962,15.2962,15.2952,15.2947,15.2936,15.2939,15.2939,15.2946,15.2949,15.2949,15.295,15.2955,15.2955,15.2952,15.2955,15.2955,15.2939,15.2939,15.2934,15.2939,15.2939,15.2929,15.2913,15.2929,15.2929,15.2933,15.2939,
Fri Apr 17 2020 07:03:56 GMT-0400 (Eastern Daylight Time)
15.295,15.2952,15.2952,15.2955,15.2979,15.2979,15.298,15.2979,15.2979,15.2976,15.2976,15.2968,15.2975,15.2974,15.2976,15.2982,15.2985,15.2979,15.2979,15.2971,15.2967,15.2967,15.2961,15.2958,15.2944,15.2951,15.2945,15.2942,15.2937,15.2933,15.2933,15.2933,15.2933,15.2915,15.292,15.2913,15.2909,15.2904,15.2893,15.2901,15.2905,15.2905,15.2902,15.2898,15.2901,15.2897,15.2886,15.2878,15.2878,15.2869,15.2872,15.2875,15.288,15.2871,15.2871,15.2865,15.2862,15.2855,15.2855,15.2853,
Fri Apr 17 2020 07:04:56 GMT-0400 (Eastern Daylight Time)
15.2851,15.284,15.2842,15.2839,15.2831,15.2834,15.2831,15.2832,15.2825,15.2819,15.2816,15.2813,15.2821,15.2818,15.2813,15.2821,15.2815,15.2817,15.2814,15.2814,15.2817,15.2823,15.282,15.2818,15.2825,15.2828,15.2832,15.2828,15.2834,15.2834,15.283,15.2837,15.2833,15.2833,15.2833,15.2846,15.2849,15.2845,15.2848,15.2845,15.2849,15.2846,15.2846,15.285,15.284,15.2848,15.2851,15.285,15.2847,15.2847,15.2842,15.2843,15.2843,15.2845,15.2848,15.2852,15.2858,15.2858,15.2854,15.2853,
Fri Apr 17 2020 07:05:56 GMT-0400 (Eastern Daylight Time)
15.2853,15.2854,15.2854,15.2851,15.2861,15.2861,15.2858,15.2855,15.286,15.2857,15.2853,15.2855,15.2855,15.2857,15.286,15.2856,15.2853,15.2853,15.2853,15.2853,15.2857,15.2862,15.287,15.2861,15.2858,15.2868,15.2868,15.2877,15.2884,15.2884,15.2884,15.2893,15.2893,15.2889,15.2893,15.289,15.289,15.289,15.2862,15.2859,15.2855,15.2852,15.2859,15.2866,15.2891,15.2895,15.2889,15.2886,15.2913,15.2923,15.2923,15.2913,15.2908,15.2905,15.29,15.2907,15.2902,15.2902,15.2906,15.2904,
Fri Apr 17 2020 07:06:56 GMT-0400 (Eastern Daylight Time)
15.2901,15.2901,15.2906,15.2894,15.2891,15.2888,15.2888,15.2885,15.2885,15.2885,15.2893,15.2895,15.2906,15.2904,15.2907,15.291,15.291,15.291,15.2914,15.2898,15.2893,15.2893,15.2894,15.2889,15.2889,15.2883,15.2881,15.2899,15.2902,15.2908,15.2908,15.2916,15.2916,15.2916,15.2914,15.2911,15.2905,15.291,15.2913,15.2919,15.2913,15.2913,15.2909,15.2906,15.2913,15.2911,15.2911,15.2909,15.2909,15.291,15.2913,15.2897,15.2897,15.2897,15.2897,15.2897,15.2891,15.2891,15.2885,15.2885,
Fri Apr 17 2020 07:07:56 GMT-0400 (Eastern Daylight Time)
15.2875,15.2879,15.287,15.2864,15.2864,15.2864,15.286,15.2857,15.286,15.2859,15.2859,15.2854,15.2868,15.2864,15.2868,15.2861,15.2842,15.2846,15.2846,15.2846,15.2846,15.2846,15.2845,15.285,15.2852,15.2855,15.2854,15.2845,15.2848,15.2851,15.2848,15.2842,15.2834,15.2834,15.2824,15.2827,15.2825,15.2823,15.2831,15.2824,15.2829,15.2822,15.2822,15.2822,15.2832,15.2833,15.2828,15.2833,15.2832,15.282,15.2816,15.2816,15.281,15.2808,15.281,15.2806,15.2809,15.2804,15.2801,15.2807,
Fri Apr 17 2020 07:08:56 GMT-0400 (Eastern Daylight Time)
15.2814,15.2829,15.2826,15.2831,15.2831,15.2834,15.2841,15.2838,15.2832,15.2828,15.2828,15.2828,15.2834,15.285,15.285,15.2851,15.2851,15.2849,15.2852,15.2848,15.2838,15.284,15.2844,15.2829,15.2839,15.2839,15.2848,15.2856,15.2859,15.2857,15.2857,15.2854,15.2859,15.2841,15.2829,15.2829,15.2826,15.283,15.2833,15.283,15.2823,15.2819,15.2815,15.2807,15.2812,15.281,15.2817,15.2821,15.2817,15.2815,15.283,15.2827,15.2825,15.2825,15.2825,15.2825,15.2828,15.2831,15.2831,15.2833,
Fri Apr 17 2020 07:09:56 GMT-0400 (Eastern Daylight Time)
15.2832,15.2832,15.2832,15.2832,15.2802,15.2802,15.2795,15.2792,15.2788,15.2781,15.2781,15.2778,15.2774,15.2778,15.2778,15.2775,15.276,15.2758,15.276,15.2765,15.2771,15.2771,15.2766,15.2766,15.277,15.2771,15.2771,15.278,15.2783,15.2799,15.2799,15.2803,15.2791,15.2796,15.2802,15.28,15.2803,15.2806,15.2804,15.2821,15.2818,15.2822,15.2822,15.2822,15.2825,15.2825,15.2824,15.2827,15.2851,15.2858,15.2864,15.2866,15.2866,15.2859,15.2854,15.2854,15.2857,15.285,15.285,15.2846,
Fri Apr 17 2020 07:10:56 GMT-0400 (Eastern Daylight Time)
15.2844,15.2837,15.2832,15.2835,15.2829,15.2832,15.2823,15.2823,15.2824,15.2819,15.2816,15.2811,15.2808,15.2808,15.2805,15.2797,15.2787,15.2801,15.2799,15.2804,15.2796,15.2808,15.2836,15.2836,15.2836,15.284,15.2849,15.2849,15.2842,15.2837,15.2837,15.2838,15.2834,15.2831,15.2834,15.2834,15.2841,15.2828,15.2833,15.2827,15.2824,15.283,15.2825,15.2829,15.2809,15.2808,15.2804,15.2804,15.2814,15.2827,15.2827,15.2827,15.2827,15.283,15.2826,15.2826,15.2822,15.282,15.2828,15.2835,
Fri Apr 17 2020 07:11:56 GMT-0400 (Eastern Daylight Time)
15.2836,15.2836,15.2839,15.2839,15.2855,15.2848,15.2845,15.2842,15.2847,15.2851,15.2845,15.2837,15.2841,15.2841,15.2844,15.2844,15.2843,15.2841,15.2846,15.2846,15.2843,15.2835,15.283,15.283,15.2814,15.2825,15.2835,15.2832,15.2837,15.284,15.283,15.283,15.2824,15.2828,15.2833,15.2836,15.2836,15.2844,15.2839,15.2834,15.2845,15.2845,15.2855,15.2855,15.2852,15.2859,15.2859,15.2869,15.2875,15.2874,15.2874,15.2876,15.2876,15.2876,15.2876,15.2876,15.2876,15.2876,15.2876,15.2881,
Fri Apr 17 2020 07:12:56 GMT-0400 (Eastern Daylight Time)
15.288,15.2875,15.288,15.2873,15.2877,15.2877,15.2877,15.288,15.2881,15.2881,15.2881,15.2883,15.2882,15.2882,15.2882,15.2881,15.2882,15.2883,15.2877,15.2877,15.2877,15.2881,15.2881,15.2881,15.2881,15.2881,15.2881,15.2889,15.2888,15.2891,15.2903,15.2905,15.2914,15.2936,15.2939,15.2937,15.293,15.2928,15.2923,15.2923,15.292,15.292,15.2931,15.295,15.2962,15.2976,15.2976,15.2974,15.2977,15.2984,15.2984,15.2989,15.298,15.298,15.298,15.2973,15.2975,15.297,15.2977,15.2988,
Fri Apr 17 2020 07:13:56 GMT-0400 (Eastern Daylight Time)
15.2986,15.2986,15.2986,15.2986,15.299,15.2995,15.2995,15.2995,15.2999,15.3011,15.3008,15.3005,15.3006,15.3009,15.3005,15.3014,15.3012,15.3016,15.3012,15.3012,15.3012,15.3009,15.3009,15.3001,15.3002,15.3,15.2996,15.2996,15.2987,15.299,15.2992,15.2992,15.2995,15.2982,15.2984,15.299,15.298,15.2977,15.2968,15.2968,15.2959,15.2968,15.2963,15.2961,15.2964,15.2964,15.2979,15.2983,15.2986,15.2971,15.2974,15.2974,15.2987,15.2987,15.2987,15.2983,15.2987,15.2992,15.2992,15.2999,
Fri Apr 17 2020 07:14:56 GMT-0400 (Eastern Daylight Time)
15.3012,15.3009,15.3012,15.3012,15.3012,15.3012,15.3018,15.3021,15.3024,15.3024,15.3011,15.3011,15.3016,15.3016,15.3013,15.3005,15.3022,15.3017,15.3017,15.3011,15.2994,15.2994,15.2976,15.2979,15.2976,15.2979,15.2988,15.2983,15.3011,15.3017,15.3014,15.3018,15.3013,15.3006,15.3001,15.299,15.299,15.2976,15.2979,15.2979,15.2977,15.2983,15.298,15.298,15.2969,15.2972,15.2974,15.2974,15.2974,15.2971,15.2985,15.2979,15.2974,15.2981,15.2993,15.2993,15.3001,15.3002,15.2999,15.3002,
Fri Apr 17 2020 07:15:56 GMT-0400 (Eastern Daylight Time)
15.301,15.3008,15.3003,15.3003,15.2995,15.3,15.2987,15.2987,15.2995,15.2995,15.2993,15.2997,15.2996,15.2996,15.2993,15.3004,15.3001,15.3001,15.3001,15.3001,15.3006,15.2998,15.2998,15.2998,15.2995,15.2988,15.2985,15.2982,15.2984,15.2986,15.2986,15.2978,15.297,15.297,15.2963,15.2963,15.295,15.2948,15.2953,15.295,15.2947,15.2945,15.2935,15.2933,15.2924,15.2921,15.2923,15.2924,15.2936,15.2936,15.2929,15.2933,15.2928,15.2933,15.293,15.2933,15.2936,15.294,15.2942,15.2938,
Fri Apr 17 2020 07:16:56 GMT-0400 (Eastern Daylight Time)
15.2946,15.2942,15.2935,15.293,15.2922,15.2922,15.293,15.2937,15.2943,15.294,15.2946,15.2946,15.2946,15.2946,15.2959,15.2963,15.2959,15.2952,15.2956,15.2963,15.2964,15.2958,15.2956,15.2946,15.2949,15.2955,15.2954,15.2954,15.2954,15.2956,15.2954,15.2954,15.295,15.2956,15.2954,15.2954,15.2946,15.2956,15.2956,15.2956,15.2956,15.2956,15.295,15.2948,15.2948,15.2952,15.2948,15.2948,15.295,15.2953,15.295,15.2953,15.2945,15.2948,15.2941,15.2938,15.2941,15.2926,15.292,15.2918,
Fri Apr 17 2020 07:17:56 GMT-0400 (Eastern Daylight Time)
15.2918,15.2922,15.2922,15.2926,15.2926,15.2931,15.2931,15.2946,15.294,15.2937,15.293,15.2906,15.2906,15.292,15.292,15.2934,15.2933,15.2933,15.2933,15.2935,15.2929,15.2931,15.2931,15.2945,15.294,15.294,15.294,15.294,15.2936,15.2936,15.2929,15.2929,15.293,15.2924,15.2926,15.2926,15.2923,15.2928,15.2928,15.2924,15.2924,15.2898,15.289,15.2887,15.2913,15.2913,15.2916,15.292,15.2923,15.2913,15.2915,15.2923,15.2927,15.2943,15.2943,15.2943,15.294,15.2965,15.2959,15.2959,
Fri Apr 17 2020 07:18:56 GMT-0400 (Eastern Daylight Time)
15.2959,15.2959,15.2959,15.296,15.296,15.2963,15.2958,15.2955,15.2946,15.2942,15.2954,15.2945,15.2945,15.2955,15.296,15.2973,15.2973,15.2977,15.3001,15.3001,15.3001,15.2998,15.3006,15.3009,15.3009,15.3012,15.3016,15.3016,15.3016,15.3023,15.3031,15.3031,15.3028,15.3023,15.3009,15.3009,15.3007,15.3,15.3,15.3,15.2995,15.2988,15.2985,15.2988,15.2988,15.2988,15.2988,15.2991,15.2986,15.299,15.2983,15.2995,15.2993,15.2988,15.2982,15.3,15.2991,15.2988,15.2988,15.2992,
Fri Apr 17 2020 07:19:56 GMT-0400 (Eastern Daylight Time)
15.2975,15.2973,15.2973,15.297,15.297,15.2968,15.2971,15.296,15.296,15.2969,15.2969,15.2973,15.2973,15.2974,15.2984,15.2984,15.2978,15.2974,15.2974,15.2974,15.2967,15.2967,15.2971,15.2967,15.2964,15.2959,15.2959,15.2964,15.2968,15.2973,15.2977,15.2971,15.2968,15.2973,15.2977,15.2977,15.2974,15.2982,15.2982,15.2986,15.299,15.3008,15.3011,15.3006,15.3011,15.3023,15.3021,15.3018,15.3024,15.3029,15.302,15.3023,15.3026,15.3022,15.3018,15.301,15.301,15.3014,15.3011,15.3017,
Fri Apr 17 2020 07:20:56 GMT-0400 (Eastern Daylight Time)
15.3017,15.3028,15.3028,15.3028,15.3053,15.3059,15.3059,15.3059,15.3059,15.306,15.3034,15.3032,15.3032,15.3035,15.3033,15.3028,15.3026,15.3026,15.3033,15.3033,15.3038,15.3039,15.3041,15.3041,15.3045,15.3039,15.3037,15.304,15.3017,15.3016,15.3009,15.3006,15.3009,15.3019,15.3031,15.3012,15.3012,15.3012,15.3015,15.3015,15.3018,15.3024,15.3015,15.302,15.302,15.302,15.302,15.3023,15.3023,15.302,15.3006,15.3006,15.3006,15.2998,15.2996,15.2992,15.2995,15.2995,15.3002,15.3002,
Fri Apr 17 2020 07:21:55 GMT-0400 (Eastern Daylight Time)
15.3002,15.3028,15.3028,15.3004,15.3006,15.301,15.3014,15.3017,15.3021,15.3013,15.3016,15.3003,15.3003,15.2986,15.2991,15.3002,15.2998,15.2995,15.299,15.2993,15.2983,15.2983,15.2993,15.301,15.301,15.3009,15.3013,15.3019,15.3017,15.3021,15.3017,15.3017,15.302,15.3023,15.3025,15.3028,15.3034,15.3031,15.301,15.3007,15.3007,15.3008,15.3004,15.303,15.3022,15.3022,15.3023,15.3023,15.3008,15.3006,15.301,15.3001,15.3007,15.3015,15.3007,15.301,15.3014,15.3011,15.3006,15.3004,
Fri Apr 17 2020 07:22:56 GMT-0400 (Eastern Daylight Time)
15.3027,15.2999,15.3017,15.3017,15.301,15.3007,15.3004,15.2993,15.2993,15.297,15.2975,15.2986,15.2986,15.2986,15.299,15.2991,15.2989,15.2993,15.299,15.2989,15.3,15.2999,15.2994,15.2998,15.3003,15.2999,15.2995,15.2985,15.2985,15.2982,15.2982,15.2982,15.2987,15.3005,15.3009,15.3006,15.3011,15.3006,15.3006,15.3003,15.3003,15.2996,15.2988,15.3013,15.301,15.3001,15.3006,15.301,15.3018,15.3015,15.302,15.3023,15.3023,15.3032,15.3029,15.3026,15.3033,15.3033,15.3033,15.3036,
Fri Apr 17 2020 07:23:56 GMT-0400 (Eastern Daylight Time)
15.3036,15.3029,15.3035,15.3035,15.3042,15.3051,15.3046,15.3046,15.3038,15.304,15.3037,15.3032,15.3036,15.304,15.304,15.3039,15.3039,15.3036,15.3032,15.3027,15.3023,15.3023,15.3023,15.3018,15.3018,15.3017,15.3026,15.3024,15.3027,15.3013,15.3015,15.3017,15.3017,15.3019,15.3022,15.3019,15.3017,15.3013,15.3016,15.3016,15.3016,15.3006,15.3009,15.3006,15.302,15.302,15.3015,15.3011,15.3029,15.3032,15.3032,15.3032,15.3042,15.3042,15.3042,15.3042,15.3046,15.3046,15.3046,15.3046,
Fri Apr 17 2020 07:24:56 GMT-0400 (Eastern Daylight Time)
15.3044,15.3045,15.3045,15.3045,15.3045,15.3042,15.3042,15.3042,15.3042,15.3042,15.3049,15.3049,15.3049,15.3049,15.3049,15.3049,15.3049,15.3049,15.3051,15.306,15.3065,15.3063,15.3072,15.3072,15.3072,15.3073,15.3069,15.3074,15.3078,15.3074,15.3079,15.3071,15.3071,15.3049,15.3049,15.3049,15.3053,15.3049,15.3036,15.3029,15.3032,15.3029,15.3033,15.3027,15.3027,15.3027,15.303,15.303,15.303,15.302,15.3025,15.3025,15.3024,15.3024,15.3031,15.3031,15.3031,15.3015,15.3016,15.3016,
Fri Apr 17 2020 07:25:56 GMT-0400 (Eastern Daylight Time)
15.301,15.3004,15.3004,15.2997,15.2997,15.3,15.3,15.3002,15.3025,15.3022,15.3022,15.302,15.3017,15.3017,15.3017,15.3017,15.3016,15.3016,15.3011,15.3005,15.3015,15.3006,15.3001,15.3005,15.3006,15.2995,15.2997,15.2991,15.2989,15.2987,15.2987,15.299,15.2987,15.299,15.2986,15.2991,15.2991,15.3004,15.301,15.3013,15.3013,15.3004,15.3001,15.3023,15.3023,15.3023,15.302,15.3016,15.3019,15.3013,15.3009,15.3014,15.3019,15.3024,15.3024,15.3021,15.3029,15.3041,15.3036,15.3032,
Fri Apr 17 2020 07:26:56 GMT-0400 (Eastern Daylight Time)
15.3035,15.3027,15.3027,15.3024,15.3024,15.3018,15.3014,15.3014,15.3016,15.3015,15.301,15.301,15.301,15.3006,15.3005,15.3003,15.3003,15.3007,15.301,15.2997,15.3004,15.3001,15.3006,15.3004,15.3004,15.3006,15.3001,15.2998,15.3001,15.3004,15.3009,15.3006,15.3006,15.3003,15.3003,15.2989,15.2993,15.2993,15.2993,15.2995,15.3002,15.2999,15.2999,15.2995,15.2981,15.2984,15.2981,15.2979,15.2976,15.2969,15.2972,15.297,15.2973,15.2961,15.2976,15.2973,15.2973,15.2974,15.2984,15.2997,
Fri Apr 17 2020 07:27:56 GMT-0400 (Eastern Daylight Time)
15.2997,15.2995,15.2995,15.2995,15.3007,15.3007,15.3013,15.3013,15.301,15.3014,15.3007,15.3014,15.3009,15.3009,15.3003,15.3008,15.3005,15.3007,15.3011,15.3007,15.3003,15.3001,15.3003,15.3007,15.3012,15.2997,15.2995,15.3003,15.3003,15.3004,15.3004,15.3015,15.3001,15.3001,15.3003,15.3001,15.3003,15.3003,15.3005,15.3005,15.3002,15.2997,15.2995,15.2999,15.2995,15.301,15.3005,15.3005,15.2998,15.2998,15.2996,15.3003,15.3003,15.3,15.3005,15.3005,15.3002,15.2999,15.3012,15.3009,
Fri Apr 17 2020 07:28:55 GMT-0400 (Eastern Daylight Time)
15.3012,15.3003,15.2998,15.2998,15.2997,15.2997,15.3002,15.3002,15.3013,15.3015,15.3023,15.3032,15.3032,15.3032,15.304,15.304,15.3043,15.3049,15.3045,15.3045,15.3042,15.3045,15.3046,15.3051,15.3057,15.3055,15.3057,15.3053,15.3047,15.3054,15.3051,15.3051,15.3054,15.3061,15.3063,15.3063,15.3058,15.3055,15.3053,15.3058,15.3058,15.3067,15.3067,15.3061,15.3064,15.3068,15.3054,15.3056,15.3052,15.3055,15.3058,15.3058,15.306,15.3058,15.3061,15.3064,15.3057,15.3057,15.306,15.3061,
Fri Apr 17 2020 07:29:56 GMT-0400 (Eastern Daylight Time)
15.3063,15.306,15.3035,15.3035,15.3032,15.3029,15.3021,15.3029,15.3029,15.3026,15.3034,15.3036,15.3039,15.3039,15.3034,15.303,15.3043,15.3046,15.3052,15.3045,15.3044,15.304,15.3048,15.3045,15.305,15.305,15.3048,15.3055,15.3064,15.3069,15.3069,15.3067,15.3067,15.3065,15.3062,15.3059,15.3069,15.3076,15.3072,15.3078,15.3068,15.3065,15.3071,15.3072,15.3072,15.3075,15.3078,15.3068,15.3071,15.3073,15.3077,15.308,15.3084,15.3079,15.3072,15.3064,15.306,15.306,15.3064,15.3055,
Fri Apr 17 2020 07:30:56 GMT-0400 (Eastern Daylight Time)
15.3061,15.3061,15.3071,15.3071,15.3071,15.3084,15.3089,15.3089,15.3086,15.3087,15.3087,15.3087,15.3087,15.3099,15.3102,15.3102,15.3102,15.3099,15.3085,15.3073,15.3073,15.3071,15.3073,15.3069,15.3066,15.3066,15.3061,15.3057,15.3051,15.3047,15.3039,15.3039,15.3048,15.3048,15.3039,15.3041,15.3034,15.3037,15.3037,15.3034,15.3037,15.3043,15.3046,15.3054,15.3054,15.3055,15.3052,15.3049,15.3049,15.3026,15.3027,15.3023,15.3026,15.3023,15.3027,15.3024,15.3027,15.3027,15.3031,15.3031,
Fri Apr 17 2020 07:31:56 GMT-0400 (Eastern Daylight Time)
15.3031,15.3031,15.3052,15.3054,15.3074,15.3077,15.3087,15.3082,15.3085,15.3085,15.3079,15.3076,15.3072,15.3071,15.3071,15.3071,15.3073,15.3071,15.3071,15.3068,15.3068,15.3071,15.3064,15.306,15.3063,15.3072,15.3069,15.3065,15.3065,15.3071,15.3067,15.3064,15.3064,15.3068,15.3081,15.3081,15.307,15.3058,15.3072,15.3066,15.3066,15.3069,15.3066,15.307,15.307,15.3064,15.3059,15.3065,15.3059,15.3051,15.3054,15.3054,15.3064,15.306,15.3057,15.3051,15.3047,15.3055,15.3041,15.3034,
Fri Apr 17 2020 07:32:56 GMT-0400 (Eastern Daylight Time)
15.3031,15.3034,15.3037,15.3033,15.3033,15.3031,15.2998,15.2998,15.2998,15.3014,15.2994,15.299,15.299,15.2993,15.2988,15.2986,15.2988,15.2983,15.3008,15.3008,15.3009,15.3007,15.3019,15.3014,15.3006,15.3004,15.3,15.2996,15.2993,15.2993,15.299,15.2993,15.299,15.2992,15.298,15.2986,15.2984,15.2989,15.2992,15.2992,15.299,15.2986,15.2988,15.2967,15.2965,15.2965,15.2972,15.2974,15.2974,15.2978,15.2978,15.2978,15.2976,15.2976,15.298,15.2998,15.2998,15.2991,15.2998,15.2998,
Fri Apr 17 2020 07:33:56 GMT-0400 (Eastern Daylight Time)
15.2994,15.2994,15.2991,15.2991,15.2991,15.2998,15.2998,15.3005,15.2994,15.2989,15.2986,15.2982,15.2968,15.2961,15.2966,15.2961,15.2965,15.2965,15.2962,15.2963,15.2972,15.2975,15.2985,15.299,15.2984,15.2981,15.2985,15.2987,15.2984,15.2984,15.2977,15.2977,15.2975,15.2948,15.2959,15.2952,15.2954,15.2959,15.2959,15.2956,15.2959,15.2959,15.2957,15.296,15.2957,15.2957,15.296,15.296,15.296,15.2965,15.2971,15.2971,15.2969,15.2975,15.2983,15.2976,15.2979,15.2977,15.2976,15.2986,
Fri Apr 17 2020 07:34:56 GMT-0400 (Eastern Daylight Time)
15.2981,15.2978,15.2969,15.2971,15.2977,15.2975,15.2982,15.2985,15.2997,15.2988,15.2982,15.2985,15.2985,15.2974,15.2974,15.2977,15.2974,15.2977,15.2975,15.2975,15.2981,15.2985,15.2979,15.2982,15.2974,15.2977,15.2972,15.2978,15.2978,15.2977,15.2979,15.2979,15.2984,15.2984,15.2995,15.2995,15.2993,15.2989,15.3001,15.2997,15.3004,15.2998,15.2991,15.2998,15.2995,15.2992,15.2994,15.2991,15.2988,15.2985,15.2981,15.2984,15.2988,15.2995,15.2994,15.2994,15.2989,15.2988,15.2971,15.2969,
Fri Apr 17 2020 07:35:56 GMT-0400 (Eastern Daylight Time)
15.2972,15.2969,15.2966,15.2966,15.2968,15.2971,15.298,15.2977,15.298,15.2984,15.2991,15.2991,15.3003,15.3015,15.3022,15.3022,15.3025,15.3036,15.3036,15.304,15.3043,15.3052,15.3049,15.3039,15.3039,15.3042,15.3039,15.3039,15.3039,15.3036,15.3043,15.3043,15.3043,15.3041,15.3045,15.3042,15.3042,15.3036,15.3036,15.3043,15.3043,15.3048,15.305,15.3053,15.3055,15.303,15.3039,15.3028,15.3028,15.3028,15.3024,15.3014,15.301,15.301,15.3015,15.3012,15.3016,15.3034,15.3037,15.3047,
Fri Apr 17 2020 07:36:55 GMT-0400 (Eastern Daylight Time)
15.3053,15.305,15.3047,15.3054,15.3044,15.3044,15.3044,15.3027,15.302,15.3011,15.3011,15.3017,15.3017,15.3022,15.3017,15.3012,15.3029,15.302,15.3015,15.301,15.3021,15.3021,15.3009,15.3017,15.3017,15.3017,15.3011,15.3019,15.3014,15.3014,15.3007,15.2994,15.2995,15.2992,15.2992,15.2997,15.2997,15.2996,15.2993,15.3001,15.3001,15.3009,15.3009,15.3008,15.3012,15.3005,15.3005,15.2997,15.3,15.2995,15.2995,15.2995,15.3,15.3002,15.2995,15.299,15.2985,15.2985,15.2985,15.3,
Fri Apr 17 2020 07:37:55 GMT-0400 (Eastern Daylight Time)
15.3005,15.3008,15.3,15.3,15.3,15.3,15.2997,15.2997,15.3006,15.3011,15.3011,15.3011,15.3009,15.3016,15.302,15.3026,15.3033,15.3031,15.3031,15.3034,15.3031,15.3036,15.305,15.3034,15.3034,15.3034,15.3034,15.303,15.303,15.3026,15.3031,15.3022,15.3019,15.3025,15.3021,15.3021,15.3021,15.3021,15.3021,15.3016,15.3017,15.3015,15.3018,15.3016,15.3023,15.3025,15.3022,15.3024,15.3023,15.3027,15.3027,15.3016,15.302,15.3027,15.3024,15.3033,15.3033,15.3028,15.3028,15.3031,
Fri Apr 17 2020 07:38:56 GMT-0400 (Eastern Daylight Time)
15.3049,15.3049,15.3067,15.3063,15.3056,15.306,15.3053,15.3055,15.3057,15.3061,15.3064,15.3064,15.3067,15.3071,15.3071,15.3085,15.3077,15.3077,15.3068,15.3078,15.3078,15.3069,15.3052,15.3047,15.3063,15.3063,15.3066,15.3069,15.3073,15.3078,15.3078,15.3094,15.3106,15.3103,15.3101,15.3094,15.309,15.3096,15.3114,15.3114,15.3118,15.3126,15.3126,15.3138,15.3143,15.3143,15.314,15.3154,15.315,15.3155,15.3158,15.3148,15.3148,15.3144,15.3144,15.3146,15.3143,15.3143,15.3127,15.3129,
Fri Apr 17 2020 07:39:56 GMT-0400 (Eastern Daylight Time)
15.3136,15.3136,15.3136,15.3136,15.3149,15.3156,15.3156,15.3158,15.3143,15.3143,15.3143,15.3156,15.3156,15.3153,15.3156,15.3166,15.3166,15.3162,15.3162,15.3165,15.3159,15.3157,15.3154,15.3132,15.3135,15.3147,15.3144,15.3148,15.3151,15.3148,15.315,15.316,15.3155,15.3155,15.3161,15.3151,15.3148,15.3152,15.3157,15.3167,15.3171,15.3164,15.3168,15.3164,15.3168,15.3151,15.3151,15.3147,15.3156,15.317,15.3181,15.318,15.318,15.3193,15.319,15.3185,15.3188,15.3192,15.3186,15.3188,
Fri Apr 17 2020 07:40:56 GMT-0400 (Eastern Daylight Time)
15.3184,15.3181,15.3181,15.3181,15.3194,15.3183,15.3183,15.3174,15.3166,15.3166,15.3162,15.3165,15.3166,15.3166,15.3166,15.3167,15.3164,15.316,15.3172,15.3167,15.3172,15.3174,15.3177,15.3167,15.3165,15.3166,15.316,15.3173,15.3176,15.3178,15.3181,15.3173,15.3169,15.3166,15.3166,15.3173,15.3168,15.3168,15.3166,15.317,15.3174,15.3174,15.3198,15.3191,15.3193,15.3193,15.319,15.3193,15.319,15.3184,15.3189,15.317,15.3176,15.3173,15.3177,15.3182,15.3169,15.3184,15.3184,15.3185,
Fri Apr 17 2020 07:41:56 GMT-0400 (Eastern Daylight Time)
15.3186,15.3173,15.3173,15.3178,15.3178,15.3174,15.317,15.3177,15.318,15.318,15.3184,15.3171,15.3171,15.3168,15.3168,15.3168,15.3182,15.3179,15.3174,15.3167,15.3163,15.3163,15.3163,15.316,15.316,15.3163,15.3158,15.3167,15.3167,15.3181,15.3188,15.3186,15.3182,15.3193,15.319,15.3187,15.3213,15.3213,15.3213,15.3209,15.3209,15.3207,15.3207,15.3212,15.3212,15.321,15.321,15.3214,15.3211,15.3209,15.3209,15.321,15.321,15.3205,15.3197,15.3194,15.3194,15.3196,15.3194,15.3197,
Fri Apr 17 2020 07:42:56 GMT-0400 (Eastern Daylight Time)
15.3193,15.3204,15.3204,15.3198,15.3198,15.3201,15.3201,15.3202,15.3202,15.3201,15.3201,15.3197,15.3193,15.3223,15.3218,15.3224,15.3231,15.3228,15.3231,15.3229,15.3231,15.3231,15.3231,15.3231,15.3233,15.3226,15.323,15.323,15.3224,15.322,15.3217,15.3202,15.3206,15.3203,15.3203,15.3203,15.3197,15.3191,15.3191,15.3199,15.3195,15.3197,15.3197,15.3199,15.3205,15.3205,15.3205,15.322,15.3217,15.3217,15.322,15.3222,15.3222,15.3225,15.3225,15.3228,15.3242,15.3243,15.3243,15.3246,
Fri Apr 17 2020 07:43:56 GMT-0400 (Eastern Daylight Time)
15.3241,15.325,15.3246,15.3246,15.3243,15.3243,15.3246,15.324,15.324,15.324,15.324,15.324,15.3236,15.3232,15.3232,15.3226,15.3226,15.3223,15.323,15.3226,15.3228,15.3232,15.3235,15.3239,15.3242,15.3247,15.3239,15.3237,15.3233,15.3237,15.3237,15.3233,15.323,15.3233,15.3237,15.3236,15.3236,15.3233,15.323,15.3213,15.321,15.3214,15.3214,15.3225,15.3215,15.3223,15.3237,15.3241,15.3249,15.3248,15.3248,15.3248,15.3248,15.3248,15.3252,15.3252,15.3252,15.3252,15.3253,15.3257,
Fri Apr 17 2020 07:44:56 GMT-0400 (Eastern Daylight Time)
15.3257,15.3257,15.3257,15.3251,15.3251,15.3252,15.3252,15.3252,15.3252,15.3252,15.3252,15.3252,15.3249,15.3249,15.3251,15.3251,15.3251,15.3251,15.3251,15.3251,15.3251,15.3245,15.3245,15.3245,15.3247,15.3247,15.3247,15.3247,15.3247,15.3251,15.3251,15.3251,15.3257,15.3257,15.3249,15.3249,15.3249,15.3253,15.3244,15.3244,15.3247,15.323,15.3224,15.3227,15.3227,15.3227,15.3227,15.3218,15.3216,15.3205,15.3205,15.3197,15.3201,15.3201,15.3201,15.3198,15.3195,15.3198,15.3182,15.3182,
Fri Apr 17 2020 07:45:56 GMT-0400 (Eastern Daylight Time)
15.319,15.3192,15.3198,15.3198,15.3208,15.3208,15.3211,15.3211,15.3208,15.3204,15.3201,15.3202,15.32,15.321,15.3207,15.3203,15.3198,15.3201,15.3192,15.3195,15.32,15.3195,15.3195,15.3204,15.3205,15.3209,15.3206,15.3211,15.3222,15.3219,15.3217,15.3217,15.322,15.3225,15.3225,15.3222,15.3225,15.3225,15.3225,15.3225,15.3235,15.324,15.3233,15.3226,15.3226,15.3233,15.3214,15.3246,15.3245,15.3245,15.3241,15.3243,15.3255,15.3259,15.3252,15.3272,15.3275,15.3283,15.3285,15.3288,
Fri Apr 17 2020 07:46:56 GMT-0400 (Eastern Daylight Time)
15.3285,15.3288,15.328,15.328,15.3284,15.3289,15.3289,15.329,15.3295,15.3295,15.3302,15.3302,15.3299,15.3302,15.3302,15.3312,15.3315,15.3315,15.3315,15.3311,15.3314,15.3314,15.3306,15.3306,15.3309,15.3312,15.3319,15.3313,15.3307,15.3314,15.331,15.3312,15.3312,15.3312,15.3317,15.3313,15.3319,15.3319,15.3322,15.3335,15.3332,15.3336,15.3336,15.3351,15.3351,15.3351,15.335,15.3355,15.3359,15.3355,15.3358,15.3352,15.3355,15.3363,15.336,15.3363,15.3363,15.336,15.336,15.3351,
Fri Apr 17 2020 07:47:56 GMT-0400 (Eastern Daylight Time)
15.3353,15.3379,15.3381,15.3386,15.3386,15.3389,15.3387,15.3381,15.3367,15.3363,15.336,15.3371,15.3369,15.338,15.3367,15.3367,15.3364,15.3362,15.3366,15.3372,15.3372,15.3372,15.3365,15.3368,15.3364,15.3364,15.3367,15.3364,15.3363,15.3377,15.3375,15.3394,15.3401,15.3379,15.3362,15.3362,15.3362,15.3365,15.3365,15.3367,15.337,15.337,15.3348,15.3348,15.3343,15.3341,15.3347,15.3348,15.3331,15.3334,15.3331,15.3341,15.3346,15.3346,15.3346,15.3349,15.3352,15.3344,15.3346,15.3346,
Fri Apr 17 2020 07:48:56 GMT-0400 (Eastern Daylight Time)
15.3348,15.3353,15.3359,15.3348,15.3348,15.3347,15.3347,15.3347,15.3347,15.3347,15.3353,15.3348,15.3355,15.3359,15.3359,15.3359,15.3356,15.3356,15.3361,15.3359,15.3354,15.3361,15.3363,15.3363,15.3366,15.3362,15.3357,15.3359,15.3363,15.3366,15.3361,15.3366,15.3364,15.3357,15.3356,15.3356,15.3357,15.3353,15.3353,15.3353,15.3359,15.3359,15.3359,15.3359,15.3354,15.3361,15.3364,15.3362,15.3355,15.3351,15.3345,15.334,15.3323,15.3323,15.3321,15.3321,15.3329,15.3336,15.3334,15.3331,
Fri Apr 17 2020 07:49:55 GMT-0400 (Eastern Daylight Time)
15.3335,15.3335,15.3326,15.3335,15.333,15.333,15.3335,15.3335,15.3339,15.3339,15.3339,15.3338,15.3338,15.3336,15.3336,15.3339,15.3352,15.3346,15.3344,15.3335,15.3333,15.3336,15.3327,15.3327,15.334,15.334,15.3337,15.3337,15.3334,15.3334,15.3329,15.3329,15.3313,15.3313,15.3313,15.3318,15.3322,15.3319,15.3322,15.3319,15.3319,15.3319,15.3319,15.3313,15.3313,15.3312,15.3303,15.3306,15.3309,15.3314,15.3311,15.3339,15.3339,15.3341,15.3342,15.3347,15.335,15.3352,15.3345,15.3345,
Fri Apr 17 2020 07:50:56 GMT-0400 (Eastern Daylight Time)
15.3343,15.3327,15.3327,15.3327,15.3329,15.3329,15.3332,15.3338,15.3336,15.3345,15.3345,15.3345,15.335,15.335,15.3341,15.3344,15.3347,15.335,15.3355,15.3354,15.3357,15.3356,15.3358,15.3375,15.3384,15.3391,15.3386,15.3381,15.3388,15.3388,15.3392,15.3395,15.3395,15.3395,15.3397,15.3393,15.3399,15.3396,15.3397,15.3397,15.3402,15.3399,15.3391,15.3393,15.3389,15.3395,15.3397,15.3394,15.3385,15.3384,15.3384,15.3388,15.3386,15.3389,15.3392,15.3395,15.3393,15.3393,15.3393,15.3388,
Fri Apr 17 2020 07:51:56 GMT-0400 (Eastern Daylight Time)
15.3392,15.3394,15.3398,15.3398,15.3413,15.3413,15.3417,15.3417,15.3449,15.3441,15.3446,15.3422,15.3425,15.3425,15.3441,15.3437,15.3429,15.3433,15.3438,15.3443,15.3446,15.3454,15.3447,15.3446,15.3446,15.3444,15.3448,15.3451,15.3445,15.3442,15.3447,15.3447,15.3455,15.3457,15.3462,15.3441,15.3441,15.3441,15.3436,15.3439,15.3439,15.3439,15.3435,15.3435,15.342,15.3408,15.3421,15.3428,15.3426,15.3422,15.342,15.3422,15.3415,15.3415,15.3415,15.3418,15.3418,15.3418,15.3412,15.3416,
Fri Apr 17 2020 07:52:56 GMT-0400 (Eastern Daylight Time)
15.3426,15.3432,15.3432,15.3441,15.3435,15.3422,15.3422,15.3425,15.3422,15.3425,15.3422,15.3422,15.3419,15.3416,15.3424,15.3428,15.3428,15.3425,15.3422,15.3411,15.3418,15.3424,15.3418,15.3418,15.341,15.341,15.3398,15.3396,15.3396,15.3394,15.3393,15.3403,15.3403,15.34,15.3398,15.3396,15.3395,15.3392,15.3386,15.3394,15.3385,15.3379,15.3377,15.3383,15.3397,15.34,15.34,15.3376,15.3386,15.3383,15.338,15.3383,15.3373,15.3373,15.3373,15.3366,15.3366,15.3366,15.3381,15.3377,
Fri Apr 17 2020 07:53:56 GMT-0400 (Eastern Daylight Time)
15.3379,15.3384,15.3384,15.3384,15.3383,15.3386,15.3388,15.3388,15.3382,15.3358,15.3358,15.3355,15.3367,15.337,15.3373,15.3356,15.3353,15.3357,15.3357,15.336,15.3363,15.3368,15.3368,15.3368,15.337,15.3368,15.3365,15.3369,15.3361,15.3361,15.3364,15.3367,15.3375,15.3374,15.3387,15.339,15.3398,15.337,15.3381,15.3381,15.3385,15.3381,15.3381,15.3378,15.3375,15.3377,15.3381,15.3381,15.3372,15.3381,15.3375,15.3369,15.3371,15.3362,15.3358,15.3348,15.3348,15.3329,15.3326,15.3324,
Fri Apr 17 2020 07:54:56 GMT-0400 (Eastern Daylight Time)
15.3324,15.3324,15.3324,15.3324,15.3324,15.3324,15.33,15.3302,15.3296,15.3302,15.3327,15.3324,15.3316,15.3327,15.3325,15.3325,15.3321,15.3316,15.3319,15.3312,15.3325,15.3323,15.3317,15.3317,15.3317,15.3313,15.331,15.331,15.3329,15.3332,15.3332,15.3329,15.3331,15.3331,15.3336,15.3333,15.3326,15.3335,15.3338,15.3326,15.333,15.3313,15.3335,15.3339,15.3339,15.3311,15.3315,15.3331,15.3334,15.3343,15.3343,15.3341,15.3332,15.332,15.3314,15.3317,15.3313,15.3318,15.3308,15.3305,
Fri Apr 17 2020 07:55:56 GMT-0400 (Eastern Daylight Time)
15.3305,15.3302,15.33,15.33,15.3304,15.3304,15.3314,15.332,15.3325,15.3325,15.3321,15.3321,15.3319,15.3322,15.332,15.3312,15.3316,15.3329,15.3323,15.3322,15.3318,15.331,15.3308,15.3303,15.3303,15.3294,15.3294,15.3304,15.33,15.3304,15.3306,15.3279,15.3279,15.3265,15.3261,15.3261,15.3266,15.3271,15.3267,15.327,15.3262,15.3266,15.3268,15.3272,15.3272,15.3274,15.3264,15.3265,15.3265,15.3263,15.3263,15.3263,15.3263,15.3262,15.3266,15.3274,15.3277,15.3276,15.3276,15.3274,
Fri Apr 17 2020 07:56:56 GMT-0400 (Eastern Daylight Time)
15.3277,15.3282,15.3282,15.3279,15.3279,15.3277,15.3277,15.3277,15.3277,15.3276,15.3276,15.328,15.328,15.3277,15.3257,15.3257,15.3261,15.3251,15.3249,15.3247,15.3247,15.3251,15.3254,15.3254,15.3254,15.3254,15.3265,15.327,15.3275,15.3264,15.3264,15.3261,15.3261,15.3266,15.326,15.326,15.326,15.3281,15.3281,15.3284,15.3285,15.327,15.327,15.3288,15.3275,15.3279,15.3279,15.3271,15.3271,15.3279,15.3279,15.3276,15.3279,15.3285,15.3289,15.3294,15.3291,15.3289,15.3298,15.33,
Fri Apr 17 2020 07:57:56 GMT-0400 (Eastern Daylight Time)
15.33,15.33,15.3313,15.3315,15.3315,15.3315,15.3307,15.3303,15.3303,15.3324,15.3327,15.3323,15.3326,15.3324,15.3325,15.3322,15.333,15.3323,15.3333,15.3335,15.3338,15.3351,15.3354,15.3347,15.3336,15.3335,15.3335,15.3332,15.3329,15.3329,15.3328,15.3336,15.3339,15.3346,15.335,15.335,15.3357,15.336,15.3368,15.3365,15.3365,15.338,15.3385,15.3375,15.3375,15.3373,15.3366,15.3366,15.3366,15.3383,15.3377,15.3382,15.3386,15.3385,15.3385,15.3388,15.3391,15.3388,15.3387,15.3404,
Fri Apr 17 2020 07:58:56 GMT-0400 (Eastern Daylight Time)
15.3412,15.3408,15.3408,15.3408,15.3395,15.3395,15.3395,15.3426,15.3423,15.3427,15.3427,15.3427,15.3427,15.3415,15.3415,15.3412,15.341,15.3423,15.3423,15.3423,15.343,15.3428,15.3427,15.3427,15.3427,15.343,15.3426,15.3425,15.3425,15.3415,15.3421,15.3421,15.3414,15.3415,15.3411,15.3416,15.3411,15.341,15.3413,15.3409,15.3415,15.3415,15.3422,15.3419,15.3416,15.3419,15.3402,15.3394,15.3398,15.3409,15.3402,15.3405,15.3403,15.3405,15.3409,15.3406,15.3406,15.3395,15.3391,15.3388,
